3 0.7212656249999999 0.09538888888888888 0.027953125000000002 0.02312962962962963
3 0.7213177083333334 0.10929629629629631 0.023744791666666668 0.02174074074074074
3 0.717015625 0.1163425925925926 0.02159895833333333 0.02677777777777778
3 0.7056197916666667 0.11886111111111111 0.022088541666666666 0.040518518518518516
3 0.7005104166666667 0.12110185185185185 0.015973958333333333 0.034888888888888886
0 0.6694375 0.13160185185185186 0.053682291666666666 0.08367592592592593
0 0.752921875 0.13405555555555557 0.033229166666666664 0.07589814814814815
5 0.6942083333333334 0.1514259259259259 0.022046875 0.0901111111111111
3 0.6346614583333333 0.1642962962962963 0.030239583333333334 0.04538888888888889
3 0.621421875 0.18110185185185185 0.03195833333333333 0.04880555555555555
3 0.7430677083333334 0.1852222222222222 0.04303125 0.04020370370370371
3 0.60440625 0.18900925925925927 0.025 0.06230555555555556
3 0.5887656250000001 0.19766666666666666 0.034479166666666665 0.05589814814814815
3 0.49628125 0.20601851851851852 0.03394791666666667 0.07175925925925926
3 0.5732135416666666 0.2060462962962963 0.036536458333333334 0.05843518518518519
3 0.6848958333333334 0.20779629629629628 0.039885416666666666 0.029453703703703704
5 0.6548645833333333 0.2118888888888889 0.020338541666666664 0.10941666666666666
3 0.5615 0.22512962962962962 0.04511458333333333 0.050527777777777776
3 0.6907604166666667 0.23552777777777778 0.04773958333333333 0.053537037037037036
3 0.5422552083333334 0.2423425925925926 0.03979166666666667 0.06162037037037037
5 0.409828125 0.25060185185185185 0.014661458333333332 0.05327777777777778
1 0.7315729166666666 0.2521574074074074 0.10079166666666667 0.0632037037037037
3 0.5268645833333333 0.2532962962962963 0.04178125 0.056712962962962965
3 0.5150833333333333 0.26060185185185186 0.04309375 0.07242592592592592
3 0.4243854166666667 0.2774814814814815 0.024635416666666667 0.03326851851851852
3 0.49214583333333334 0.2789259259259259 0.042994791666666664 0.059305555555555556
3 0.4738125 0.2858703703703704 0.04213541666666667 0.0693425925925926
3 0.4127239583333333 0.28977777777777775 0.03494791666666666 0.05689814814814815
3 0.46394270833333334 0.3026944444444445 0.047890625 0.05862962962962963
1 0.698546875 0.3078148148148148 0.17628645833333334 0.10990740740740741
3 0.43286979166666667 0.32299074074074074 0.041609375 0.06162037037037037
2 0.33666145833333333 0.32781481481481484 0.1274010416666667 0.20950925925925926
5 0.5465625000000001 0.33101851851851855 0.0296875 0.08796296296296297
3 0.55584375 0.3767407407407407 0.06195833333333333 0.1261574074074074
5 0.2653697916666667 0.41782407407407407 0.03240625 0.14583333333333334
5 0.23279687500000001 0.4190185185185185 0.021265625 0.05960185185185186
1 0.6679322916666667 0.4346481481481482 0.2289635416666667 0.21196296296296296
5 0.20232812500000003 0.45785185185185184 0.022291666666666664 0.07586111111111112
5 0.18581770833333333 0.47229629629629627 0.022807291666666667 0.0885
3 0.226921875 0.47229629629629627 0.02271875 0.09030555555555556
5 0.24447916666666666 0.48268518518518516 0.03446354166666667 0.08578703703703704
3 0.206609375 0.4835925925925926 0.023744791666666668 0.09843518518518518
5 0.137828125 0.5052592592592592 0.01825520833333333 0.06953703703703704
3 0.16597916666666668 0.5341574074074074 0.030869791666666667 0.06412037037037037
5 0.11878125 0.535962962962963 0.017755208333333335 0.06412037037037037
5 0.18175520833333333 0.5427407407407407 0.036015625 0.1499074074074074
5 0.7743802083333333 0.5439814814814815 0.02959375 0.2222222222222222
3 0.14134375 0.5544814814814815 0.042562499999999996 0.07947222222222222
3 0.25343750000000004 0.5552962962962963 0.07124479166666667 0.14394444444444446
3 0.11874479166666667 0.5698333333333333 0.045109375 0.07224074074074073
3 0.09436979166666666 0.5793148148148148 0.028869791666666665 0.06412037037037037
5 0.7515885416666667 0.058805555555555555 0.011213541666666667 0.02816666666666667
5 0.056796875 0.5928611111111111 0.0228125 0.09121296296296297
3 0.07557812500000001 0.6014351851851851 0.02278125 0.06682407407407408
5 0.03724479166666667 0.6113703703703703 0.022312500000000002 0.09030555555555556
3 0.108140625 0.6390092592592592 0.08349479166666667 0.14983333333333332
3 0.053614583333333334 0.664037037037037 0.023302083333333334 0.09572222222222222
3 0.01590625 0.668712962962963 0.025348958333333334 0.11287962962962962
3 0.731359375 0.07739814814814815 0.02168229166666667 0.012148148148148148
3 0.7405208333333333 0.7696759259259259 0.1571875 0.2199074074074074
3 0.7279427083333334 0.08569444444444445 0.024015625 0.01614814814814815
5 0.4560833333333333 0.9085648148148148 0.077890625 0.18287037037037038