5 0.6445260416666667 0.25146296296296294 0.002677083333333333 0.019490740740740743
5 0.6494635416666666 0.2541388888888889 0.004317708333333333 0.01998148148148148
5 0.6685104166666667 0.26632407407407405 0.005682291666666667 0.025824074074074076
5 0.6716614583333332 0.28825925925925927 0.004854166666666667 0.03460185185185185
2 0.5568697916666667 0.32437962962962963 0.06467708333333334 0.04348148148148148
5 0.6370104166666667 0.32510185185185186 0.0131875 0.03909259259259259
1 0.6989166666666667 0.3425925925925926 0.04672395833333333 0.08641666666666667
0 0.7287135416666667 0.36265740740740743 0.033401041666666666 0.09774074074074074
5 0.5886979166666666 0.37757407407407406 0.016104166666666666 0.08641666666666667
5 0.6373020833333333 0.3816851851851852 0.01608333333333333 0.10287962962962963
5 0.6659427083333332 0.38323148148148145 0.020119791666666668 0.11008333333333334
3 0.5874166666666666 0.38580555555555557 0.05106770833333333 0.05761111111111111
3 0.7601041666666667 0.44431481481481483 0.047046875 0.04911111111111111
3 0.7672708333333333 0.45185185185185184 0.053739583333333334 0.024694444444444446
3 0.5765677083333334 0.4579166666666667 0.042 0.04713888888888888
3 0.777859375 0.46574074074074073 0.05755729166666667 0.02900925925925926
3 0.5543177083333333 0.48526851851851854 0.06851562500000001 0.024407407407407405
3 0.7789895833333333 0.48771296296296296 0.06704687499999999 0.02884259259259259
3 0.5481614583333333 0.49537037037037035 0.07704166666666666 0.03956481481481481
3 0.797625 0.5064074074074074 0.06545833333333334 0.031342592592592596
3 0.8341875000000001 0.5238611111111111 0.05684895833333334 0.03917592592592593
3 0.5450833333333333 0.5260925925925926 0.077515625 0.05892592592592592
3 0.8561145833333333 0.535787037037037 0.058640625 0.045231481481481484
3 0.7749947916666666 0.5513611111111112 0.04944791666666667 0.0870462962962963
3 0.8627239583333334 0.5562685185185186 0.06625 0.040601851851851854
5 0.13715104166666667 0.568787037037037 0.04766145833333334 0.1111111111111111
3 0.8705364583333334 0.5697962962962962 0.07065104166666666 0.034185185185185187
3 0.7956249999999999 0.5714074074074074 0.057046875000000004 0.07442592592592592
3 0.5372708333333333 0.5715462962962963 0.08272916666666667 0.08922222222222222
3 0.47596875 0.5871203703703703 0.09364062499999999 0.07491666666666666
5 0.10515625 0.5906111111111111 0.025249999999999998 0.11508333333333334
3 0.8756406250000001 0.5970462962962962 0.06283854166666666 0.03738888888888889
3 0.4496927083333333 0.613638888888889 0.11305729166666666 0.07407407407407407
3 0.9210104166666666 0.6269629629629629 0.057828125 0.04878703703703703
3 0.8088489583333334 0.6393981481481481 0.08229687499999999 0.10785185185185185
3 0.43738541666666664 0.6557222222222222 0.10548958333333333 0.09090740740740741
3 0.8494062499999999 0.664888888888889 0.08889583333333334 0.08902777777777779
3 0.019114583333333334 0.6655092592592593 0.03822916666666667 0.14583333333333334
3 0.8625260416666667 0.6809074074074074 0.08708854166666667 0.05127777777777778
3 0.96028125 0.6830462962962963 0.06505208333333333 0.09187962962962963
3 0.42057812499999997 0.6919166666666666 0.11448958333333333 0.12458333333333334
3 0.3597447916666667 0.7142222222222222 0.130140625 0.12710185185185185
3 0.8718385416666667 0.7218703703703704 0.09810416666666667 0.06624074074074075
3 0.9711875 0.7409166666666667 0.05761979166666666 0.0908148148148148
3 0.9809166666666667 0.7532037037037037 0.031796874999999995 0.05412962962962963
3 0.871234375 0.8044074074074073 0.12373958333333333 0.1444351851851852
3 0.9808125000000001 0.81375 0.036807291666666665 0.08475925925925927
3 0.8990364583333333 0.90025 0.13106770833333334 0.11532407407407406