3 0.736046875 0.11085185185185185 0.013645833333333333 0.0519537037037037
3 0.71984375 0.11342592592592593 0.025130208333333334 0.047842592592592596
3 0.716953125 0.11497222222222223 0.01934375 0.05092592592592592
3 0.7076927083333333 0.125 0.020505208333333334 0.03395370370370371
3 0.7016197916666667 0.13297222222222224 0.011250000000000001 0.03755555555555556
0 0.6715312499999999 0.13812037037037037 0.055421874999999995 0.09259259259259259
0 0.7546666666666667 0.14312962962962963 0.03592708333333334 0.08719444444444445
3 0.6367916666666668 0.16336111111111112 0.032984374999999996 0.05290740740740741
3 0.706 0.17096296296296296 0.012177083333333333 0.03637962962962963
3 0.62228125 0.17426851851851852 0.0315 0.04827777777777778
3 0.742515625 0.18171296296296297 0.04201041666666667 0.03780555555555555
3 0.6033124999999999 0.18419444444444444 0.026302083333333334 0.05489814814814815
3 0.5835989583333333 0.19940740740740742 0.0411875 0.061509259259259264
5 0.7069322916666666 0.21064814814814814 0.017718750000000002 0.05555555555555555
3 0.5718802083333333 0.21163888888888888 0.040817708333333334 0.0661388888888889
3 0.5590520833333333 0.2222222222222222 0.04714583333333333 0.05555555555555555
3 0.5382187500000001 0.23842592592592593 0.043437500000000004 0.07473148148148148
3 0.5077239583333334 0.2427222222222222 0.028567708333333334 0.04894444444444444
3 0.5263177083333334 0.24900925925925926 0.04492708333333333 0.06415740740740741
1 0.7344791666666667 0.2503888888888889 0.11274479166666666 0.07021296296296296
1 0.6350729166666667 0.2646574074074074 0.122265625 0.14814814814814814
3 0.4855885416666667 0.26885185185185184 0.03638541666666666 0.06944444444444445
3 0.41156770833333334 0.28175 0.044598958333333334 0.07142592592592592
3 0.4731302083333333 0.2837314814814815 0.04569270833333334 0.07407407407407407
5 0.2593697916666667 0.2904074074074074 0.016640625 0.037037037037037035
3 0.464203125 0.2956388888888889 0.048671875 0.08333333333333333
2 0.706046875 0.30516666666666664 0.19564062499999998 0.11034259259259259
5 0.5329791666666667 0.3130833333333333 0.023546875000000002 0.12461111111111112
3 0.43165624999999996 0.3144814814814815 0.04756770833333333 0.08399074074074074
5 0.2805625 0.3256203703703704 0.025161458333333334 0.09490740740740741
5 0.516625 0.3452962962962963 0.025942708333333335 0.14351851851851852
1 0.20610416666666667 0.35648148148148145 0.036875 0.0900648148148148
1 0.6679479166666666 0.41975 0.23395833333333332 0.2222222222222222
5 0.20886979166666667 0.4340277777777778 0.025067708333333334 0.07947222222222222
3 0.24163541666666666 0.4702962962962963 0.037640625 0.07484259259259259
5 0.39121354166666666 0.4793611111111111 0.045510416666666664 0.17785185185185187
3 0.1763229166666667 0.5096481481481481 0.03115625 0.05324074074074074
3 0.23079166666666667 0.5243611111111111 0.09178645833333333 0.13075925925925927
3 0.16135416666666666 0.5316388888888889 0.04288020833333333 0.08025
5 0.12989062499999998 0.5636296296296297 0.04190625 0.14422222222222222
3 0.15376041666666668 0.5752314814814815 0.036375000000000005 0.06867592592592593
3 0.091921875 0.581787037037037 0.03596354166666667 0.052472222222222226
5 0.06436458333333334 0.6211388888888889 0.04421875 0.14969444444444444
3 0.10761979166666666 0.6418333333333333 0.08899479166666667 0.1478611111111111
5 0.03466145833333333 0.6507499999999999 0.043515624999999995 0.1574074074074074
3 0.020973958333333334 0.7040925925925926 0.03815625 0.09490740740740741
1 0.6497135416666667 0.7700648148148148 0.3606770833333333 0.4104907407407407
3 0.7340208333333333 0.0787037037037037 0.016442708333333333 0.015435185185185187