5 0.17360416666666667 0.19942592592592592 0.009645833333333333 0.02421296296296296
5 0.15638020833333333 0.2140277777777778 0.008838541666666666 0.04487037037037037
5 0.14076041666666667 0.21652777777777776 0.008833333333333334 0.037037037037037035
5 0.25300520833333334 0.27314814814814814 0.01836979166666667 0.1111111111111111
4 0.32293229166666665 0.27811111111111114 0.11736458333333334 0.23287037037037037
3 0.23768229166666668 0.30787037037037035 0.03661458333333333 0.06283333333333334
5 0.4414270833333333 0.3196296296296296 0.03734895833333333 0.10612037037037036
3 0.5651510416666666 0.3222592592592593 0.04913541666666667 0.09623148148148149
3 0.5827291666666666 0.3287037037037037 0.041765625 0.10493518518518519
5 0.6141302083333334 0.3320092592592592 0.026364583333333334 0.1499074074074074
3 0.6404427083333334 0.3418240740740741 0.03918229166666667 0.10648148148148148
3 0.6612760416666668 0.34876851851851853 0.0548125 0.10185185185185185
3 0.6781979166666667 0.36265740740740743 0.06263020833333334 0.10802777777777778
5 0.49740625 0.3685833333333333 0.03358333333333333 0.19525925925925924
3 0.6946875 0.3765462962962963 0.059166666666666666 0.1111111111111111
5 0.458046875 0.3773148148148148 0.035369791666666664 0.18981481481481483
3 0.7254947916666666 0.3827129629629629 0.05136458333333334 0.11419444444444445
3 0.7532708333333333 0.3919722222222222 0.060057291666666665 0.11728703703703704
3 0.7736666666666667 0.40046296296296297 0.05572395833333333 0.13117592592592592
3 0.8088177083333333 0.41898148148148145 0.060078124999999996 0.12191666666666666
3 0.8574166666666667 0.44212962962962965 0.06356770833333333 0.12191666666666666
3 0.8951718750000001 0.44984259259259257 0.06271354166666666 0.13117592592592592
3 0.9034114583333334 0.4578333333333333 0.04218229166666666 0.14054629629629628
3 0.9268489583333334 0.4668240740740741 0.0445 0.14969444444444444
3 0.9511510416666666 0.48456481481481484 0.042770833333333334 0.1574074074074074
3 0.9813697916666667 0.4961388888888889 0.03726041666666667 0.1527777777777778
3 0.9914739583333334 0.5277777777777778 0.017046875 0.11419444444444445
1 0.8446354166666666 0.7002314814814815 0.31072916666666667 0.43287037037037035
5 0.7076718750000001 0.7530833333333333 0.10851562499999999 0.41975