4 0.7265078125 0.151625 0.022328124999999997 0.045222222222222226
5 0.7151562499999999 0.1693611111111111 0.0042890625 0.020430555555555556
5 0.721625 0.17155555555555554 0.0044843750000000005 0.021194444444444443
5 0.7264140625 0.17222222222222222 0.00584375 0.02336111111111111
5 0.750375 0.17704166666666665 0.0063515625000000004 0.025236111111111112
5 0.756328125 0.17745833333333333 0.0050625 0.024402777777777777
1 0.783 0.19791666666666666 0.0423671875 0.0375
5 0.6837578125 0.19977777777777778 0.0128359375 0.03829166666666667
5 0.6992421875 0.20841666666666667 0.012632812500000002 0.051333333333333335
5 0.7122109375 0.20965277777777777 0.010320312500000001 0.05095833333333333
3 0.6820546875 0.21261111111111114 0.012671874999999999 0.030416666666666665
5 0.4569375 0.3693611111111111 0.031507812499999996 0.1607222222222222
5 0.623640625 0.3854166666666667 0.0376484375 0.1555138888888889
5 0.015125 0.39408333333333334 0.0218671875 0.13576388888888888
5 0.481890625 0.530513888888889 0.055953125000000006 0.13869444444444445
5 0.5313359375 0.5567361111111111 0.045171875 0.08622222222222221
5 0.45774218749999995 0.5719583333333333 0.051390625 0.16833333333333333