5 0.7204375 0.1806666666666667 0.009953125 0.01922222222222222
5 0.7401015625 0.1841388888888889 0.0109765625 0.019666666666666666
3 0.7205234375 0.1959027777777778 0.00571875 0.016083333333333335
3 0.740046875 0.19845833333333332 0.005296875 0.016819444444444442
1 0.7828125 0.19883333333333333 0.043226562499999996 0.036555555555555556
5 0.6779296875 0.23433333333333334 0.016921875 0.06759722222222223
5 0.645703125 0.2498055555555556 0.0190703125 0.08333333333333333
5 0.26478125 0.39259722222222226 0.027414062500000003 0.14259722222222224
5 0.292640625 0.3990694444444444 0.0404140625 0.15740277777777778
5 0.8383749999999999 0.5504583333333333 0.06415625 0.23055555555555557
5 0.048328125 0.5680555555555555 0.0431640625 0.1342638888888889
3 0.0541484375 0.6657361111111111 0.1071484375 0.17222222222222222
5 0.0366953125 0.8796250000000001 0.0733828125 0.2222222222222222