3 0.7179062500000001 0.11246296296296296 0.02849479166666667 0.04814814814814815
3 0.71146875 0.11668518518518518 0.028848958333333334 0.04599074074074074
3 0.7073333333333333 0.11775000000000001 0.0204375 0.05038888888888889
3 0.7006145833333334 0.12999074074074074 0.015864583333333335 0.0435
0 0.6702343749999999 0.13749074074074075 0.053265625 0.09192592592592592
0 0.7535364583333333 0.13902777777777778 0.034234375000000004 0.07372222222222223
3 0.6354114583333333 0.16646296296296295 0.0340625 0.05109259259259259
5 0.5724010416666666 0.17378703703703705 0.010765625000000001 0.055268518518518515
3 0.6215729166666667 0.17577777777777778 0.031968750000000004 0.04621296296296296
3 0.7114114583333334 0.18237962962962964 0.02453125 0.05784259259259259
3 0.7452604166666668 0.18378703703703705 0.04398958333333333 0.04246296296296296
5 0.598453125 0.19026851851851853 0.015942708333333333 0.07669444444444444
3 0.6123958333333334 0.1963611111111111 0.012338541666666668 0.039935185185185185
3 0.6986458333333334 0.20525 0.02086979166666667 0.021092592592592593
3 0.733890625 0.20649074074074072 0.01890625 0.01713888888888889
3 0.4943854166666667 0.20685185185185187 0.03469791666666667 0.0686851851851852
3 0.4939739583333333 0.20805555555555555 0.034546875 0.0717962962962963
3 0.7055364583333333 0.2119537037037037 0.03520833333333333 0.049601851851851855
3 0.7059947916666667 0.21208333333333335 0.039171874999999995 0.05505555555555556
3 0.5717447916666667 0.2124074074074074 0.042229166666666665 0.0625462962962963
3 0.5599947916666667 0.22369444444444445 0.04796354166666667 0.05360185185185185
5 0.49198437500000003 0.22987037037037036 0.013588541666666667 0.05067592592592592
3 0.5381927083333333 0.23798148148148146 0.04242708333333333 0.07214814814814816
1 0.7306718750000001 0.2495277777777778 0.09984895833333333 0.0695
3 0.528109375 0.24989814814814815 0.045510416666666664 0.06625925925925927
3 0.51409375 0.25758333333333333 0.04522916666666667 0.07664814814814815
1 0.6362604166666667 0.2687314814814815 0.12013541666666666 0.15714814814814815
3 0.4903385416666667 0.27162962962962967 0.045307291666666666 0.07523148148148148
3 0.42021354166666663 0.2746111111111111 0.036895833333333336 0.05667592592592593
3 0.41097395833333333 0.2821574074074074 0.04622916666666667 0.06968518518518518
3 0.472984375 0.2845648148148148 0.04589583333333334 0.07575
3 0.463015625 0.2940277777777778 0.050270833333333334 0.07680555555555556
1 0.696515625 0.30343518518518514 0.17181770833333332 0.1062037037037037
3 0.43153125 0.3177037037037037 0.046671875 0.07512037037037037
5 0.2914010416666667 0.3864259259259259 0.028510416666666667 0.08083333333333333
1 0.67040625 0.4287592592592593 0.229078125 0.22778703703703704
3 0.219921875 0.4330555555555555 0.017703125 0.04655555555555556
3 0.20698437500000003 0.44722222222222224 0.022072916666666668 0.06113888888888889
3 0.18964583333333335 0.45866666666666667 0.009229166666666667 0.03025925925925926
3 0.170078125 0.48133333333333334 0.017151041666666665 0.05407407407407407
3 0.15225520833333334 0.49955555555555553 0.0244375 0.06535185185185186
5 0.12027604166666667 0.5418888888888889 0.030052083333333333 0.0902037037037037
3 0.115984375 0.56225 0.04444791666666667 0.0855462962962963
3 0.09439062499999999 0.5739907407407407 0.029432291666666666 0.08018518518518518
3 0.079359375 0.6048703703703704 0.031989583333333335 0.0732037037037037
5 0.06027604166666667 0.6254537037037037 0.03295833333333333 0.1497037037037037
3 0.10760937500000001 0.6378611111111111 0.06692708333333333 0.15521296296296297
2 0.3460729166666667 0.639037037037037 0.19446354166666666 0.31989814814814815
5 0.04151041666666667 0.6393703703703704 0.02690625 0.1457962962962963
3 0.020734375000000003 0.6711203703703703 0.03409895833333333 0.1250648148148148
3 0.009302083333333332 0.7043703703703704 0.018604166666666665 0.08236111111111111
1 0.6559427083333333 0.7745740740740741 0.36671875000000004 0.3942777777777778