3 0.74453125 0.9506944444444444 0.10246875000000001 0.09860185185185184
5 0.56065625 0.25687037037037036 0.007526041666666666 0.03693518518518519
5 0.6547708333333334 0.2751574074074074 0.005901041666666666 0.015435185185185187
5 0.6599583333333333 0.28926851851851854 0.00565625 0.0404537037037037
1 0.6779375000000001 0.2896111111111111 0.021927083333333333 0.03226851851851852
3 0.6551666666666667 0.2912314814814815 0.0024270833333333336 0.012768518518518518
5 0.6760572916666666 0.2955925925925926 0.005645833333333333 0.043083333333333335
5 0.6251718749999999 0.2964907407407407 0.008119791666666666 0.03339814814814815
5 0.6341666666666667 0.300287037037037 0.008286458333333333 0.04299074074074074
1 0.5562708333333333 0.3082592592592593 0.038953125000000005 0.02549074074074074
1 0.6038593750000001 0.31312962962962965 0.02253125 0.026425925925925926
1 0.551578125 0.315212962962963 0.060333333333333336 0.025962962962962962
1 0.5373072916666667 0.32564814814814813 0.0323125 0.031518518518518515
1 0.6090104166666667 0.3306296296296296 0.033088541666666665 0.039629629629629626
5 0.6203489583333333 0.3343333333333333 0.007536458333333333 0.04334259259259259
5 0.6249114583333333 0.3367685185185185 0.008838541666666666 0.04588888888888889
5 0.6993541666666666 0.3418333333333333 0.008109375 0.027018518518518518
3 0.6766666666666666 0.3518981481481482 0.011734375 0.02799074074074074
5 0.7837135416666666 0.3541666666666667 0.011942708333333333 0.061518518518518514
3 0.7451770833333333 0.35462037037037036 0.010927083333333334 0.022842592592592595
5 0.6444635416666666 0.35612037037037036 0.011697916666666667 0.07347222222222222
3 0.6052968750000001 0.35797222222222225 0.012885416666666667 0.01599074074074074
5 0.6318229166666666 0.35797222222222225 0.015354166666666667 0.07300925925925926
5 0.6868229166666667 0.3597962962962963 0.011151041666666667 0.06061111111111111
0 0.5758958333333334 0.3658611111111111 0.04560416666666667 0.07718518518518519
3 0.6103802083333334 0.3721111111111111 0.018619791666666666 0.013212962962962963
5 0.5801354166666666 0.3845185185185185 0.018135416666666668 0.048212962962962964
5 0.655421875 0.3856574074074074 0.022859375 0.10369444444444444
5 0.7176927083333333 0.3875092592592593 0.011109375 0.021620370370370373
3 0.6850625 0.38828703703703704 0.012364583333333333 0.036194444444444446
5 0.6931614583333333 0.3910277777777778 0.013630208333333334 0.09263888888888888
3 0.5663177083333333 0.39401851851851855 0.009765625 0.030129629629629628
3 0.559015625 0.40074074074074073 0.014979166666666667 0.023175925925925926
5 0.7036510416666667 0.40730555555555553 0.0077239583333333335 0.08800925925925926
0 0.7232916666666667 0.4119814814814815 0.04590625 0.14475925925925925
5 0.58359375 0.41709259259259257 0.015380208333333334 0.06597222222222222
3 0.7735416666666667 0.43778703703703703 0.012437499999999999 0.02051851851851852
5 0.7522968750000001 0.4433888888888889 0.015223958333333334 0.06882407407407408
3 0.8016979166666667 0.4449444444444445 0.017343749999999998 0.017416666666666667
3 0.76278125 0.44712037037037033 0.055239583333333335 0.07151851851851851
5 0.7861197916666666 0.4535925925925926 0.014359375 0.06181481481481482
5 0.562828125 0.45622222222222225 0.03484895833333333 0.08564814814814815
5 0.6119427083333334 0.4582222222222222 0.021744791666666666 0.1437037037037037
5 0.6015833333333334 0.4652222222222222 0.02499479166666667 0.13425925925925927
5 0.6273072916666667 0.46709259259259256 0.025260416666666667 0.1423611111111111
3 0.8013437499999999 0.4698148148148148 0.019026041666666667 0.02798148148148148
3 0.5532708333333333 0.47025 0.07246354166666666 0.05664814814814815
3 0.8051875000000001 0.4807037037037037 0.030567708333333332 0.031092592592592592
3 0.5490156249999999 0.4853888888888889 0.0749375 0.04883333333333333
5 0.7648854166666667 0.4951574074074074 0.016421875 0.10353703703703702
3 0.5472291666666667 0.503212962962963 0.08125 0.03857407407407407
3 0.8162916666666666 0.5033981481481481 0.03528645833333333 0.035444444444444445
3 0.8355364583333333 0.51925 0.06467708333333334 0.029231481481481483
5 0.7433229166666667 0.519888888888889 0.036895833333333336 0.13310185185185186
3 0.505078125 0.5249351851851851 0.032109375 0.05371296296296296
3 0.8484895833333332 0.5257870370370371 0.070328125 0.05659259259259259
3 0.8587083333333333 0.5442870370370371 0.060296875 0.04881481481481481
3 0.45330729166666667 0.5499074074074074 0.05555208333333333 0.060555555555555564
5 0.7789322916666667 0.5591111111111111 0.05414583333333333 0.13947222222222222
3 0.8158645833333333 0.5686944444444445 0.024286458333333334 0.06591666666666667
3 0.4248177083333333 0.569675925925926 0.04027083333333333 0.0729074074074074
3 0.8768020833333333 0.5721111111111111 0.08564583333333334 0.08208333333333334
3 0.4043177083333333 0.5842037037037038 0.011786458333333333 0.05251851851851852
3 0.8832760416666667 0.6018055555555556 0.061510416666666665 0.06312037037037037
3 0.393890625 0.6052037037037037 0.015265625 0.032749999999999994
3 0.8184583333333334 0.6202314814814816 0.07977604166666666 0.08964814814814814
3 0.38450520833333335 0.6336296296296297 0.031947916666666666 0.08341666666666667
3 0.8187552083333334 0.634 0.08001041666666667 0.10191666666666666
3 0.9274427083333333 0.6355462962962963 0.07499479166666667 0.10944444444444444
3 0.851171875 0.6465277777777778 0.09474479166666666 0.10430555555555555
3 0.017812500000000002 0.6712962962962963 0.035625000000000004 0.16203703703703703
3 0.9606250000000001 0.6736296296296296 0.07874479166666666 0.12343518518518519
3 0.8640156250000001 0.6784166666666667 0.109765625 0.10258333333333335
3 0.7517812500000001 0.6792592592592592 0.07913020833333334 0.17450000000000002
3 0.35028645833333333 0.6980462962962963 0.10409375000000001 0.1532962962962963
5 0.044708333333333336 0.7082962962962963 0.04472916666666667 0.2411574074074074
3 0.828609375 0.7396388888888888 0.11384895833333333 0.14732407407407408
3 0.968671875 0.7529166666666667 0.06265625 0.12530555555555556
2 0.5405989583333334 0.7581018518518519 0.33972916666666664 0.4837962962962963
3 0.8777916666666666 0.7777592592592593 0.134875 0.11691666666666667
3 0.9776406249999999 0.781074074074074 0.04471875 0.1198425925925926
3 0.9806041666666666 0.8125277777777777 0.038786458333333336 0.09980555555555556
3 0.8631927083333333 0.8509537037037037 0.14040624999999998 0.1828611111111111
3 0.7615677083333333 0.8598240740740741 0.06715625 0.27146296296296296