5 0.6476197916666667 0.26010185185185186 0.006072916666666667 0.02188888888888889
5 0.6639479166666666 0.2664166666666667 0.005588541666666667 0.01936111111111111
5 0.6686822916666666 0.27314814814814814 0.005588541666666667 0.02946296296296296
5 0.6999270833333333 0.2887222222222222 0.0036822916666666666 0.016833333333333332
5 0.672234375 0.29082407407407407 0.007953125 0.027777777777777776
5 0.68359375 0.29082407407407407 0.006057291666666667 0.024407407407407405
5 0.6980364583333334 0.2916666666666667 0.005578125000000001 0.02609259259259259
5 0.6196875 0.29839814814814813 0.008921875 0.03450925925925926
5 0.7070260416666667 0.29839814814814813 0.005572916666666666 0.02609259259259259
5 0.7006354166666667 0.30471296296296296 0.00415625 0.026935185185185184
5 0.692828125 0.3063981481481482 0.008416666666666666 0.02862037037037037
3 0.6727083333333332 0.3068148148148148 0.010791666666666666 0.021046296296296296
5 0.7110520833333334 0.30724074074074076 0.006989583333333333 0.023564814814814813
3 0.6802812500000001 0.3085 0.008895833333333332 0.01936111111111111
3 0.68478125 0.31312962962962965 0.009369791666666665 0.02188888888888889
2 0.5569583333333333 0.31954629629629633 0.07096354166666667 0.03935185185185185
3 0.6906979166666667 0.3303888888888889 0.011734375 0.027777777777777776
5 0.6213020833333334 0.34953703703703703 0.012812500000000001 0.07562037037037037
5 0.6664322916666666 0.35108333333333336 0.014531249999999999 0.057101851851851855
0 0.575421875 0.37037037037037035 0.045390625000000004 0.09427777777777777
3 0.6641875 0.38131481481481483 0.010796875000000001 0.04882407407407407
0 0.7245416666666666 0.3905740740740741 0.04911979166666667 0.10437962962962963
5 0.6820520833333333 0.39351851851851855 0.01972916666666667 0.058638888888888886
5 0.6338854166666666 0.40123148148148147 0.018880208333333332 0.11728703703703704
0 0.5950677083333333 0.41077777777777774 0.04964583333333333 0.12794444444444444
3 0.7612291666666666 0.4351851851851852 0.044843749999999995 0.018518518518518517
3 0.6783854166666666 0.4423425925925926 0.018364583333333333 0.07491666666666666
3 0.7675833333333333 0.4423888888888889 0.05578645833333333 0.01749074074074074
3 0.770328125 0.4570462962962963 0.060125 0.016972222222222222
3 0.583703125 0.47129629629629627 0.061822916666666665 0.06296296296296296
3 0.7777135416666667 0.4729907407407407 0.06802604166666668 0.018000000000000002
3 0.7782239583333334 0.48213888888888895 0.06970833333333333 0.02512962962962963
5 0.7193697916666667 0.48534259259259255 0.03533854166666666 0.13117592592592592
3 0.5532395833333333 0.4962962962962963 0.07589583333333333 0.06296296296296296
3 0.7966354166666666 0.5006574074074075 0.06300520833333333 0.030425925925925926
3 0.5503750000000001 0.5050925925925925 0.08475 0.025
3 0.7535885416666667 0.5104166666666666 0.018578125 0.03737037037037037
3 0.8339375 0.5238055555555556 0.06357291666666667 0.028435185185185185
3 0.5469895833333334 0.5398148148148149 0.08839583333333333 0.10185185185185185
3 0.7192135416666667 0.5415185185185185 0.028916666666666667 0.11431481481481481
3 0.8499322916666666 0.5418333333333333 0.06803125 0.03537962962962963
3 0.7748802083333334 0.5426574074074074 0.05334375 0.0787037037037037
3 0.8573697916666667 0.5557222222222222 0.06765625 0.03537962962962963
3 0.5329270833333334 0.5634259259259259 0.1019375 0.11388888888888889
3 0.8676927083333333 0.5694444444444444 0.07006770833333334 0.04762037037037037
3 0.476171875 0.5791666666666667 0.09883333333333333 0.14351851851851852
3 0.7958125 0.5803611111111111 0.059869791666666665 0.0985462962962963
3 0.8747604166666666 0.5954074074074074 0.06263020833333334 0.04398148148148148
3 0.45611979166666666 0.6083333333333333 0.10769791666666667 0.1574074074074074
3 0.9195885416666666 0.6177222222222222 0.063375 0.046953703703703706
3 0.8123541666666667 0.6296296296296297 0.092921875 0.1111111111111111
3 0.026484375 0.6412037037037037 0.023489583333333335 0.08333333333333333
3 0.43945833333333334 0.6425925925925926 0.12123958333333333 0.1574074074074074
3 0.8486302083333332 0.651287037037037 0.08923958333333333 0.06514814814814815
5 0.015859375 0.6724537037037037 0.03171875 0.11805555555555555
3 0.9635885416666666 0.6749351851851851 0.071015625 0.07275
3 0.42930729166666665 0.6777777777777778 0.11655729166666666 0.18518518518518517
3 0.86090625 0.6798981481481481 0.089234375 0.046953703703703706
3 0.36264583333333333 0.6995370370370371 0.12700520833333334 0.16203703703703703
5 0.12346354166666668 0.7094907407407407 0.05588541666666667 0.2569444444444444
3 0.870203125 0.712462962962963 0.10150520833333333 0.059194444444444445
3 0.9696197916666667 0.7159351851851852 0.060760416666666664 0.04894444444444444
3 0.9829322916666666 0.7425555555555556 0.032322916666666666 0.04133333333333333
3 0.8689947916666667 0.756287037037037 0.11322916666666667 0.06415740740740741
3 0.04730729166666667 0.7569444444444444 0.03378125 0.10185185185185185
3 0.98228125 0.7964629629629629 0.031765625 0.0631574074074074
3 0.86815625 0.848212962962963 0.12680729166666665 0.13491666666666668
5 0.023020833333333334 0.8634259259259259 0.04604166666666667 0.12962962962962962
3 0.89521875 0.879962962962963 0.12140104166666667 0.08928703703703704