3 0.7437864583333333 0.9444444444444444 0.10903125 0.1111111111111111
5 0.6362656250000001 0.2480925925925926 0.0033177083333333335 0.012527777777777777
5 0.6485833333333333 0.2878611111111111 0.00834375 0.036703703703703704
5 0.6350989583333334 0.2903425925925926 0.009276041666666667 0.04827777777777778
5 0.6269166666666667 0.29067592592592595 0.008906250000000001 0.04364814814814815
5 0.6611354166666668 0.29067592592592595 0.007036458333333333 0.042324074074074076
5 0.5429947916666666 0.29139814814814813 0.006109375 0.011981481481481482
5 0.67034375 0.2921666666666667 0.006473958333333333 0.04463888888888889
3 0.687421875 0.3055555555555556 0.018755208333333332 0.017425925925925925
1 0.6028802083333333 0.3134537037037037 0.026072916666666668 0.031046296296296298
3 0.6912552083333333 0.31999074074074074 0.025802083333333333 0.02887037037037037
3 0.6973229166666666 0.32407407407407407 0.028223958333333334 0.02047222222222222
1 0.55234375 0.3248888888888889 0.05975 0.03431481481481482
1 0.613296875 0.32925 0.035265624999999995 0.03758333333333334
5 0.5978229166666666 0.33251851851851855 0.004864583333333334 0.03431481481481482
5 0.6447708333333334 0.33525 0.014479166666666666 0.06495370370370371
5 0.6218020833333333 0.3403981481481481 0.014239583333333333 0.03167592592592593
0 0.574640625 0.3611111111111111 0.044828124999999996 0.07264814814814814
5 0.5774895833333333 0.38128703703703704 0.014833333333333334 0.03769444444444445
5 0.6728541666666668 0.4007962962962963 0.019307291666666667 0.12037037037037036
5 0.6938697916666666 0.4014537037037037 0.017062499999999998 0.11838888888888889
5 0.6255208333333333 0.4026111111111111 0.023973958333333333 0.08829629629629629
0 0.7224479166666666 0.40669444444444447 0.043166666666666666 0.13817592592592592
5 0.5893958333333333 0.42526851851851855 0.014833333333333334 0.07672222222222222
5 0.7346666666666667 0.4319814814814815 0.022734374999999998 0.10327777777777779
5 0.7865416666666667 0.4444444444444444 0.019109374999999998 0.048435185185185185
5 0.5616197916666666 0.4515648148148148 0.03882291666666667 0.08262037037037037
5 0.6070885416666666 0.4665277777777778 0.023984375 0.15100000000000002
5 0.5869739583333333 0.4722222222222222 0.0330625 0.14814814814814814
5 0.7522916666666667 0.4853981481481482 0.030739583333333334 0.06338888888888888
3 0.816515625 0.49907407407407406 0.03786458333333333 0.02962962962962963
3 0.5469895833333334 0.5060185185185185 0.08422916666666666 0.05277777777777778
3 0.8352604166666667 0.5208333333333334 0.06389583333333333 0.028703703703703703
3 0.847234375 0.537962962962963 0.06909375 0.02962962962962963
3 0.5360937499999999 0.5398148148148149 0.0999375 0.046296296296296294
5 0.7823333333333333 0.5498611111111111 0.031526041666666664 0.11965740740740739
3 0.8682447916666667 0.5524722222222221 0.08482291666666668 0.037037037037037035
3 0.4751666666666667 0.5611111111111111 0.104125 0.040740740740740744
3 0.45559895833333336 0.5902777777777778 0.10352604166666667 0.05092592592592592
5 0.7546927083333334 0.5933055555555555 0.04516145833333333 0.1766388888888889
5 0.7140364583333334 0.5947314814814815 0.05358854166666667 0.23219444444444445
3 0.8834322916666667 0.595675925925926 0.07353125 0.04012037037037037
3 0.8252864583333334 0.6095648148148148 0.07008333333333333 0.04012037037037037
3 0.4407552083333333 0.6277777777777778 0.11551041666666667 0.05925925925925926
3 0.9211875 0.6311666666666667 0.07438541666666666 0.08025
3 0.8547916666666667 0.6489166666666667 0.096109375 0.03858333333333334
5 0.04340625 0.6539351851851852 0.020890625 0.12268518518518519
3 0.016510416666666666 0.6712962962962963 0.03302083333333333 0.14351851851851852
3 0.8817031249999999 0.6836388888888889 0.067078125 0.11419444444444445
3 0.963265625 0.6936666666666667 0.07347395833333333 0.11574074074074074
3 0.4290364583333333 0.6949074074074074 0.11811979166666667 0.1287037037037037
3 0.82528125 0.7060185185185185 0.10653645833333333 0.07252777777777777
3 0.36290104166666665 0.7185185185185186 0.12959895833333335 0.14814814814814814
3 0.9710729166666667 0.75 0.05784375 0.12037037037037036
3 0.8743177083333333 0.7569444444444444 0.1160625 0.06018518518518518
3 0.9780208333333333 0.7800925925925926 0.043958333333333335 0.11265740740740741
3 0.7635052083333334 0.855824074074074 0.061182291666666666 0.2714907407407407
3 0.8712760416666666 0.8603425925925926 0.15338020833333335 0.16203703703703703