5 0.7094895833333333 0.09627777777777778 0.006489583333333334 0.025231481481481483
5 0.7036979166666666 0.09795370370370371 0.0050416666666666665 0.023944444444444445
0 0.6714635416666667 0.12318518518518518 0.05047395833333333 0.06848148148148148
5 0.6666562500000001 0.1282222222222222 0.006817708333333334 0.043055555555555555
0 0.7527604166666666 0.1314074074074074 0.030463541666666667 0.06714814814814815
5 0.6581927083333333 0.1398425925925926 0.008322916666666668 0.0685925925925926
5 0.7165885416666666 0.1407962962962963 0.011942708333333333 0.05296296296296297
1 0.7002239583333334 0.14297222222222222 0.07197395833333334 0.07960185185185185
5 0.6536302083333333 0.14376851851851852 0.011510416666666667 0.061074074074074065
5 0.63028125 0.14651851851851852 0.014223958333333333 0.051472222222222225
5 0.6190885416666667 0.14925925925925926 0.014229166666666666 0.04186111111111111
5 0.7357656250000001 0.15127777777777776 0.018578125 0.04496296296296297
5 0.7044791666666667 0.15641666666666668 0.011302083333333332 0.04687037037037037
5 0.5880208333333333 0.1585277777777778 0.010765625000000001 0.028824074074074075
5 0.7514166666666667 0.1587037037037037 0.010864583333333334 0.04382407407407407
5 0.5656354166666666 0.17808333333333334 0.0076875 0.03912037037037037
3 0.71003125 0.18292592592592594 0.032442708333333334 0.021166666666666667
5 0.6100208333333333 0.18425925925925926 0.01153125 0.08166666666666667
5 0.6009479166666666 0.19283333333333333 0.016552083333333335 0.09333333333333334
5 0.657765625 0.19566666666666666 0.007895833333333333 0.07049074074074074
3 0.7317083333333334 0.19804629629629628 0.027161458333333333 0.026
3 0.6802760416666668 0.19880555555555557 0.015447916666666667 0.03356481481481482
3 0.49096354166666667 0.2009074074074074 0.026515624999999998 0.04913888888888889
5 0.6644062500000001 0.20462037037037037 0.009177083333333334 0.055629629629629626
5 0.6421197916666667 0.20557407407407408 0.013041666666666667 0.06439814814814815
5 0.583 0.20930555555555558 0.02003125 0.08921296296296295
5 0.5733541666666666 0.21033333333333332 0.014630208333333334 0.10225000000000001
3 0.5547916666666667 0.21525 0.030026041666666666 0.05165740740740741
5 0.6759791666666667 0.21625 0.016458333333333335 0.060583333333333336
3 0.7028020833333334 0.2163425925925926 0.035671875 0.029333333333333333
5 0.6194739583333334 0.222 0.018859375 0.10225000000000001
3 0.5423385416666666 0.22386111111111112 0.03210416666666667 0.0430462962962963
5 0.6349114583333333 0.22714814814814815 0.018078125 0.09333333333333334
1 0.7321197916666667 0.23896296296296296 0.09581250000000001 0.06551851851851852
3 0.535421875 0.24107407407407408 0.037640625 0.0405925925925926
3 0.6631666666666667 0.24363888888888888 0.04005729166666667 0.020888888888888887
3 0.5200312500000001 0.2530648148148148 0.03938020833333333 0.05719444444444445
3 0.6742239583333334 0.2591574074074074 0.03521354166666667 0.028574074074074075
3 0.4982447916666667 0.26751851851851854 0.04077083333333333 0.04427777777777778
3 0.47541666666666665 0.2764351851851852 0.040088541666666665 0.05227777777777778
3 0.6438177083333334 0.28650000000000003 0.03177083333333333 0.048240740740740744
3 0.40882812500000004 0.2890462962962963 0.0404375 0.0651851851851852
3 0.46123437500000003 0.2896574074074074 0.040093750000000004 0.04181481481481481
3 0.4517239583333333 0.3108796296296296 0.04874479166666667 0.06826851851851852
1 0.6947187499999999 0.31171296296296297 0.173859375 0.09924999999999999
1 0.6651822916666668 0.43601851851851847 0.22210416666666666 0.17055555555555554
3 0.478515625 0.44525 0.08018229166666666 0.13899074074074075
3 0.235859375 0.46920370370370373 0.042380208333333336 0.08373148148148149
3 0.21479687500000003 0.4780277777777778 0.03734375 0.07925
3 0.20595833333333333 0.5061574074074073 0.04533854166666666 0.07550925925925926
5 0.5720416666666667 0.5201203703703704 0.046864583333333334 0.1457962962962963
3 0.18317708333333332 0.5246666666666666 0.03525520833333333 0.08224074074074074
3 0.161609375 0.5323796296296297 0.039463541666666664 0.07401851851851851
3 0.1414375 0.5616111111111111 0.040713541666666665 0.08747222222222222
3 0.121796875 0.5780555555555555 0.04785416666666666 0.08192592592592593
3 0.10433854166666667 0.5923425925925926 0.04436458333333334 0.09612962962962962
3 0.0864375 0.6084814814814814 0.038 0.08652777777777779
3 0.06455208333333333 0.6205925925925926 0.037125 0.09877777777777778
3 0.04008333333333333 0.6474537037037037 0.032765625 0.10765740740740741
5 0.7493020833333334 0.06525925925925927 0.0053124999999999995 0.024972222222222222
3 0.019682291666666667 0.6556851851851851 0.030651041666666667 0.09420370370370369
3 0.007854166666666667 0.7050277777777777 0.015708333333333335 0.09868518518518518
1 0.6553854166666666 0.7625648148148149 0.368359375 0.38825
5 0.7284583333333334 0.08134259259259259 0.0038750000000000004 0.03088888888888889
5 0.7328697916666667 0.08134259259259259 0.0057552083333333335 0.027805555555555556
5 0.7394583333333333 0.08134259259259259 0.008213541666666666 0.03655555555555555
5 0.7222291666666667 0.08417592592592592 0.0038750000000000004 0.02574074074074074
5 0.7487239583333333 0.08443518518518518 0.006760416666666667 0.028314814814814813
5 0.7183229166666667 0.08932407407407407 0.005614583333333333 0.027805555555555556
5 0.7151354166666667 0.09112962962962963 0.004458333333333333 0.024194444444444442