5 0.4424765625 0.16155555555555554 0.0220390625 0.09558333333333333
5 0.3296484375 0.29462499999999997 0.0273046875 0.05629166666666667
5 0.2768828125 0.30306944444444445 0.018882812500000002 0.05816666666666667
5 0.3454765625 0.3152638888888889 0.0209609375 0.05629166666666667
5 0.801921875 0.3267638888888889 0.0402265625 0.1479861111111111
5 0.29640625 0.3462222222222222 0.026257812499999998 0.050666666666666665
5 0.23960937499999999 0.35479166666666667 0.02396875 0.08231944444444445
5 0.26773437499999997 0.35531944444444447 0.021609375 0.06668055555555555
5 0.25982812499999997 0.45795833333333336 0.03275 0.16359722222222223
5 0.746328125 0.46881944444444446 0.057140625 0.11872222222222223
3 0.7382421875 0.5705833333333333 0.0894609375 0.14204166666666665