5 0.6578072916666666 0.2597962962962963 0.004968749999999999 0.01674074074074074
5 0.6503958333333333 0.2699444444444445 0.006973958333333334 0.027064814814814816
5 0.6556041666666667 0.27955555555555556 0.006973958333333334 0.03205555555555555
5 0.672625 0.2843703703703704 0.008171875 0.015314814814814814
3 0.6724270833333333 0.30341666666666667 0.006166666666666667 0.017805555555555557
5 0.7075885416666666 0.30414814814814817 0.00921875 0.030370370370370367
5 0.692703125 0.3108796296296296 0.011661458333333334 0.029935185185185183
2 0.5555572916666667 0.3155648148148148 0.07221875 0.04075925925925926
3 0.6911510416666666 0.3343981481481481 0.010364583333333333 0.02563888888888889
5 0.6688854166666667 0.3420185185185185 0.01583333333333333 0.043611111111111114
5 0.6274166666666667 0.35448148148148145 0.013864583333333335 0.07983333333333333
0 0.5749947916666667 0.37145370370370373 0.046489583333333334 0.09448148148148149
5 0.6402291666666666 0.37226851851851855 0.018010416666666664 0.09025
3 0.6728072916666666 0.3769814814814815 0.010265625 0.037037037037037035
0 0.5956718750000001 0.39739814814814817 0.053197916666666664 0.10560185185185185
0 0.7240677083333333 0.4106666666666666 0.04803645833333334 0.14448148148148146
3 0.761171875 0.43322222222222223 0.04824479166666666 0.01958333333333333
3 0.7682812499999999 0.4496111111111111 0.050046875000000005 0.01958333333333333
3 0.779 0.4586851851851852 0.05023958333333333 0.02563888888888889
3 0.7746927083333334 0.47970370370370374 0.060859375 0.022796296296296297
3 0.5836875 0.4801481481481481 0.07021354166666667 0.058666666666666666
3 0.7821041666666667 0.4975092592592592 0.061656249999999996 0.035611111111111114
3 0.7987239583333333 0.5065925925925926 0.07166145833333333 0.024574074074074075
3 0.547546875 0.5118703703703704 0.09109375 0.04306481481481481
3 0.8313854166666667 0.5238611111111111 0.0600625 0.027777777777777776
3 0.774234375 0.5527037037037037 0.053119791666666666 0.08151851851851852
3 0.8621041666666667 0.5561018518518519 0.06490625 0.02037962962962963
3 0.5333802083333333 0.5658055555555556 0.09996875 0.09853703703703703
3 0.47552083333333334 0.5693055555555556 0.10859375 0.04396296296296296
3 0.7954166666666667 0.5721574074074074 0.05103125 0.08337037037037037
3 0.8697447916666667 0.5801851851851852 0.069765625 0.02902777777777778
3 0.4570416666666667 0.5987222222222223 0.10993229166666667 0.05991666666666666
3 0.87634375 0.6055092592592592 0.06004166666666667 0.04137962962962963
3 0.439375 0.6261666666666666 0.11151041666666667 0.04811111111111111
3 0.9211458333333333 0.6320648148148148 0.0635 0.06978703703703704
3 0.806703125 0.6388518518518519 0.08055208333333333 0.11177777777777778
3 0.8549791666666666 0.6502777777777777 0.09581770833333333 0.041990740740740745
3 0.020296875 0.6693148148148148 0.038572916666666665 0.15079629629629632
3 0.9634583333333333 0.680537037037037 0.07308333333333333 0.08399074074074074
3 0.42667187500000003 0.6901111111111111 0.12510416666666666 0.13400925925925924
3 0.3617239583333333 0.7092592592592593 0.13758854166666667 0.13648148148148148
3 0.8693958333333334 0.7228425925925925 0.10241666666666666 0.07349074074074075
3 0.8702604166666668 0.7660740740740741 0.115265625 0.07225
3 0.7625833333333334 0.7944814814814815 0.06316666666666666 0.24269444444444446
3 0.9806510416666666 0.7960185185185186 0.038697916666666665 0.06916666666666667
3 0.8659166666666667 0.8599351851851852 0.14826041666666667 0.16364814814814815
3 0.8775572916666667 0.9127407407407407 0.09928645833333333 0.14080555555555554