3 0.7204999999999999 0.1038425925925926 0.021161458333333334 0.030685185185185187
3 0.7154843750000001 0.1206111111111111 0.019963541666666664 0.03568518518518519
3 0.7024375 0.12097222222222223 0.027593749999999997 0.03925
3 0.69340625 0.1323888888888889 0.028796875 0.040685185185185185
3 0.6837760416666666 0.1398888888888889 0.023182291666666667 0.04282407407407408
5 0.752421875 0.14416666666666667 0.016161458333333333 0.049962962962962966
3 0.6801614583333334 0.14487962962962964 0.01836979166666667 0.03140740740740741
0 0.5834791666666667 0.17062037037037037 0.06264583333333333 0.09144444444444445
3 0.7477916666666666 0.18056481481481482 0.044432291666666665 0.02712037037037037
5 0.5782135416666667 0.2101851851851852 0.025640624999999997 0.05067592592592592
3 0.7196979166666666 0.21946296296296297 0.037218749999999995 0.04781481481481482
1 0.4990104166666667 0.25239814814814815 0.132921875 0.1464537037037037
3 0.5850364583333333 0.26263888888888887 0.04180729166666666 0.06851851851851852
5 0.39053125000000005 0.29297222222222224 0.035666666666666666 0.10776851851851851
2 0.6864166666666667 0.31616666666666665 0.19473958333333333 0.23551851851851854
5 0.2939947916666667 0.4021666666666666 0.030484375 0.13917592592592593
5 0.3216927083333333 0.4046666666666667 0.032078125 0.13702777777777778
5 0.22773958333333333 0.43072222222222223 0.021619791666666666 0.08778703703703704
5 0.2550364583333333 0.4471296296296296 0.021614583333333333 0.05924074074074074
3 0.240953125 0.4860277777777777 0.021546875 0.05138888888888889
5 0.666984375 0.5173611111111112 0.03355729166666667 0.22916666666666666
5 0.15247916666666667 0.5213611111111112 0.030880208333333332 0.13917592592592593
3 0.17211458333333332 0.5502592592592592 0.0195625 0.05138888888888889
5 0.081 0.6112870370370371 0.030833333333333334 0.06637037037037037
5 0.20678125 0.6215277777777778 0.035015625 0.09490740740740741
5 0.05330208333333333 0.6362685185185185 0.023614583333333335 0.07493518518518519
3 0.01838020833333333 0.6765925925925926 0.030052083333333333 0.10705555555555556
3 0.6552604166666666 0.7129629629629629 0.16114062499999998 0.18518518518518517
5 0.21783854166666666 0.7523148148148148 0.080578125 0.2175925925925926