3 0.739046875 0.9398148148148148 0.07726041666666666 0.12037037037037036
5 0.6426666666666667 0.25087037037037035 0.005151041666666667 0.020259259259259258
5 0.646734375 0.25087037037037035 0.004171875 0.022574074074074073
5 0.6547083333333333 0.2688055555555556 0.005796875000000001 0.017944444444444443
5 0.6621927083333333 0.2763333333333333 0.004489583333333333 0.03067592592592593
5 0.6693541666666667 0.28675 0.004484375 0.03762037037037037
5 0.6849739583333334 0.28703703703703703 0.004479166666666667 0.027777777777777776
5 0.6577968750000001 0.28935185185185186 0.006119791666666667 0.03356481481481482
5 0.6490104166666666 0.29109259259259257 0.006125 0.04282407407407408
5 0.6791145833333334 0.29109259259259257 0.0038333333333333336 0.027777777777777776
5 0.643640625 0.2957222222222222 0.007750000000000001 0.046296296296296294
5 0.61890625 0.2971666666666667 0.007760416666666667 0.04340740740740741
5 0.5624427083333334 0.29948148148148146 0.00615625 0.02140740740740741
5 0.5806666666666668 0.30092592592592593 0.0055000000000000005 0.037037037037037035
5 0.576109375 0.3035277777777778 0.006151041666666667 0.03761111111111111
5 0.6008437499999999 0.307 0.007442708333333333 0.03067592592592593
5 0.5930312499999999 0.3072962962962963 0.008098958333333333 0.03819444444444445
1 0.5476770833333333 0.3081296296296296 0.04306770833333333 0.029833333333333333
1 0.541171875 0.3176481481481481 0.03872916666666667 0.023148148148148147
3 0.6877552083333334 0.3194444444444444 0.019708333333333335 0.02160185185185185
3 0.6907083333333334 0.32839814814814816 0.015197916666666667 0.020990740740740744
5 0.6088177083333334 0.3295740740740741 0.008416666666666666 0.023731481481481482
5 0.657375 0.3308425925925926 0.008369791666666666 0.06481481481481481
1 0.5397239583333333 0.33101851851851855 0.037572916666666664 0.042694444444444445
5 0.5429114583333334 0.3342037037037037 0.011375 0.04919444444444444
5 0.622 0.3385462962962963 0.009390625000000001 0.04976851851851852
5 0.6021458333333333 0.34837962962962965 0.008744791666666666 0.05555555555555555
5 0.7008333333333333 0.3515 0.009552083333333333 0.05341666666666667
5 0.6174427083333334 0.35503703703703704 0.009390625000000001 0.023731481481481482
5 0.60784375 0.35676851851851854 0.008416666666666666 0.024888888888888887
5 0.6901822916666667 0.35964814814814816 0.007364583333333333 0.035083333333333334
5 0.7458177083333334 0.3601388888888889 0.00734375 0.040935185185185186
5 0.6944322916666666 0.36233333333333334 0.007635416666666667 0.025824074074074076
0 0.5762708333333334 0.36400925925925925 0.04683333333333333 0.08796296296296297
5 0.5757447916666667 0.3845185185185185 0.01528125 0.04989814814814815
5 0.61028125 0.39641666666666664 0.017203125 0.06481481481481481
5 0.6487604166666666 0.4024259259259259 0.017583333333333333 0.11680555555555557
5 0.6701875 0.4024259259259259 0.015572916666666665 0.11253703703703705
5 0.7589218750000001 0.40775925925925927 0.012750000000000001 0.043444444444444445
0 0.7245572916666667 0.40825 0.044411458333333334 0.13299999999999998
5 0.5864479166666666 0.4279814814814815 0.011807291666666667 0.09876851851851852
5 0.6306197916666666 0.42968518518518517 0.019473958333333333 0.12442592592592593
5 0.757921875 0.4302037037037037 0.016359375 0.04131481481481481
5 0.5744427083333333 0.4364722222222222 0.015572916666666665 0.07973148148148149
5 0.7825572916666667 0.4376759259259259 0.019953125000000002 0.04201851851851852
5 0.5588177083333333 0.4398148148148148 0.02078645833333333 0.06275925925925926
5 0.7012447916666668 0.44016666666666665 0.015979166666666666 0.1282037037037037
5 0.609140625 0.45225925925925925 0.017531249999999998 0.11516666666666667
5 0.68521875 0.45512962962962966 0.026401041666666666 0.1595462962962963
3 0.8088385416666667 0.47726851851851854 0.021687500000000002 0.026935185185185184
5 0.7689374999999999 0.4789907407407407 0.019958333333333335 0.05484259259259259
3 0.5562135416666667 0.4840555555555555 0.05955208333333333 0.03498148148148148
5 0.788765625 0.49180555555555555 0.01875 0.05057407407407407
3 0.8185416666666666 0.49958333333333327 0.03163020833333333 0.02946296296296296
5 0.74890625 0.4996481481481482 0.024770833333333336 0.08761111111111111
3 0.5499895833333334 0.5084907407407407 0.076046875 0.03755555555555556
5 0.52425 0.5105462962962963 0.02803125 0.16614814814814816
3 0.8422083333333333 0.5260925925925926 0.047713541666666665 0.033666666666666664
3 0.8585416666666668 0.5370370370370371 0.05007291666666667 0.025249999999999998
5 0.5595416666666666 0.5375555555555555 0.02628125 0.15637962962962962
5 0.7899479166666666 0.5430925925925926 0.033130208333333334 0.1075462962962963
3 0.5358125 0.5545277777777777 0.08935937499999999 0.07715740740740741
3 0.8620885416666667 0.5606018518518519 0.06474479166666666 0.03535185185185185
3 0.47556770833333334 0.5709907407407407 0.086140625 0.09670370370370371
3 0.8788958333333333 0.5753333333333334 0.06521354166666667 0.031148148148148147
5 0.8256145833333334 0.5854722222222222 0.033151041666666665 0.12250925925925926
3 0.877 0.6001666666666666 0.05953125 0.03535185185185185
3 0.45531770833333335 0.607 0.10003125 0.06789814814814815
3 0.9193697916666667 0.6165833333333333 0.07134895833333334 0.046296296296296294
5 0.7302604166666666 0.6177037037037038 0.034755208333333336 0.2325462962962963
3 0.8514375 0.6431018518518518 0.082265625 0.042083333333333334
3 0.8543489583333332 0.6488055555555556 0.101015625 0.08333333333333333
3 0.7650520833333334 0.65675 0.051890624999999996 0.09391666666666668
3 0.439984375 0.6630648148148148 0.11219270833333334 0.11420370370370371
3 0.9603541666666667 0.6633611111111111 0.06749999999999999 0.08333333333333333
3 0.02041666666666667 0.6701388888888888 0.04083333333333334 0.13657407407407407
3 0.8722031250000001 0.6858425925925926 0.096546875 0.07010185185185185
3 0.42378125 0.6944444444444444 0.11104166666666666 0.12962962962962962
3 0.3576770833333333 0.7093611111111111 0.122921875 0.13271296296296298
3 0.9710885416666667 0.7189166666666666 0.05782291666666666 0.07804629629629631
3 0.8249635416666667 0.7202407407407407 0.10475 0.1045
3 0.8736875000000001 0.7619074074074074 0.11886458333333333 0.08200925925925925
3 0.9800729166666666 0.7738055555555556 0.03550520833333334 0.09524074074074074
3 0.7650885416666667 0.8154722222222223 0.0534375 0.20767592592592593
3 0.8759166666666667 0.8201018518518519 0.13671354166666666 0.1111111111111111
3 0.913484375 0.8935185185185185 0.13744270833333333 0.10978703703703703