3 0.71728125 0.11089814814814815 0.026244791666666666 0.05261111111111111
3 0.7035520833333333 0.12078703703703703 0.02814583333333333 0.04376851851851852
3 0.7110052083333334 0.12100000000000001 0.028380208333333334 0.040824074074074075
0 0.755046875 0.12788888888888889 0.035979166666666666 0.08950925925925926
3 0.6896562500000001 0.13318518518518518 0.033213541666666666 0.03637037037037037
3 0.6814114583333333 0.1391851851851852 0.031067708333333333 0.03426851851851852
3 0.6799635416666666 0.14594444444444446 0.019609375 0.033324074074074075
1 0.5926458333333334 0.18317592592592594 0.121109375 0.11694444444444445
3 0.7514010416666667 0.18359259259259259 0.049390625 0.037092592592592594
5 0.6369062499999999 0.18450925925925926 0.02138020833333333 0.09253703703703703
3 0.49472916666666666 0.20557407407407408 0.03544791666666667 0.07239814814814814
3 0.7235572916666667 0.21956481481481482 0.04710416666666666 0.050444444444444445
5 0.5626822916666666 0.23458333333333334 0.028874999999999998 0.10053703703703704
2 0.68190625 0.3138518518518518 0.20296875 0.2470185185185185
5 0.4676822916666667 0.32522222222222225 0.035953125 0.0952037037037037
3 0.47299479166666664 0.35980555555555555 0.06418229166666667 0.10137037037037037
5 0.28902083333333334 0.398712962962963 0.0385 0.1340462962962963
5 0.25593229166666664 0.4507037037037037 0.023307291666666667 0.07197222222222223
5 0.22647916666666665 0.45375 0.027385416666666666 0.123
3 0.23 0.47241666666666665 0.047296875 0.08289814814814815
5 0.15675 0.5234351851851852 0.024161458333333333 0.1466111111111111
3 0.171625 0.5481759259259259 0.02940104166666667 0.06313888888888888
5 0.08156770833333334 0.6072129629629629 0.029802083333333333 0.0735
5 0.05415625 0.6409166666666667 0.028083333333333335 0.07768518518518519
3 0.019401041666666667 0.6741759259259259 0.0330625 0.10430555555555555
3 0.6513802083333334 0.7127222222222223 0.15715625 0.16803703703703704