5 0.6364010416666667 0.2366851851851852 0.016458333333333335 0.04673148148148148
5 0.65296875 0.2422685185185185 0.009598958333333333 0.06196296296296296
4 0.327359375 0.27537962962962964 0.10546875 0.23722222222222222
1 0.41301041666666666 0.2763055555555556 0.10450520833333334 0.10971296296296296
5 0.40902083333333333 0.2808703703703703 0.019958333333333335 0.09447222222222222
5 0.5284270833333333 0.2905277777777778 0.023359375 0.11376851851851852
5 0.2345625 0.2955 0.016182291666666668 0.11448148148148148
3 0.5685104166666667 0.30744444444444446 0.032734375 0.03705555555555556
5 0.5535677083333332 0.3082962962962963 0.018776041666666667 0.14525925925925925
3 0.23685937499999998 0.3101851851851852 0.03705729166666667 0.06018518518518518
5 0.6006979166666666 0.31084259259259256 0.023901041666666668 0.13205555555555556
5 0.6235677083333333 0.3159166666666667 0.018416666666666668 0.12799074074074074
5 0.3807395833333333 0.321 0.022828124999999998 0.11580555555555555
5 0.6375416666666667 0.3250648148148148 0.015317708333333334 0.14425
3 0.664609375 0.3307685185185185 0.027296874999999998 0.05215740740740741
3 0.5835625 0.3318055555555556 0.02655208333333333 0.06244444444444444
5 0.45272395833333334 0.350962962962963 0.0319375 0.16761111111111113
5 0.5135625 0.3545185185185185 0.024484375 0.1726851851851852
3 0.6744739583333333 0.3582222222222222 0.05397395833333333 0.06724999999999999
3 0.6953125 0.37366666666666665 0.048562499999999995 0.0844074074074074
3 0.7223333333333334 0.38807407407407407 0.043145833333333335 0.08989814814814816
3 0.7416250000000001 0.3976851851851852 0.046223958333333336 0.0871574074074074
3 0.7690312499999999 0.40969444444444447 0.043125 0.0919537037037037
3 0.8024375 0.42136111111111113 0.05281770833333333 0.10156481481481482
3 0.8286822916666666 0.4361111111111111 0.042 0.10500000000000001
3 0.8504895833333334 0.45052777777777775 0.042375 0.09401851851851853
3 0.8809947916666666 0.46459259259259256 0.03853645833333333 0.10293518518518519
3 0.9029947916666666 0.46974074074074074 0.03544270833333333 0.11186111111111112
3 0.9471822916666667 0.4776296296296297 0.028859375 0.13999074074074075
3 0.9195885416666666 0.48072222222222216 0.03929166666666666 0.11186111111111112
3 0.9751666666666666 0.49822222222222223 0.03000520833333333 0.13312962962962963
3 0.150453125 0.7941111111111111 0.18051041666666665 0.2869537037037037