5 0.22644791666666667 0.19108333333333333 0.009723958333333334 0.033120370370370376
5 0.17264062500000002 0.1945 0.008567708333333333 0.026287037037037036
4 0.32542187499999997 0.28124074074074074 0.10617708333333334 0.22078703703703703
3 0.5740364583333334 0.2999074074074074 0.05141145833333333 0.06361111111111112
3 0.6197135416666666 0.3338148148148148 0.041041666666666664 0.07044444444444445
5 0.5918281249999999 0.3381018518518518 0.03266145833333333 0.15402777777777776
3 0.633625 0.35141666666666665 0.045807291666666666 0.07937962962962963
3 0.6599322916666667 0.3632222222222222 0.05345833333333334 0.07991666666666666
3 0.7180833333333333 0.38761111111111113 0.06340104166666667 0.10258333333333335
5 0.381046875 0.40385185185185185 0.03478645833333334 0.23103703703703704
5 0.7855104166666667 0.41753703703703704 0.0308125 0.09356481481481481
5 0.9869114583333333 0.4245092592592593 0.026171875 0.13148148148148148
3 0.8282239583333334 0.42962962962962964 0.06083854166666667 0.11763888888888889
5 0.91303125 0.4636018518518519 0.02949479166666667 0.09767592592592592
3 0.992953125 0.5358796296296297 0.014088541666666668 0.09722222222222222