5 0.7106640625 0.1625 0.005515625 0.011111111111111112
5 0.715546875 0.1642361111111111 0.00425 0.009027777777777777
4 0.666703125 0.1701388888888889 0.0439453125 0.07241666666666667
5 0.7479609375 0.17430555555555555 0.003578125 0.03333333333333333
5 0.752453125 0.18263888888888888 0.004625 0.029166666666666667
5 0.757140625 0.1840277777777778 0.00384375 0.03194444444444444
2 0.7118359375 0.18645833333333334 0.0218203125 0.03680555555555556
1 0.782390625 0.19733333333333336 0.039570312499999996 0.03819444444444445
5 0.68946875 0.2254861111111111 0.015757812500000003 0.0652361111111111
5 0.7086484375000001 0.22731944444444444 0.011226562499999999 0.06018055555555556
5 0.5945703124999999 0.2389861111111111 0.0171484375 0.07956944444444444
5 0.6563828125 0.4 0.031421875 0.17222222222222222
5 0.6191484375 0.40555555555555556 0.0402890625 0.17222222222222222
3 0.0145546875 0.7291666666666666 0.029117187500000002 0.08333333333333333