5 0.5632187500000001 0.2564074074074074 0.006859375 0.03988888888888889
5 0.6427447916666666 0.30386111111111114 0.013614583333333334 0.022166666666666668
5 0.6652968749999999 0.3041111111111111 0.009854166666666667 0.030944444444444445
1 0.5377864583333333 0.326212962962963 0.03288541666666667 0.034185185185185187
3 0.67878125 0.3276388888888889 0.008718749999999999 0.031342592592592596
3 0.7008177083333333 0.32905555555555555 0.025734374999999997 0.02421296296296296
5 0.630953125 0.3295740740740741 0.012317708333333333 0.06887037037037036
3 0.64253125 0.3297685185185185 0.004328125 0.02563888888888889
3 0.6665625 0.3319074074074074 0.017135416666666667 0.02563888888888889
1 0.604421875 0.33391666666666664 0.041942708333333335 0.05324074074074074
3 0.6976093750000001 0.3660925925925926 0.009713541666666665 0.03988888888888889
0 0.576109375 0.36748148148148146 0.0478125 0.08680555555555555
3 0.6156197916666667 0.3952962962962963 0.021260416666666667 0.05439814814814815
0 0.722890625 0.4050925925925926 0.045807291666666666 0.13194444444444445
3 0.5728177083333333 0.41287962962962965 0.047760416666666666 0.021046296296296296
3 0.5863072916666667 0.42971296296296296 0.062427083333333334 0.021046296296296296
3 0.768609375 0.4419166666666666 0.04540625 0.015148148148148148
3 0.5844166666666666 0.4423425925925926 0.061484375 0.021046296296296296
5 0.6421718750000001 0.4524444444444444 0.036843749999999995 0.07154629629629629
3 0.7794479166666667 0.4600740740740741 0.04834375 0.03356481481481482
3 0.5796822916666666 0.47053703703703703 0.06905729166666667 0.04882407407407407
3 0.5512760416666667 0.4873703703703704 0.07285937499999999 0.037037037037037035
3 0.54559375 0.5134722222222222 0.08801041666666666 0.050509259259259254
3 0.8372499999999999 0.5181018518518518 0.06526041666666667 0.032824074074074075
3 0.8580833333333333 0.5597685185185185 0.06904166666666667 0.037037037037037035
3 0.8135833333333333 0.562287037037037 0.03686979166666667 0.05387037037037037
3 0.47378125 0.5733055555555555 0.10839583333333333 0.05400925925925926
3 0.52759375 0.5740740740740741 0.09448958333333332 0.10185185185185185
3 0.8849479166666666 0.5994351851851851 0.06619270833333334 0.05661111111111111
3 0.46683854166666666 0.6041666666666666 0.10492708333333334 0.06018518518518518
3 0.8292031249999999 0.6287870370370371 0.07283854166666666 0.08922222222222222
5 0.11175 0.6412037037037037 0.03245833333333333 0.2175925925925926
3 0.4395 0.6481481481481481 0.12142708333333332 0.1111111111111111
3 0.923171875 0.6487777777777778 0.09505729166666667 0.10732407407407407
3 0.872515625 0.7093888888888888 0.11022395833333333 0.09049074074074075
3 0.3628958333333333 0.7121944444444444 0.1281875 0.11728703703703704
2 0.6445104166666666 0.7345648148148148 0.2981875 0.5308611111111111
3 0.8765416666666667 0.7677777777777778 0.10643229166666666 0.12689814814814815
3 0.9816197916666667 0.7803055555555556 0.03676041666666666 0.12458333333333334
3 0.8973697916666666 0.8017685185185185 0.12109895833333333 0.1590925925925926