5 0.6392760416666667 0.2533148148148148 0.003411458333333333 0.01750925925925926
5 0.6645989583333333 0.2690740740740741 0.005828125 0.027175925925925926
5 0.6935885416666667 0.2836574074074074 0.008177083333333333 0.01875925925925926
5 0.6598229166666666 0.2873055555555556 0.006583333333333333 0.03345370370370371
5 0.6839895833333334 0.3009074074074074 0.005541666666666667 0.01836111111111111
5 0.6994427083333333 0.3030555555555556 0.005093749999999999 0.020712962962962964
2 0.5969947916666667 0.3052037037037037 0.028593749999999998 0.03317592592592592
5 0.7089427083333334 0.30541666666666667 0.00378125 0.023194444444444445
5 0.6899583333333333 0.30591666666666667 0.007489583333333333 0.016416666666666666
1 0.5544947916666667 0.3113796296296297 0.05715625 0.030703703703703702
1 0.55275 0.3157685185185185 0.06179166666666667 0.02864814814814815
3 0.6648020833333333 0.3200925925925926 0.010302083333333333 0.024407407407407405
5 0.7424635416666666 0.3217314814814815 0.011317708333333334 0.03308333333333333
5 0.5460625 0.3258518518518519 0.01078125 0.025333333333333333
3 0.69853125 0.32846296296296296 0.02090104166666667 0.024370370370370372
3 0.6849635416666667 0.3294351851851852 0.0069166666666666664 0.026314814814814815
1 0.5498125 0.3294722222222222 0.056838541666666666 0.04063888888888889
3 0.6737239583333333 0.32967592592592593 0.010750000000000001 0.03362962962962963
1 0.6037291666666668 0.33805555555555555 0.04222395833333333 0.05256481481481482
3 0.6141041666666667 0.35970370370370375 0.020765625 0.03025925925925926
3 0.6937031250000001 0.3650462962962963 0.015057291666666667 0.04450925925925926
0 0.5757760416666666 0.3687314814814815 0.045510416666666664 0.08230555555555556
5 0.6956979166666667 0.36960185185185185 0.013489583333333333 0.09008333333333333
5 0.6018958333333334 0.3814722222222222 0.014328125 0.07900925925925925
3 0.6182864583333333 0.3900277777777778 0.018770833333333334 0.06448148148148149
3 0.56896875 0.4056388888888889 0.05976041666666666 0.04856481481481482
0 0.724703125 0.4072222222222222 0.04785416666666666 0.13637962962962963
3 0.5806614583333333 0.42719444444444443 0.07282291666666667 0.05196296296296296
3 0.7661458333333333 0.4340925925925926 0.050083333333333334 0.037981481481481484
3 0.5914791666666667 0.4383333333333333 0.06576041666666667 0.05913888888888889
3 0.5860520833333334 0.44646296296296295 0.06615104166666667 0.051916666666666667
3 0.7683541666666667 0.45230555555555557 0.058140624999999994 0.051583333333333335
3 0.7808802083333333 0.4541759259259259 0.059703124999999996 0.03313888888888889
3 0.5785833333333333 0.4706388888888889 0.07498958333333333 0.08819444444444445
3 0.8090260416666666 0.5002314814814814 0.030848958333333332 0.041685185185185186
3 0.8315364583333333 0.5094074074074074 0.06380729166666667 0.03719444444444445
3 0.8317708333333333 0.5217314814814815 0.07180729166666668 0.05703703703703704
3 0.5451354166666668 0.5276944444444445 0.08828125 0.12569444444444444
3 0.5234166666666666 0.5534351851851852 0.103484375 0.13787037037037037
3 0.8603124999999999 0.5560277777777778 0.07135937499999999 0.0749537037037037
3 0.8735364583333334 0.5604629629629629 0.0741875 0.06669444444444445
3 0.8121979166666667 0.5628796296296296 0.03890625 0.06673148148148147
5 0.12477604166666666 0.5763888888888888 0.053468749999999995 0.11574074074074074
3 0.47730729166666663 0.5766111111111111 0.09872916666666667 0.11074074074074074
3 0.8835104166666666 0.6023981481481482 0.06502604166666666 0.10467592592592592
3 0.466453125 0.6132222222222222 0.11161979166666666 0.1469537037037037
3 0.8316250000000001 0.6259259259259259 0.085109375 0.11271296296296297
3 0.4368385416666667 0.6290277777777779 0.13208854166666667 0.16075
3 0.9232083333333333 0.6467962962962963 0.09093749999999999 0.1297037037037037
3 0.36286979166666666 0.6853796296296296 0.1350104166666667 0.1776759259259259
3 0.86528125 0.7043611111111111 0.11745312499999999 0.15400925925925926
2 0.645515625 0.7339629629629629 0.29431250000000003 0.532074074074074
3 0.8741302083333333 0.75025 0.12222395833333333 0.17428703703703702
3 0.9798229166666667 0.7759814814814814 0.04035416666666667 0.10616666666666666
3 0.9793802083333334 0.7994444444444444 0.041239583333333336 0.08312962962962964
3 0.9007447916666667 0.8018055555555555 0.13610416666666666 0.15944444444444444
3 0.9945677083333333 0.8382314814814814 0.010864583333333334 0.05982407407407407