3 0.7106770833333333 0.11789814814814814 0.02735416666666667 0.03950925925925926
3 0.7280364583333333 0.12129629629629629 0.009296875000000001 0.032712962962962965
3 0.7046041666666666 0.12469444444444443 0.026317708333333335 0.040740740740740744
3 0.7011302083333334 0.13117592592592592 0.013125 0.03888888888888889
0 0.668484375 0.1361111111111111 0.055463541666666664 0.09567592592592593
0 0.7542447916666667 0.1401203703703704 0.037406249999999995 0.09506481481481481
5 0.6514114583333334 0.1561759259259259 0.015708333333333335 0.06666666666666667
3 0.6329010416666667 0.16296296296296298 0.02596875 0.025925925925925925
3 0.6200572916666667 0.1774722222222222 0.03291666666666667 0.046296296296296294
3 0.74365625 0.1814814814814815 0.04400520833333333 0.035805555555555556
3 0.7079010416666667 0.1836388888888889 0.017635416666666667 0.04382407407407407
3 0.6021770833333334 0.18641666666666667 0.029104166666666667 0.05555555555555555
5 0.5851666666666666 0.2061759259259259 0.023557291666666664 0.10617592592592592
3 0.494 0.2126574074074074 0.03775520833333333 0.052472222222222226
3 0.7068593750000001 0.22160185185185186 0.028744791666666665 0.04197222222222222
3 0.55721875 0.22808333333333333 0.04752083333333333 0.046296296296296294
3 0.538296875 0.2456759259259259 0.041625 0.061731481481481484
1 0.7306302083333333 0.24969444444444447 0.10545833333333333 0.06851851851851852
3 0.5268072916666667 0.2561759259259259 0.043645833333333335 0.05308333333333333
3 0.5141354166666666 0.26419444444444445 0.046078125 0.06789814814814815
1 0.6356822916666667 0.26975 0.12111458333333333 0.16173148148148148
3 0.4896614583333333 0.28055555555555556 0.043656249999999994 0.05987962962962963
3 0.473 0.28858333333333336 0.044359375 0.06974999999999999
3 0.41068229166666664 0.2978425925925926 0.044036458333333334 0.06851851851851852
3 0.463453125 0.30277777777777776 0.046098958333333336 0.06481481481481481
1 0.6946927083333333 0.30617592592592596 0.17177604166666666 0.10123148148148148
3 0.4275572916666667 0.32252777777777775 0.058734375 0.08333333333333333
5 0.23162500000000003 0.4193148148148148 0.023890625 0.06084259259259259
1 0.6679583333333333 0.43148148148148147 0.232890625 0.23580555555555555
3 0.20409895833333333 0.45172222222222225 0.019265625 0.04364814814814815
5 0.167953125 0.4722222222222222 0.017604166666666664 0.03333333333333333
5 0.6764270833333333 0.47376851851851853 0.03825 0.22530555555555556
5 0.16240104166666666 0.4966018518518519 0.015526041666666665 0.03765740740740741
5 0.14174479166666665 0.5006203703703703 0.027682291666666668 0.05925925925925926
5 0.12646875 0.545675925925926 0.026994791666666667 0.10247222222222223
5 0.027875 0.5740740740740741 0.015229166666666665 0.02962962962962963
3 0.09505208333333333 0.5814814814814815 0.030822916666666665 0.06296296296296296
3 0.07925520833333333 0.60525 0.024234375 0.06111111111111111
5 0.062765625 0.6141944444444445 0.03291666666666667 0.10863888888888888
2 0.30515624999999996 0.6141944444444445 0.27230208333333333 0.41358333333333336
3 0.10876041666666666 0.6277777777777778 0.06310416666666667 0.08025
3 0.7308125000000001 0.07469444444444445 0.022489583333333334 0.008638888888888889
1 0.6549166666666667 0.7608055555555555 0.36761458333333336 0.4537037037037037
2 0.08646875000000001 0.7746944444444444 0.1682135416666667 0.45061111111111113
3 0.7469583333333334 0.08858333333333333 0.012411458333333332 0.016666666666666666
3 0.719875 0.09043518518518519 0.022838541666666667 0.016666666666666666