5 0.41978645833333333 0.9537037037037037 0.06401562499999999 0.09259259259259259
5 0.7096354166666666 0.12345370370370372 0.017635416666666667 0.03950925925925926
5 0.7299479166666667 0.1361111111111111 0.0138125 0.0660462962962963
0 0.6688437500000001 0.13796296296296295 0.05688020833333333 0.09691666666666666
0 0.7533802083333333 0.1413611111111111 0.035671875 0.09876851851851852
3 0.709984375 0.16173148148148148 0.030135416666666668 0.037037037037037035
3 0.6610364583333334 0.17160185185185187 0.030151041666666666 0.040740740740740744
5 0.6306354166666667 0.18549074074074076 0.02282291666666667 0.05
3 0.7446979166666666 0.19012037037037038 0.04747916666666666 0.044444444444444446
3 0.6023385416666667 0.19197222222222224 0.029432291666666666 0.07037037037037037
3 0.58984375 0.19907407407407407 0.03290625 0.06111111111111111
3 0.7016979166666667 0.20023148148148148 0.020244791666666664 0.03935185185185185
3 0.49289583333333337 0.20833333333333334 0.038614583333333334 0.06481481481481481
3 0.5750885416666667 0.21141666666666667 0.03534375 0.058638888888888886
3 0.5592916666666666 0.22715740740740742 0.048192708333333334 0.05185185185185185
5 0.7474791666666667 0.23148148148148148 0.023177083333333334 0.03950925925925926
3 0.6310260416666666 0.23553703703703704 0.03268229166666667 0.07523148148148148
3 0.6955729166666667 0.23742592592592593 0.06172916666666666 0.055092592592592596
3 0.5363802083333333 0.24228703703703705 0.04126041666666667 0.06111111111111111
1 0.7304583333333333 0.2462962962962963 0.10025520833333333 0.07160185185185185
3 0.5080885416666666 0.2490740740740741 0.031203124999999998 0.03518518518518519
3 0.411984375 0.2772037037037037 0.039651041666666664 0.07523148148148148
3 0.4919427083333333 0.2839537037037037 0.04266145833333333 0.06419444444444444
3 0.4746666666666667 0.2890925925925926 0.04730208333333333 0.07612962962962963
1 0.6962604166666666 0.2978425925925926 0.17351562499999998 0.08950925925925926
3 0.4619375 0.3055555555555556 0.05077604166666667 0.06996296296296296
5 0.5303072916666667 0.3206759259259259 0.026333333333333334 0.15987962962962962
3 0.429828125 0.32612962962962966 0.05021354166666667 0.07407407407407407
5 0.5505677083333332 0.33294444444444443 0.03627604166666667 0.14428703703703705
2 0.3326145833333333 0.3467037037037037 0.1289375 0.22839814814814813
5 0.2518854166666667 0.3698518518518519 0.026505208333333332 0.03395370370370371
5 0.23279166666666665 0.4171851851851852 0.024197916666666666 0.07922222222222222
1 0.6679375000000001 0.43210185185185185 0.23134375000000001 0.24074074074074073
5 0.26584375 0.4506203703703704 0.044953125000000003 0.13580555555555554
3 0.2478385416666667 0.48456481481481484 0.023036458333333332 0.059666666666666666
3 0.22644270833333333 0.4913240740740741 0.02272916666666667 0.06365740740740741
5 0.21035416666666668 0.5108055555555555 0.048552083333333336 0.16358333333333333
5 0.111 0.5123425925925926 0.025979166666666668 0.08025
5 0.13616666666666666 0.5133703703703704 0.034645833333333334 0.06789814814814815
5 0.17984895833333334 0.5195462962962963 0.039838541666666664 0.17695370370370372
3 0.16596354166666666 0.5442407407407407 0.022484375 0.07407407407407407
3 0.091328125 0.563787037037037 0.027140624999999998 0.06378703703703703
3 0.13761458333333335 0.5874444444444445 0.03638541666666666 0.07407407407407407
5 0.05516145833333333 0.5925925925925926 0.030046874999999997 0.09670370370370371
5 0.035203125 0.5961944444444445 0.023692708333333333 0.06275925925925926
3 0.07830729166666667 0.6018518518518519 0.0219375 0.05761111111111111
3 0.10722916666666667 0.6548333333333334 0.08326041666666667 0.12037037037037036
5 0.038453125 0.6867314814814814 0.057187499999999995 0.18826851851851853
3 0.021604166666666664 0.6928981481481482 0.03353125 0.11008333333333334
3 0.74409375 0.7600277777777779 0.168125 0.22067592592592594
5 0.35528645833333333 0.8580277777777777 0.08494791666666666 0.26851851851851855
3 0.7252604166666666 0.08950925925925926 0.04054166666666667 0.028398148148148148