2 0.6418697916666667 0.24662962962962964 0.012260416666666666 0.015148148148148148
5 0.6753020833333333 0.2847222222222222 0.005098958333333333 0.0205
5 0.6786510416666667 0.29200000000000004 0.0073281250000000004 0.02447222222222222
5 0.6661874999999999 0.2946388888888889 0.005473958333333333 0.02712037037037037
5 0.6620989583333333 0.2949722222222222 0.0062187499999999995 0.03306481481481482
5 0.6901822916666667 0.2949722222222222 0.002859375 0.018518518518518517
5 0.6860885416666667 0.2962962962962963 0.004348958333333333 0.022490740740740738
5 0.6565208333333333 0.30026851851851855 0.0069635416666666665 0.04100925925925926
5 0.5719010416666667 0.3035740740740741 0.008859375000000001 0.030425925925925926
5 0.6957604166666667 0.30787037037037035 0.005833333333333333 0.0205
1 0.5505104166666667 0.3101851851851852 0.05759375 0.03836111111111111
3 0.6666041666666668 0.31754629629629627 0.012015625 0.028194444444444442
1 0.5432552083333333 0.32010185185185186 0.044578125 0.03306481481481482
1 0.5386093750000001 0.32605555555555554 0.037515625000000004 0.03438888888888889
3 0.70234375 0.32660185185185187 0.019572916666666666 0.016833333333333332
3 0.6760729166666667 0.33143518518518517 0.014375 0.028194444444444442
1 0.6044427083333334 0.33432407407407405 0.03897395833333333 0.05092592592592592
3 0.6974895833333333 0.3400648148148148 0.021234375000000003 0.013472222222222222
3 0.6927604166666667 0.35774074074074075 0.012239583333333333 0.027777777777777776
3 0.6107656250000001 0.36012037037037037 0.021864583333333333 0.025796296296296296
0 0.576171875 0.36441666666666667 0.046427083333333334 0.08068518518518518
3 0.69678125 0.3680555555555556 0.008921875 0.03409259259259259
3 0.61653125 0.39351851851851855 0.020744791666666665 0.0582037037037037
0 0.7226979166666666 0.40630555555555553 0.045703125 0.13491666666666668
3 0.57078125 0.4090648148148148 0.04754166666666667 0.025796296296296296
3 0.5916093750000001 0.42989814814814814 0.055718750000000004 0.02910185185185185
3 0.76378125 0.44599074074074074 0.048088541666666665 0.016972222222222222
3 0.5873333333333334 0.44741666666666663 0.05683333333333333 0.02975925925925926
3 0.77528125 0.45678703703703705 0.056328125 0.015435185185185187
3 0.7779270833333333 0.4708333333333333 0.05514583333333333 0.01574074074074074
3 0.5823229166666667 0.4754351851851852 0.06932291666666666 0.0743425925925926
3 0.7906875 0.4810185185185185 0.03899479166666667 0.017592592592592594
3 0.551078125 0.48624074074074075 0.06933333333333333 0.02237962962962963
3 0.8010989583333333 0.49699074074074073 0.03222395833333333 0.03657407407407407
3 0.5490520833333333 0.5072037037037037 0.07801562499999999 0.051444444444444445
3 0.8296302083333333 0.5171296296296296 0.06584375 0.03611111111111111
3 0.8340572916666668 0.5391203703703704 0.069484375 0.02638888888888889
3 0.8610052083333334 0.555324074074074 0.06817187499999999 0.04398148148148148
3 0.8107552083333334 0.5627314814814814 0.035390625 0.05416666666666667
3 0.5282812499999999 0.5640648148148149 0.085953125 0.11580555555555555
3 0.47729166666666667 0.5704722222222223 0.09074479166666666 0.05658333333333333
3 0.8732395833333333 0.5761574074074074 0.07285416666666666 0.038425925925925926
5 0.118265625 0.5821759259259259 0.04826041666666667 0.09953703703703703
3 0.8741510416666666 0.6111111111111112 0.061140625 0.05555555555555555
3 0.825203125 0.6268518518518519 0.07001041666666666 0.09722222222222222
5 0.022572916666666668 0.6273148148148148 0.028583333333333336 0.11574074074074074
3 0.46890104166666663 0.6317499999999999 0.10173958333333334 0.10711111111111112
3 0.9197135416666666 0.6541666666666667 0.09288541666666666 0.10925925925925926
3 0.4365 0.65625 0.13009895833333332 0.11702777777777777
3 0.36364583333333333 0.7025370370370371 0.13520833333333335 0.14582407407407408
3 0.8627812499999999 0.7173055555555556 0.09950520833333334 0.11979629629629629
2 0.6454739583333333 0.7337962962962963 0.2978229166666667 0.5324074074074074
3 0.981046875 0.7439814814814815 0.031697916666666666 0.05462962962962963
3 0.8712864583333333 0.7682129629629629 0.09707812499999999 0.14012962962962963
3 0.9802656249999999 0.8025462962962963 0.03638020833333333 0.06898148148148148
3 0.8979739583333333 0.8119259259259259 0.11451041666666667 0.14421296296296296