5 0.550734375 0.2649444444444444 0.007552083333333333 0.01725925925925926
5 0.6597395833333334 0.28450925925925924 0.008348958333333333 0.025249999999999998
5 0.6234010416666667 0.29566666666666663 0.009890624999999998 0.030722222222222224
5 0.6082552083333332 0.29839814814814813 0.006671875 0.024407407407407405
3 0.6237604166666666 0.30955555555555553 0.011177083333333334 0.02987962962962963
1 0.6968333333333334 0.32449074074074075 0.10070833333333334 0.07491666666666666
1 0.5398645833333333 0.3256203703703704 0.035791666666666666 0.03641666666666667
1 0.6024166666666667 0.3278611111111111 0.037828125 0.03450925925925926
5 0.6514010416666667 0.3501666666666667 0.017151041666666665 0.09539814814814815
5 0.695890625 0.3632222222222222 0.015500000000000002 0.09343518518518518
0 0.575171875 0.3653240740740741 0.047734375 0.09427777777777777
5 0.608078125 0.38047222222222227 0.019791666666666666 0.08754629629629629
3 0.6201510416666667 0.39814814814814814 0.014578124999999999 0.05555555555555555
0 0.722421875 0.40446296296296297 0.04677604166666667 0.1388888888888889
2 0.7652916666666666 0.43939814814814815 0.05202083333333333 0.016833333333333332
3 0.5827447916666666 0.4461296296296296 0.06761458333333333 0.025249999999999998
2 0.7775989583333334 0.4608611111111111 0.05959375 0.02609259259259259
3 0.5775208333333333 0.4638055555555556 0.06852604166666666 0.050509259259259254
3 0.5503020833333333 0.48442592592592587 0.07469270833333333 0.04798148148148148
3 0.8346666666666667 0.5130462962962963 0.07429166666666666 0.03450925925925926
3 0.8341927083333334 0.5256759259259259 0.06388020833333334 0.05471296296296296
3 0.5394114583333334 0.5408240740740741 0.08321875 0.12037037037037036
3 0.8630677083333332 0.5521851851851852 0.06765625 0.033666666666666664
3 0.81265625 0.5631296296296295 0.04163541666666667 0.05724074074074074
3 0.47786979166666665 0.5681851851851851 0.09176041666666666 0.05387037037037037
3 0.8772708333333333 0.5711296296296297 0.07901041666666667 0.036194444444444446
5 0.9461510416666666 0.5883796296296296 0.03874479166666667 0.12794444444444444
3 0.474421875 0.595675925925926 0.10384375 0.09259259259259259
3 0.8779791666666666 0.6031111111111112 0.07380208333333332 0.05976851851851851
3 0.8280364583333333 0.6216296296296296 0.06861458333333334 0.10016666666666667
3 0.9025989583333334 0.6287870370370371 0.04349479166666667 0.06060185185185185
3 0.44578124999999996 0.6620370370370371 0.11253645833333333 0.1388888888888889
3 0.019765625000000002 0.6701388888888888 0.039531250000000004 0.14583333333333334
3 0.96196875 0.6780277777777778 0.07606249999999999 0.09848148148148148
3 0.866140625 0.6843425925925927 0.107890625 0.04882407407407407
3 0.36159375 0.706787037037037 0.12124479166666666 0.14814814814814814
3 0.8701666666666666 0.7230648148148148 0.11309895833333333 0.06060185185185185
2 0.6427760416666667 0.7382129629629629 0.3086041666666667 0.5235648148148149
5 0.13854687499999999 0.7407407407407407 0.08834895833333332 0.3148148148148148
3 0.9813802083333333 0.7807222222222222 0.037234375 0.12710185185185185
3 0.8926510416666668 0.7895648148148149 0.12019270833333334 0.10269444444444444
3 0.8726875 0.9189814814814815 0.0915 0.14351851851851852