5 0.6433229166666667 0.24855555555555556 0.0025625 0.01562962962962963
5 0.6376302083333333 0.25144444444444447 0.0035416666666666665 0.01562962962962963
5 0.6637916666666667 0.2678611111111111 0.0036614583333333334 0.026453703703703705
5 0.7078697916666666 0.29332407407407407 0.0032708333333333335 0.009916666666666667
5 0.6981979166666666 0.2956388888888889 0.005505208333333333 0.021166666666666667
3 0.6849791666666667 0.3040925925925926 0.012848958333333334 0.00876851851851852
5 0.6920625 0.3055555555555556 0.0043906249999999996 0.021166666666666667
5 0.594609375 0.3058888888888889 0.0074062500000000005 0.046953703703703706
5 0.7052656249999999 0.3058888888888889 0.0032708333333333335 0.012564814814814815
2 0.5554427083333333 0.31789814814814815 0.064171875 0.04114814814814815
3 0.6868958333333333 0.3194444444444444 0.002984375 0.009259259259259259
5 0.6924322916666666 0.3320092592592592 0.008854166666666666 0.026453703703703705
0 0.6260364583333333 0.33267592592592593 0.031572916666666666 0.019842592592592592
1 0.7312135416666667 0.3790277777777778 0.06903125 0.10990740740740741
3 0.5684635416666667 0.3801481481481481 0.010359375 0.029833333333333333
5 0.6838802083333333 0.3882314814814815 0.016296875 0.09920370370370371
0 0.597953125 0.3948425925925926 0.04608854166666666 0.09524074074074074
5 0.6492864583333334 0.4027777777777778 0.017802083333333333 0.10713888888888888
3 0.6305520833333333 0.4131944444444444 0.016598958333333334 0.056212962962962965
3 0.6665104166666667 0.4201388888888889 0.016151041666666668 0.04861111111111111
3 0.7620677083333334 0.44039814814814815 0.04847395833333333 0.03228703703703704
3 0.7683229166666667 0.4446851851851852 0.05724479166666666 0.030583333333333334
3 0.5718802083333333 0.4545740740740741 0.04972916666666667 0.0725925925925926
3 0.77571875 0.4565462962962963 0.05883333333333333 0.020314814814814817
3 0.77734375 0.4590648148148148 0.05667708333333333 0.00876851851851852
3 0.5533802083333333 0.48250925925925925 0.060046875000000006 0.014407407407407409
3 0.780921875 0.48344444444444445 0.06461979166666666 0.035111111111111114
3 0.77871875 0.4853333333333333 0.06488020833333333 0.020796296296296295
3 0.5482760416666667 0.49675925925925923 0.07899479166666666 0.0362037037037037
3 0.7979479166666666 0.5005833333333334 0.06253645833333334 0.047453703703703706
3 0.7540625 0.5176666666666667 0.012864583333333334 0.03923148148148148
3 0.8351822916666667 0.5229074074074074 0.059973958333333334 0.024370370370370372
3 0.5484947916666666 0.5471296296296296 0.08153125 0.07162962962962963
3 0.8628645833333334 0.5560462962962963 0.06434375 0.012666666666666666
3 0.7755729166666666 0.5591759259259259 0.056427083333333336 0.07547222222222223
3 0.796953125 0.5655462962962963 0.053135416666666664 0.03167592592592593
3 0.8661510416666667 0.5701759259259259 0.056671875000000003 0.010722222222222222
3 0.47680208333333335 0.5734537037037037 0.09511458333333334 0.056888888888888885
3 0.5369947916666666 0.5764537037037037 0.08746354166666667 0.0726574074074074
3 0.8740989583333333 0.5950277777777778 0.0654375 0.016564814814814817
3 0.455015625 0.6118796296296297 0.10232291666666667 0.09233333333333334
3 0.9209635416666667 0.6245092592592593 0.06377604166666667 0.04142592592592593
3 0.8110625 0.6424814814814814 0.08026041666666667 0.09198148148148148
3 0.4395 0.6444166666666666 0.10818229166666667 0.09311111111111112
3 0.021067708333333334 0.6643518518518519 0.04213541666666667 0.14351851851851852
3 0.8619010416666666 0.6839629629629629 0.08325520833333333 0.018027777777777778
3 0.4236979166666667 0.6850648148148148 0.10927604166666667 0.15075
3 0.8479270833333333 0.6854074074074075 0.08545312499999999 0.09399074074074075
3 0.9656874999999999 0.6885370370370371 0.06809895833333333 0.09539814814814815
3 0.35815625 0.7010277777777778 0.11960416666666666 0.14526851851851852
3 0.868890625 0.7188148148148149 0.09175 0.037037037037037035
3 0.9849791666666667 0.7451296296296296 0.027875 0.02826851851851852
3 0.9560677083333334 0.7546296296296297 0.01390625 0.053120370370370366
3 0.8701354166666667 0.7575555555555555 0.111234375 0.03264814814814815
3 0.9838802083333333 0.8016574074074073 0.028968749999999998 0.03996296296296296
3 0.868078125 0.8538055555555556 0.129046875 0.1267037037037037