3 0.46997916666666667 0.27738888888888885 0.055093750000000004 0.056324074074074075
4 0.32005208333333335 0.2777777777777778 0.12384895833333333 0.24074074074074073
5 0.3773229166666667 0.28935185185185186 0.021942708333333335 0.10185185185185185
5 0.4079166666666667 0.3050925925925926 0.025833333333333333 0.08333333333333333
5 0.20889583333333334 0.30710185185185185 0.016546875 0.10030555555555555
3 0.23883854166666665 0.3121111111111111 0.036520833333333336 0.06558333333333333
3 0.5649270833333334 0.32113888888888886 0.047942708333333334 0.0984537037037037
3 0.5861041666666666 0.33140740740740743 0.029885416666666668 0.09953703703703703
5 0.6084010416666668 0.33449074074074076 0.017953125 0.1597222222222222
3 0.6402447916666667 0.34221296296296294 0.04406770833333333 0.10416666666666667
3 0.6576927083333334 0.3525462962962963 0.05898958333333334 0.10046296296296296
5 0.4599947916666667 0.3576388888888889 0.031463541666666664 0.1736111111111111
3 0.679953125 0.3679814814814815 0.06705208333333333 0.09892592592592593
3 0.6958749999999999 0.3763148148148148 0.058104166666666665 0.11775000000000001
3 0.7238229166666666 0.3844166666666667 0.05150520833333334 0.11543518518518518
5 0.7568541666666667 0.40578703703703706 0.0334375 0.1865740740740741
3 0.7368854166666666 0.4085648148148148 0.029885416666666668 0.08256481481481481
3 0.8041510416666667 0.44136111111111115 0.011640625 0.06481481481481481
3 0.8531927083333334 0.44251851851851853 0.04652604166666666 0.11805555555555555
5 0.8267291666666666 0.4449814814814815 0.04139583333333333 0.21187962962962964
5 0.7900989583333333 0.4529351851851852 0.054947916666666666 0.2212962962962963
3 0.886390625 0.45601851851851855 0.03569270833333334 0.13580555555555554
3 0.89828125 0.46296296296296297 0.034479166666666665 0.1373425925925926
3 0.9249270833333333 0.47800925925925924 0.03986979166666667 0.15046296296296297
3 0.9472708333333333 0.4878796296296296 0.030244791666666666 0.1517037037037037
3 0.9770833333333333 0.5127314814814815 0.028781249999999998 0.12268518518518519
3 0.994796875 0.5339537037037037 0.010401041666666666 0.09876851851851852
5 0.9162864583333333 0.8263888888888888 0.09726041666666667 0.3425925925925926