3 0.7043802083333334 0.09656481481481483 0.0133125 0.020462962962962964
5 0.7186145833333334 0.10012037037037036 0.014463541666666666 0.04084259259259259
3 0.7056458333333333 0.12296296296296297 0.024125 0.03560185185185186
0 0.670609375 0.13312962962962963 0.050109375 0.08372222222222223
3 0.7005833333333332 0.13462037037037036 0.01078125 0.035194444444444445
0 0.756484375 0.13827777777777778 0.03425520833333333 0.0844074074074074
5 0.6125520833333333 0.1391388888888889 0.013286458333333334 0.03808333333333334
5 0.7235312500000001 0.14085185185185187 0.01096875 0.044259259259259255
5 0.6754791666666667 0.14668518518518517 0.012526041666666666 0.06965740740740742
5 0.73125 0.14771296296296296 0.010578124999999999 0.03534259259259259
5 0.6528072916666667 0.15097222222222223 0.013885416666666667 0.05901851851851852
5 0.7396458333333332 0.15183333333333332 0.012 0.04357407407407408
5 0.5960572916666667 0.1550925925925926 0.005765625 0.026759259259259257
5 0.706453125 0.17036111111111113 0.014640624999999999 0.05455555555555556
3 0.6418854166666667 0.1722037037037037 0.021640625 0.04424074074074074
5 0.6263541666666667 0.17362037037037037 0.014703125000000001 0.09401851851851853
5 0.663515625 0.17447222222222222 0.009057291666666667 0.031907407407407405
5 0.6904375 0.18237037037037038 0.010786458333333334 0.0422037037037037
3 0.5724374999999999 0.18508333333333332 0.020088541666666668 0.028564814814814817
5 0.6149635416666667 0.18562962962962962 0.018494791666666666 0.0878425925925926
3 0.485515625 0.1873240740740741 0.027119791666666667 0.03863888888888889
3 0.7365989583333333 0.1888425925925926 0.015697916666666666 0.03805555555555556
3 0.718765625 0.196 0.026505208333333332 0.03273148148148148
5 0.6050260416666667 0.20466666666666666 0.019463541666666664 0.10945370370370369
3 0.57259375 0.2108425925925926 0.029854166666666668 0.062157407407407404
5 0.5286979166666667 0.21548148148148147 0.014640624999999999 0.052842592592592594
3 0.4941770833333334 0.2161574074074074 0.041296875000000004 0.04703703703703704
5 0.591328125 0.21702777777777776 0.015609375 0.10739814814814815
3 0.7089895833333333 0.21891666666666668 0.030875 0.035194444444444445
3 0.55275 0.22036111111111112 0.03301041666666667 0.06551851851851852
5 0.6784739583333333 0.22542592592592595 0.015807291666666667 0.10019444444444443
5 0.6607187499999999 0.22972222222222222 0.019671875000000002 0.1101388888888889
1 0.7308125000000001 0.23915740740740743 0.09948958333333334 0.05558333333333333
3 0.5469270833333333 0.24051851851851852 0.0314375 0.04872222222222222
3 0.530703125 0.24612037037037038 0.04183333333333333 0.05544444444444445
3 0.518578125 0.26096296296296295 0.041526041666666666 0.0672037037037037
3 0.49621875 0.2732777777777778 0.042791666666666665 0.0705648148148148
3 0.47338541666666667 0.2850462962962963 0.04311458333333333 0.07391666666666666
3 0.40944791666666663 0.28727777777777774 0.042505208333333336 0.05151851851851852
3 0.4648802083333334 0.2948425925925926 0.047526041666666664 0.07672222222222222
1 0.6958802083333333 0.30400925925925926 0.17784895833333333 0.10156481481481482
3 0.4535416666666666 0.3085648148148148 0.049421875 0.07391666666666666
5 0.55821875 0.3312777777777777 0.025046875000000003 0.12524074074074074
1 0.66909375 0.43096296296296294 0.23163541666666668 0.23744444444444443
3 0.22057291666666667 0.43316666666666664 0.0194375 0.04984259259259259
3 0.20655208333333333 0.44996296296296295 0.029208333333333333 0.06775925925925927
5 0.6287604166666667 0.4728148148148148 0.04221875 0.20587037037037037
5 0.24121874999999998 0.47740740740740745 0.023677083333333335 0.1338425925925926
3 0.19647395833333334 0.48104629629629625 0.04369791666666667 0.08736111111111111
5 0.36895833333333333 0.504 0.04153125 0.1825648148148148
3 0.18261458333333333 0.5188425925925926 0.04496354166666667 0.09463888888888888
3 0.24136458333333335 0.5258425925925926 0.07316145833333333 0.14112037037037037
3 0.16293229166666665 0.5261203703703704 0.045286458333333335 0.10360185185185185
3 0.14041145833333332 0.5518796296296296 0.04686979166666667 0.1058425925925926
3 0.12261979166666667 0.5734444444444445 0.049708333333333334 0.0952037037037037
3 0.10230208333333332 0.5947222222222222 0.04877083333333333 0.09744444444444444
3 0.08277604166666667 0.6095648148148148 0.04752083333333333 0.09463888888888888
3 0.064984375 0.6274814814814814 0.04154166666666667 0.09687962962962962
3 0.04167708333333333 0.6546481481481481 0.03272916666666667 0.09968518518518518
3 0.023255208333333333 0.6692037037037037 0.03997916666666667 0.11760185185185186
3 0.0085625 0.7058888888888889 0.017125 0.08008333333333333
3 0.724515625 0.07283333333333333 0.010770833333333334 0.011453703703703704
3 0.720375 0.07447222222222223 0.014458333333333333 0.009000000000000001
3 0.7408541666666667 0.07712962962962963 0.006161458333333333 0.015138888888888891
1 0.6526979166666667 0.7708333333333334 0.36480729166666664 0.38425925925925924
5 0.7496614583333333 0.08106481481481481 0.008046875 0.02698148148148148
3 0.7066822916666666 0.08675 0.010546875 0.018000000000000002
5 0.7361562500000001 0.08712962962962963 0.011947916666666667 0.03514814814814815