5 0.18267968750000002 0.7005208333333334 0.0675078125 0.24131944444444445
5 0.046132812499999995 0.7230902777777778 0.06213671875 0.24473611111111113
5 0.1096484375 0.7473958333333334 0.0538203125 0.25050694444444443
5 0.90821875 0.3138611111111111 0.006921874999999999 0.034798611111111113
4 0.9377812499999999 0.3185486111111111 0.042703124999999995 0.09235416666666667
5 0.84571875 0.31988194444444445 0.007648437499999999 0.05220138888888889
5 0.82933984375 0.3265763888888889 0.009523437499999999 0.06156944444444444
5 0.7738046875 0.3510069444444444 0.00837109375 0.03145138888888889
5 0.75234375 0.35134027777777777 0.010621093750000001 0.028104166666666666
5 0.8400703125 0.3560208333333333 0.00915234375 0.07227777777777777
5 0.76646484375 0.36170833333333335 0.01100390625 0.048854166666666664
5 0.8619101562499999 0.37074305555555553 0.01066796875 0.04550694444444445
5 0.7591210937499999 0.3750972222222222 0.008367187500000001 0.04617361111111111
4 0.133953125 0.5302916666666667 0.26790625 0.30514583333333334
5 0.13166796875 0.6365625 0.04594921875 0.18705555555555556
1 0.56169140625 0.6796875 0.307953125 0.2864583333333333