3 0.7137552083333334 0.1025462962962963 0.029604166666666668 0.015694444444444445
3 0.6917187499999999 0.10353703703703702 0.0096875 0.013472222222222222
3 0.6795000000000001 0.11481481481481481 0.008291666666666666 0.014814814814814815
0 0.753015625 0.125 0.03571354166666666 0.07715740740740741
0 0.698046875 0.1700648148148148 0.05772395833333333 0.12335185185185185
3 0.7449166666666667 0.1785 0.0415 0.03600925925925926
1 0.591875 0.18153703703703705 0.12314583333333333 0.12232407407407409
3 0.493296875 0.2013888888888889 0.040015625 0.06388888888888888
3 0.7217708333333334 0.2172314814814815 0.04497916666666667 0.05380555555555556
5 0.46402604166666667 0.27708333333333335 0.025557291666666666 0.11805555555555555
2 0.68096875 0.31121296296296297 0.19947916666666668 0.20678703703703705
5 0.2747395833333333 0.4048611111111111 0.04438020833333333 0.13564814814814816
5 0.2557395833333333 0.4537037037037037 0.021994791666666666 0.08055555555555556
5 0.22761979166666665 0.46550925925925923 0.029817708333333335 0.1439814814814815
3 0.20626562499999998 0.475462962962963 0.04805729166666666 0.10833333333333334
3 0.24234375 0.4804537037037037 0.018989583333333334 0.051444444444444445
5 0.7208749999999999 0.5018518518518519 0.05122395833333333 0.21944444444444444
5 0.12152083333333333 0.5173611111111112 0.036369791666666665 0.14583333333333334
3 0.16187500000000002 0.5180555555555556 0.04416666666666667 0.13055555555555556
5 0.06619270833333334 0.5740740740740741 0.037697916666666664 0.1527777777777778
3 0.019979166666666666 0.6701388888888888 0.028604166666666667 0.12731481481481483
3 0.6494114583333332 0.7113703703703703 0.15939583333333335 0.16985185185185184
3 0.7330364583333334 0.07453703703703704 0.012125 0.011416666666666667
3 0.7240104166666667 0.07932407407407407 0.012479166666666668 0.010490740740740741
3 0.71728125 0.08207407407407408 0.0063593750000000004 0.01262962962962963
3 0.7196666666666667 0.09250925925925925 0.030078125 0.022555555555555554