5 0.045191406249999996 0.6963958333333333 0.05376171875 0.23739583333333336
5 0.44229296875 0.8765694444444444 0.0750625 0.19697222222222222
5 0.28726953125 0.9198819444444445 0.06090234375 0.15329861111111112
5 0.8614062499999999 0.31643750000000004 0.0085625 0.05416666666666667
1 0.97414453125 0.3347222222222222 0.039765625 0.0398125
5 0.843 0.3422638888888889 0.01087890625 0.06300694444444445
5 0.6762578125 0.39911111111111114 0.023859375 0.10905555555555554
5 0.73594140625 0.4161805555555555 0.02635546875 0.10285416666666668
3 0.73242578125 0.4468888888888889 0.030871093750000002 0.07311805555555556
4 0.17378906249999998 0.5536597222222223 0.1906796875 0.348375
5 0.0381953125 0.5913333333333333 0.02850390625 0.09117361111111111