5 0.72059375 0.16927777777777778 0.0062578124999999995 0.027777777777777776
5 0.7335234374999999 0.16927777777777778 0.006742187500000001 0.03993055555555555
5 0.6686875 0.1892361111111111 0.0124453125 0.06597222222222222
5 0.6945546874999999 0.20833333333333334 0.0134140625 0.052083333333333336
5 0.6061093750000001 0.2105 0.006796874999999999 0.018236111111111113
3 0.6663984375 0.21180555555555555 0.0062812499999999995 0.027777777777777776
3 0.693984375 0.227 0.0048046875 0.032125
0 0.6271875 0.2361111111111111 0.042734375000000005 0.09722222222222222
3 0.6002500000000001 0.24609722222222222 0.006796874999999999 0.03559722222222222
5 0.173671875 0.39844444444444443 0.0165546875 0.09895833333333333
5 0.1365625 0.4427083333333333 0.0302421875 0.1701388888888889
5 0.20589062500000002 0.4548611111111111 0.0243515625 0.16319444444444445
5 0.178546875 0.46615277777777775 0.0224140625 0.16493055555555555