3 0.7153854166666667 0.09884259259259259 0.022671875 0.016703703703703703
3 0.7103750000000001 0.10719444444444444 0.021421875 0.01837962962962963
5 0.6557083333333333 0.1272037037037037 0.007140625 0.03355555555555556
0 0.7544375 0.1272962962962963 0.0345625 0.07415740740740741
0 0.669109375 0.12863888888888889 0.049359375 0.08163888888888889
5 0.7131770833333333 0.1345185185185185 0.015692708333333333 0.06527777777777778
5 0.68384375 0.1424537037037037 0.013307291666666667 0.06893518518518518
5 0.6963645833333333 0.14641666666666667 0.018447916666666668 0.09150925925925926
5 0.6618854166666667 0.14702777777777776 0.010567708333333333 0.05246296296296296
3 0.725890625 0.16062037037037036 0.018359375 0.041851851851851855
3 0.634140625 0.17196296296296296 0.03280208333333333 0.04273148148148148
3 0.7416302083333334 0.1724074074074074 0.03459375 0.025342592592592594
5 0.668234375 0.18973148148148147 0.01296875 0.04148148148148148
3 0.57878125 0.19161111111111112 0.03933333333333333 0.03337962962962963
3 0.48953125 0.1918148148148148 0.024447916666666666 0.03802777777777778
5 0.650390625 0.19339814814814815 0.01640625 0.06344444444444444
3 0.5728125 0.20660185185185184 0.027979166666666666 0.02450925925925926
3 0.6725937500000001 0.21292592592592594 0.024166666666666666 0.040379629629629626
3 0.4989166666666666 0.21383333333333332 0.03551041666666667 0.06593518518518518
3 0.551546875 0.21442592592592594 0.029177083333333336 0.03337962962962963
3 0.6944687500000001 0.22353703703703703 0.04935416666666667 0.03212037037037037
3 0.5398125 0.23068518518518516 0.039447916666666666 0.03887037037037037
1 0.7301562500000001 0.2449259259259259 0.09984375 0.07621296296296297
3 0.518125 0.2612777777777778 0.041380208333333335 0.06962037037037037
3 0.49772916666666667 0.2672314814814815 0.032765625 0.04351851851851852
3 0.41181770833333337 0.28075925925925926 0.04394270833333334 0.05787962962962963
3 0.47390104166666663 0.29106481481481483 0.047234375 0.07175925925925926
3 0.4614895833333333 0.29427777777777775 0.042520833333333334 0.04436111111111111
1 0.6039270833333333 0.3000277777777777 0.14692708333333335 0.14805555555555555
1 0.694984375 0.30833333333333335 0.17668229166666669 0.10277777777777777
3 0.4275 0.31877777777777777 0.037760416666666664 0.052814814814814814
1 0.6686093750000001 0.43110185185185185 0.23124479166666667 0.2363148148148148
1 0.4902708333333334 0.45 0.16338020833333333 0.20525925925925925
3 0.23380208333333333 0.4698611111111111 0.04982291666666667 0.08107407407407408
3 0.21735416666666665 0.4807962962962963 0.04272395833333333 0.0910648148148148
3 0.20193229166666665 0.49788888888888894 0.056531250000000005 0.08930555555555555
3 0.18383333333333332 0.5183148148148148 0.044145833333333336 0.09467592592592593
3 0.16545833333333335 0.5330833333333334 0.04084375 0.09580555555555556
3 0.13906770833333332 0.5593796296296296 0.050291666666666665 0.09344444444444444
3 0.12340625 0.5780462962962962 0.050270833333333334 0.09248148148148148
3 0.10416145833333333 0.6052870370370371 0.045619791666666666 0.08778703703703704
3 0.08349999999999999 0.6205185185185185 0.04479166666666667 0.0834537037037037
3 0.06391666666666666 0.6309351851851852 0.044953125000000003 0.0827962962962963
1 0.3306927083333333 0.6345277777777777 0.21828125 0.2718611111111111
3 0.042005208333333335 0.660324074074074 0.033604166666666664 0.09493518518518519
3 0.025614583333333333 0.6669537037037037 0.038286458333333336 0.10596296296296297
3 0.7426302083333333 0.07058333333333333 0.019213541666666667 0.011972222222222223
5 0.025802083333333333 0.7188703703703704 0.051604166666666666 0.16096296296296297
3 0.7348020833333333 0.07448148148148148 0.016401041666666664 0.011972222222222223
1 0.6521562500000001 0.7779259259259259 0.3626666666666667 0.3986018518518519
3 0.7288489583333334 0.07893518518518519 0.016401041666666664 0.014759259259259258
3 0.7254843750000001 0.08631481481481482 0.018125 0.01725925925925926
3 0.7223541666666667 0.08839814814814814 0.018125 0.015314814814814814
3 0.71734375 0.09187962962962963 0.015625 0.014481481481481482