5 0.7546328124999999 0.15904166666666666 0.003640625 0.01688888888888889
5 0.749734375 0.16176388888888887 0.0037031250000000003 0.019069444444444444
4 0.67340625 0.16477777777777777 0.047617187500000005 0.0770138888888889
5 0.7302890625 0.16818055555555556 0.00484375 0.013458333333333333
5 0.7051484375 0.171875 0.0049140625 0.03038888888888889
5 0.7091796875 0.1736111111111111 0.004179687499999999 0.025180555555555553
5 0.71784375 0.1744861111111111 0.0049140625 0.026041666666666668
5 0.727 0.1744861111111111 0.00565625 0.0165
5 0.71284375 0.17491666666666666 0.005156249999999999 0.027777777777777776
5 0.72175 0.17491666666666666 0.0039453125 0.03125
5 0.7388359375 0.17990277777777777 0.0058984375 0.028208333333333332
5 0.745796875 0.18077777777777776 0.0066328125 0.02647222222222222
3 0.72675 0.1890138888888889 0.006140625 0.012583333333333334
5 0.673828125 0.19570833333333332 0.010007812500000001 0.03194444444444444
1 0.7823125 0.19704166666666667 0.041734375000000004 0.035305555555555555
3 0.67375 0.211625 0.012148437500000001 0.02475
5 0.5001875 0.2708888888888889 0.0240078125 0.08218055555555556
3 0.5007421875 0.30513888888888885 0.027187499999999996 0.059263888888888894
5 0.6574140625 0.41691666666666666 0.04184375 0.19191666666666668