5 0.8519726562500001 0.3229166666666667 0.010738281249999999 0.06051388888888889
5 0.9058164062499999 0.3234097222222222 0.010199218749999999 0.04563194444444444
5 0.86425 0.32490277777777776 0.00851171875 0.0625
5 0.82471484375 0.3252291666666667 0.01354296875 0.0763888888888889
5 0.8734531249999999 0.3263888888888889 0.010187499999999999 0.06150694444444444
5 0.71666015625 0.3900486111111111 0.01748828125 0.09722222222222222
5 0.73781640625 0.4074097222222222 0.0181328125 0.1111111111111111
1 0.64777734375 0.4801597222222222 0.158375 0.1438472222222222
4 0.1323359375 0.5600972222222222 0.26466796875 0.36822222222222223
5 0.30148046875 0.5865555555555555 0.046867187500000004 0.202875
1 0.56563671875 0.6850208333333333 0.31457812500000004 0.28968055555555555