5 0.23689583333333333 0.21973148148148147 0.010359375 0.03632407407407407
1 0.11303645833333334 0.23250925925925928 0.05211458333333333 0.03909259259259259
4 0.19457291666666665 0.24498148148148147 0.08675000000000001 0.16280555555555556
5 0.12055729166666666 0.24845370370370368 0.010369791666666666 0.06275925925925926
3 0.23709375000000002 0.25177777777777777 0.00915625 0.027777777777777776
5 0.25195833333333334 0.25257407407407406 0.017718750000000002 0.08333333333333333
3 0.48839583333333336 0.2777777777777778 0.04766145833333334 0.06944444444444445
4 0.323453125 0.2804814814814815 0.11534375000000001 0.22916666666666666
5 0.45591145833333335 0.28948148148148145 0.030953125 0.09953703703703703
5 0.4260885416666667 0.29114814814814816 0.024213541666666668 0.09259259259259259
5 0.5869635416666666 0.3184166666666667 0.030322916666666665 0.15534259259259262
3 0.25338020833333336 0.32523148148148145 0.03855729166666667 0.09182407407407407
3 0.45975520833333333 0.3271574074074074 0.05027604166666667 0.07252777777777777
3 0.620765625 0.33719444444444446 0.05285416666666667 0.10339814814814816
3 0.6370416666666666 0.33719444444444446 0.052411458333333334 0.10956481481481481
3 0.5726041666666667 0.3472222222222222 0.022494791666666666 0.07715740740740741
3 0.65721875 0.3472222222222222 0.05544270833333333 0.09876851851851852
3 0.6771770833333334 0.35185185185185186 0.06411458333333334 0.06944444444444445
5 0.9716145833333333 0.4097222222222222 0.023020833333333334 0.07407407407407407
2 0.844703125 0.7592592592592593 0.31059895833333334 0.4444444444444444
3 0.253109375 0.8487685185185185 0.10219270833333334 0.302462962962963