5 0.05412109375 0.699 0.0541640625 0.2275
4 0.935421875 0.3186319444444444 0.04140625 0.0938263888888889
5 0.8247031249999999 0.32459722222222226 0.00605859375 0.06128472222222222
5 0.90439453125 0.33179166666666665 0.00986328125 0.05092361111111111
5 0.8370585937499999 0.33219444444444446 0.013679687500000001 0.065625
5 0.8555117187500001 0.3343611111111111 0.009710937499999999 0.059118055555555556
5 0.7534492187499999 0.3643472222222222 0.0180078125 0.04638888888888889
5 0.667953125 0.3782638888888889 0.01161328125 0.042819444444444445
5 0.8359335937499999 0.38718055555555553 0.017578125 0.03925694444444445
5 0.687421875 0.4307152777777778 0.01849609375 0.12204166666666667
5 0.65711328125 0.4332152777777778 0.02285546875 0.12846527777777778
5 0.69745703125 0.44320833333333337 0.0217109375 0.12561111111111112
4 0.1664296875 0.5522569444444444 0.17816796875000002 0.3438541666666666
1 0.36668359375000004 0.6460347222222222 0.2729140625 0.276125
1 0.56157421875 0.6772916666666666 0.30515625 0.2726527777777778