4 0.72684375 0.15084722222222222 0.022828124999999998 0.043263888888888886
5 0.7436796875 0.18147222222222223 0.004890625 0.029041666666666667
5 0.66634375 0.1824861111111111 0.0034140625 0.016555555555555556
5 0.72203125 0.18293055555555557 0.00503125 0.026708333333333334
5 0.660546875 0.1833611111111111 0.0055390625 0.017125
5 0.749234375 0.18829166666666666 0.00684375 0.022361111111111113
3 0.7411484374999999 0.18975 0.0040703125 0.013652777777777778
1 0.69859375 0.1961388888888889 0.027078124999999998 0.035708333333333335
1 0.7705390624999999 0.1989027777777778 0.03671875 0.03833333333333334
3 0.6672421875000001 0.20470833333333333 0.020234375 0.02322222222222222
3 0.750296875 0.2060138888888889 0.00603125 0.011902777777777778
5 0.6653749999999999 0.23948611111111112 0.0106484375 0.07231944444444445
5 0.385921875 0.3333333333333333 0.027734375 0.08730555555555555
3 0.3892734375 0.3928611111111111 0.052609375 0.11904166666666666