3 0.7168802083333333 0.10100925925925926 0.023328124999999998 0.01877777777777778
3 0.7123958333333333 0.11580555555555555 0.022692708333333332 0.023898148148148148
3 0.7071979166666666 0.1212037037037037 0.01836979166666667 0.022759259259259257
3 0.7003177083333333 0.12475925925925926 0.014536458333333334 0.038981481481481485
0 0.6705260416666667 0.1317962962962963 0.0515625 0.07937962962962963
0 0.7553854166666666 0.13647222222222222 0.036369791666666665 0.08649074074074074
3 0.74653125 0.17440740740740743 0.03534895833333333 0.020805555555555553
1 0.5905416666666666 0.18093518518518517 0.12230729166666668 0.12239814814814814
3 0.7324583333333333 0.18406481481481482 0.027557291666666664 0.021305555555555557
3 0.716015625 0.19311111111111112 0.03954166666666667 0.019574074074074074
3 0.4974895833333333 0.19625925925925927 0.024067708333333333 0.055842592592592596
3 0.6739375 0.20202777777777778 0.015026041666666667 0.04583333333333333
3 0.720265625 0.2116851851851852 0.03995833333333333 0.03344444444444444
3 0.6772812500000001 0.22519444444444445 0.04121875 0.04409259259259259
3 0.4066822916666667 0.2674814814814815 0.027291666666666665 0.04612962962962963
2 0.460609375 0.2735462962962963 0.11693229166666666 0.14082407407407407
5 0.373859375 0.28425925925925927 0.026734374999999998 0.0969074074074074
2 0.6834166666666667 0.31199074074074074 0.198359375 0.25655555555555554
5 0.5749218749999999 0.33312037037037034 0.0313125 0.15187037037037038
5 0.5375677083333333 0.34046296296296297 0.03352083333333333 0.16242592592592592
5 0.6967135416666667 0.34876851851851853 0.03367708333333333 0.18518518518518517
5 0.3622135416666667 0.38560185185185186 0.0378125 0.07487037037037036
5 0.22776041666666666 0.4235277777777778 0.024187499999999997 0.06593518518518518
5 0.20102083333333332 0.43875000000000003 0.0220625 0.07862037037037037
3 0.3722864583333333 0.4392407407407407 0.06969270833333334 0.10300925925925926
5 0.25735416666666666 0.4419166666666666 0.023463541666666664 0.06213888888888889
3 0.23808854166666665 0.47425000000000006 0.023442708333333333 0.058333333333333334
3 0.21419791666666665 0.4774259259259259 0.029869791666666666 0.0748148148148148
5 0.17500520833333333 0.4876574074074074 0.039734375 0.14197222222222222
5 0.08939583333333333 0.5313148148148149 0.029921875 0.0989074074074074
3 0.12184375 0.5687222222222222 0.030619791666666667 0.10017592592592592
5 0.05263020833333333 0.5910462962962963 0.041515624999999994 0.16975
3 0.5247395833333334 0.6317314814814815 0.11069270833333333 0.14562037037037037
3 0.01769270833333333 0.6631944444444444 0.03059375 0.12173148148148148
3 0.6522239583333334 0.7193333333333334 0.154765625 0.16242592592592592
3 0.7318593750000001 0.08025925925925927 0.016729166666666666 0.01740740740740741
3 0.7229791666666666 0.0877037037037037 0.020583333333333335 0.01549074074074074