4 0.19182291666666668 0.2638888888888889 0.07041666666666666 0.10648148148148148
4 0.32134375 0.30324074074074076 0.09746354166666667 0.18518518518518517
3 0.5765208333333334 0.3320092592592592 0.05280208333333333 0.0793611111111111
3 0.6195052083333333 0.33761111111111114 0.04961458333333334 0.09544444444444444
3 0.63853125 0.34330555555555553 0.056416666666666664 0.10683333333333334
5 0.8138020833333334 0.3515925925925926 0.035604166666666666 0.11508333333333334
3 0.6599583333333333 0.3536296296296296 0.054406249999999996 0.1075462962962963
3 0.6791874999999999 0.3678796296296296 0.06882291666666666 0.10612962962962963
3 0.7168385416666666 0.38639814814814816 0.05679166666666667 0.1317685185185185
3 0.7494791666666667 0.3915370370370371 0.06984895833333334 0.10317592592592593
5 0.9543437499999999 0.40461111111111114 0.025135416666666667 0.1124351851851852
5 0.9056145833333333 0.4191574074074074 0.0323125 0.19301851851851853
3 0.8266249999999999 0.4351851851851852 0.06482291666666666 0.13105555555555554
3 0.8592708333333333 0.4415925925925926 0.07002083333333334 0.13390740740740742
3 0.9590156249999999 0.4871759259259259 0.061171875 0.14387037037037037