3 0.7166458333333333 0.10593518518518519 0.032364583333333335 0.03994444444444444
3 0.720796875 0.10637037037037037 0.03285416666666666 0.03038888888888889
3 0.7041875 0.11896296296296295 0.02868229166666667 0.04167592592592592
3 0.7100520833333334 0.11939814814814814 0.029921875 0.039074074074074074
3 0.696125 0.12025925925925926 0.03210416666666667 0.039074074074074074
0 0.7537604166666667 0.122 0.04116666666666667 0.08249074074074074
3 0.6907552083333334 0.12807407407407406 0.03308333333333333 0.049490740740740745
3 0.6851406250000001 0.1385 0.023807291666666668 0.04081481481481481
3 0.6790364583333334 0.14457407407407405 0.019411458333333336 0.03560185185185186
3 0.7437395833333333 0.16714814814814816 0.044296875 0.014759259259259258
5 0.7452083333333334 0.16801851851851854 0.013041666666666667 0.07033333333333333
1 0.592125 0.18235185185185185 0.12608333333333335 0.1215648148148148
3 0.743984375 0.18625925925925926 0.04283333333333333 0.014759259259259258
3 0.494203125 0.20274999999999999 0.03472916666666667 0.05991666666666666
3 0.7224947916666667 0.21621296296296297 0.04283854166666667 0.04167592592592592
5 0.3917291666666667 0.28020370370370373 0.025229166666666667 0.10539814814814814
2 0.6817395833333334 0.31780555555555556 0.2037604166666667 0.2379259259259259
5 0.4302604166666667 0.33701851851851855 0.03609375 0.09463888888888888
5 0.341125 0.34061111111111114 0.028140625 0.1131111111111111
3 0.43943750000000004 0.3791759259259259 0.067328125 0.1131111111111111
5 0.2847395833333334 0.39395370370370375 0.036833333333333336 0.1298148148148148
5 0.6215989583333333 0.4280185185185185 0.04394791666666666 0.20308333333333334
5 0.25727083333333334 0.44600925925925927 0.020942708333333334 0.06169444444444444
5 0.22980208333333335 0.45308333333333334 0.02528645833333333 0.12467592592592593
3 0.24276041666666667 0.4807129629629629 0.017947916666666668 0.04884259259259259
5 0.6996718749999999 0.49677777777777776 0.049703125 0.23007407407407407
5 0.13830729166666667 0.5199166666666667 0.0375 0.14010185185185187
3 0.16541145833333332 0.5359814814814815 0.03677083333333333 0.08739814814814816
3 0.11155729166666667 0.5777592592592593 0.033171874999999997 0.09897222222222223
5 0.3389583333333333 0.5886851851851852 0.049828125 0.19537037037037036
5 0.08011458333333334 0.607962962962963 0.035354166666666666 0.06169444444444444
5 0.051921875 0.6352129629629629 0.02813541666666667 0.08483333333333334
3 0.020838541666666665 0.6747962962962962 0.03392708333333334 0.11825
3 0.7376406249999999 0.07120370370370371 0.028463541666666665 0.022574074074074073
3 0.7535104166666666 0.07207407407407408 0.00815625 0.012157407407407408
3 0.654140625 0.7133611111111111 0.15558854166666666 0.17223148148148149
3 0.7312916666666667 0.0755462962962963 0.021625000000000002 0.012157407407407408
3 0.7190833333333334 0.08074999999999999 0.030411458333333332 0.010416666666666666