3 0.7426406249999999 0.9501296296296298 0.08316666666666667 0.09973148148148148
5 0.663625 0.25769444444444445 0.0044218750000000005 0.022842592592592595
5 0.6677447916666667 0.2610648148148148 0.00409375 0.024888888888888887
5 0.64128125 0.26133333333333336 0.0036614583333333334 0.023342592592592592
5 0.6450677083333333 0.270537037037037 0.004552083333333333 0.02275
5 0.65053125 0.2730740740740741 0.004921875 0.02664814814814815
5 0.6845416666666666 0.2878611111111111 0.004744791666666666 0.02225925925925926
5 0.5524010416666666 0.2902592592592593 0.006744791666666666 0.017361111111111112
5 0.5647395833333333 0.2933888888888889 0.00484375 0.018805555555555555
5 0.641671875 0.2970555555555556 0.009703125 0.028953703703703704
5 0.5683958333333333 0.29989814814814814 0.007822916666666667 0.022175925925925925
2 0.6655989583333334 0.3042592592592593 0.025833333333333333 0.05563888888888889
5 0.6090729166666667 0.3052037037037037 0.005640625 0.027962962962962964
5 0.6252031250000001 0.3114722222222222 0.00590625 0.021212962962962965
3 0.6410625 0.3126111111111111 0.009463541666666667 0.019444444444444445
1 0.550484375 0.31354629629629627 0.05555208333333333 0.04155555555555556
5 0.5932083333333333 0.3189444444444444 0.007541666666666667 0.025555555555555557
1 0.5443854166666667 0.31954629629629633 0.04438541666666666 0.039712962962962964
5 0.58615625 0.3218333333333333 0.008630208333333333 0.017842592592592594
5 0.6650729166666667 0.325212962962963 0.009161458333333334 0.046768518518518515
1 0.5389322916666667 0.32693518518518516 0.03919270833333333 0.036944444444444446
5 0.605546875 0.32858333333333334 0.011604166666666667 0.031342592592592596
5 0.6229010416666667 0.3399166666666667 0.009973958333333333 0.05882407407407408
5 0.6326614583333333 0.3399166666666667 0.009427083333333334 0.06267592592592593
5 0.6447291666666667 0.34594444444444444 0.010234374999999999 0.0718425925925926
5 0.7836666666666667 0.3498518518518518 0.010567708333333333 0.07118518518518518
5 0.6161197916666666 0.3529351851851852 0.008890625000000001 0.027
5 0.6926041666666667 0.35383333333333333 0.008958333333333334 0.034055555555555554
0 0.5751562499999999 0.3551111111111111 0.04878645833333333 0.06557407407407406
5 0.63740625 0.3553425925925926 0.009692708333333333 0.07521296296296297
5 0.6032395833333334 0.3628148148148148 0.008083333333333333 0.031342592592592596
5 0.6675156250000001 0.36619444444444443 0.015666666666666666 0.06026851851851852
5 0.6169322916666666 0.37704629629629627 0.010515625 0.03761111111111111
5 0.5698854166666667 0.3830648148148148 0.017317708333333334 0.04387962962962963
5 0.5993072916666667 0.38330555555555557 0.008895833333333332 0.031824074074074074
5 0.5848020833333333 0.3895740740740741 0.00971875 0.023138888888888886
5 0.6950833333333333 0.38999074074074075 0.010604166666666666 0.07724074074074075
0 0.7244635416666667 0.38999074074074075 0.04721354166666667 0.10147222222222223
3 0.665765625 0.4080740740740741 0.011572916666666665 0.04499074074074074
5 0.7650052083333333 0.4180277777777778 0.014838541666666667 0.05882407407407408
5 0.596734375 0.42477777777777775 0.020015625 0.0675
5 0.7130677083333333 0.42694444444444446 0.019989583333333335 0.10944444444444444
5 0.7346354166666667 0.43224999999999997 0.016479166666666666 0.06605555555555556
5 0.5827656250000001 0.43610185185185185 0.018125 0.08726851851851852
5 0.5632447916666667 0.44543518518518516 0.024416666666666666 0.07212037037037038
5 0.7532135416666667 0.4479166666666667 0.011317708333333334 0.04725
5 0.618015625 0.44887962962962963 0.020817708333333334 0.12439814814814815
3 0.5777395833333333 0.46712037037037035 0.06440625 0.06280555555555556
5 0.780328125 0.4684074074074074 0.014020833333333335 0.053518518518518514
3 0.552953125 0.48912037037037037 0.06441145833333334 0.02946296296296296
5 0.7351666666666666 0.49372222222222223 0.022958333333333334 0.13693518518518516
5 0.7538854166666666 0.49492592592592594 0.026234374999999997 0.0882314814814815
3 0.5486666666666667 0.5155277777777778 0.07869791666666666 0.04774074074074074
3 0.7104427083333333 0.5217777777777778 0.05119270833333334 0.07943518518518519
3 0.8369531250000001 0.5246388888888889 0.051484375 0.03674074074074074
5 0.6392239583333333 0.536861111111111 0.031244791666666667 0.21433333333333332
5 0.7842552083333333 0.54025 0.039234375 0.11234259259259259
3 0.85575 0.5449166666666666 0.050958333333333335 0.03339814814814815
5 0.8283333333333334 0.554712962962963 0.024328125 0.07280555555555555
3 0.8664843750000001 0.5578055555555556 0.05578125 0.029583333333333333
3 0.5369583333333333 0.5713981481481482 0.08727083333333334 0.09853703703703703
5 0.750359375 0.5727962962962962 0.035994791666666665 0.11667592592592593
3 0.876140625 0.581425925925926 0.063828125 0.04055555555555555
3 0.8764114583333333 0.5986018518518519 0.07188020833333333 0.03864814814814815
3 0.47811458333333334 0.5988240740740741 0.08729687500000001 0.08837962962962963
3 0.4569739583333333 0.6166018518518518 0.09872916666666667 0.09142592592592592
3 0.9264114583333334 0.6293240740740741 0.08244270833333332 0.0743888888888889
3 0.8702395833333333 0.6346296296296297 0.056317708333333334 0.05439814814814815
5 0.8208749999999999 0.6393333333333333 0.031656250000000004 0.14464814814814814
3 0.44269270833333335 0.6541851851851852 0.10216145833333333 0.10361111111111111
5 0.3484375 0.65825 0.039359374999999995 0.26411111111111113
3 0.7593958333333333 0.6606296296296297 0.07082291666666667 0.09209259259259259
3 0.02041666666666667 0.6655092592592593 0.04083333333333334 0.13194444444444445
3 0.436125 0.6699351851851851 0.10502083333333333 0.12698148148148147
3 0.9623125 0.6745648148148148 0.07281770833333333 0.09249074074074073
5 0.382140625 0.6872037037037036 0.057625 0.257
5 0.77925 0.6892314814814815 0.03790625 0.16344444444444445
5 0.42756249999999996 0.6907592592592593 0.044468749999999994 0.286462962962963
3 0.3584270833333333 0.6912685185185186 0.11647916666666666 0.10869444444444444
3 0.88203125 0.6966851851851852 0.07850520833333333 0.07237962962962963
5 0.8540885416666666 0.7046666666666667 0.038421875 0.19912962962962963
3 0.9683229166666667 0.7308611111111112 0.06334895833333333 0.10857407407407407
3 0.9781458333333333 0.7444351851851851 0.038885416666666665 0.057305555555555554
3 0.8746770833333334 0.7605185185185185 0.11808333333333333 0.06534259259259259
3 0.98359375 0.798212962962963 0.0328125 0.07237962962962963
3 0.87071875 0.836925925925926 0.12826041666666665 0.13773148148148148
3 0.7630208333333334 0.843962962962963 0.054239583333333334 0.2020648148148148