3 0.7189739583333333 0.09289814814814815 0.026385416666666665 0.023092592592592595
3 0.7157239583333334 0.0987962962962963 0.024911458333333334 0.016009259259259258
3 0.714546875 0.10890740740740741 0.027572916666666666 0.026768518518518518
3 0.7106354166666667 0.11257407407407408 0.026833333333333334 0.01574074074074074
3 0.70465625 0.11782407407407407 0.022260416666666668 0.018898148148148147
3 0.7003020833333333 0.12058333333333332 0.018281250000000002 0.02387962962962963
0 0.6695260416666666 0.13019444444444445 0.0500625 0.08225
0 0.7541197916666668 0.13610185185185186 0.032651041666666665 0.08043518518518519
5 0.7046614583333334 0.15337037037037035 0.011953125 0.0667962962962963
5 0.7180885416666667 0.15337037037037035 0.00915625 0.056805555555555554
3 0.729203125 0.15723148148148147 0.011447916666666667 0.03635185185185185
5 0.64296875 0.15813888888888888 0.013036458333333334 0.05238888888888889
3 0.6364166666666667 0.16428703703703704 0.03341145833333334 0.04268518518518519
5 0.6943072916666666 0.1681388888888889 0.013234375 0.06907407407407407
3 0.7455572916666667 0.1776759259259259 0.040067708333333334 0.02636111111111111
3 0.48852083333333335 0.18918518518518518 0.02503125 0.039453703703703706
5 0.6691354166666666 0.19199074074074074 0.011458333333333333 0.052259259259259255
5 0.6491510416666666 0.19597222222222221 0.016671875 0.06338888888888888
3 0.7260052083333334 0.19949074074074072 0.034708333333333334 0.028175925925925927
3 0.5802447916666666 0.20099074074074075 0.042796875 0.0484537037037037
3 0.5726770833333333 0.2107314814814815 0.03418229166666666 0.0390462962962963
3 0.6733697916666667 0.21112037037037037 0.02509895833333333 0.04777777777777778
3 0.49779687499999997 0.21343518518518517 0.035578125 0.04268518518518519
3 0.5531354166666667 0.21812037037037035 0.03675520833333333 0.04605555555555556
3 0.6947760416666667 0.22490740740740742 0.04825 0.04117592592592593
3 0.5401718750000001 0.23639814814814816 0.03738020833333333 0.04075
1 0.7304427083333334 0.24305555555555555 0.10744791666666667 0.08894444444444445
3 0.5174739583333333 0.26273148148148145 0.04390104166666667 0.06439814814814815
3 0.41740625 0.27391666666666664 0.0370625 0.04203703703703703
3 0.4956510416666667 0.28117592592592594 0.043145833333333335 0.06310185185185185
3 0.47294791666666663 0.2859629629629629 0.04700520833333333 0.07519444444444444
3 0.4112239583333333 0.29303703703703704 0.045796875 0.04665740740740741
1 0.6047760416666667 0.2978240740740741 0.14855208333333333 0.14312962962962963
3 0.4615989583333333 0.299462962962963 0.04759375 0.06597222222222222
1 0.6951979166666666 0.3091851851851852 0.17503645833333334 0.10256481481481482
3 0.42668229166666666 0.32630555555555557 0.04688020833333333 0.05756481481481482
5 0.44572395833333334 0.3403981481481481 0.020770833333333336 0.04981481481481481
1 0.668859375 0.42875 0.22998958333333333 0.23273148148148148
1 0.4901510416666667 0.4497037037037037 0.16459895833333332 0.20462962962962963
3 0.23453125 0.4578148148148148 0.048505208333333334 0.10287962962962963
3 0.21515104166666665 0.4722222222222222 0.04446354166666667 0.107
5 0.6055989583333333 0.484462962962963 0.04822395833333334 0.19535185185185183
3 0.20270833333333332 0.4902222222222223 0.055463541666666664 0.10185185185185185
3 0.18275 0.5159444444444444 0.04331770833333334 0.09774074074074074
3 0.16220833333333334 0.5200648148148148 0.042749999999999996 0.11213888888888889
3 0.14051041666666667 0.5478425925925926 0.04911979166666667 0.11213888888888889
3 0.12228125 0.5653333333333332 0.05202083333333333 0.11213888888888889
3 0.10347916666666666 0.5895092592592592 0.04913541666666667 0.11728703703703704
3 0.082359375 0.6033981481481481 0.04740625 0.11008333333333334
3 0.06355729166666667 0.6141944444444445 0.04567708333333333 0.11728703703703704
1 0.33188541666666665 0.628212962962963 0.22178124999999999 0.2803611111111111
3 0.04041145833333334 0.6409444444444444 0.03758854166666667 0.12139814814814816
3 0.02363541666666667 0.6615185185185186 0.039906250000000004 0.11522222222222223
5 0.01677604166666667 0.6967592592592593 0.027838541666666668 0.15586111111111112
3 0.7440625 0.07111111111111111 0.022244791666666666 0.022564814814814815
3 0.7329166666666667 0.07269444444444445 0.020927083333333332 0.019944444444444445
1 0.6525208333333333 0.7768796296296296 0.36189583333333336 0.40867592592592594
3 0.7268697916666667 0.08239814814814814 0.020927083333333332 0.017324074074074075