3 0.7438645833333334 0.9509537037037037 0.10255729166666666 0.09809259259259259
4 0.6205885416666667 0.25622222222222224 0.035046875000000005 0.05362037037037037
5 0.6382916666666667 0.27364814814814814 0.005588541666666667 0.016259259259259258
5 0.6560104166666666 0.27511111111111114 0.0066927083333333335 0.019101851851851852
5 0.6453489583333333 0.27564814814814814 0.006869791666666666 0.023675925925925927
5 0.619765625 0.27835185185185185 0.006078125 0.01597222222222222
5 0.6389375 0.2836296296296296 0.0049479166666666664 0.008842592592592593
5 0.6207291666666667 0.29688888888888887 0.008322916666666668 0.03308333333333333
5 0.6358072916666667 0.3018796296296296 0.007354166666666666 0.04306481481481481
5 0.6441927083333333 0.3036574074074074 0.009286458333333332 0.044444444444444446
5 0.6303541666666667 0.30744444444444446 0.012171875 0.03422222222222222
1 0.557078125 0.3093518518518519 0.045848958333333335 0.02664814814814815
1 0.5506822916666666 0.31325000000000003 0.05828125 0.024046296296296295
5 0.671546875 0.31544444444444447 0.012197916666666668 0.05496296296296296
1 0.6046875 0.3202314814814815 0.025916666666666664 0.03997222222222222
5 0.5971510416666667 0.3252685185185185 0.007046874999999999 0.025953703703703705
5 0.629875 0.3255555555555556 0.0057552083333333335 0.028805555555555556
1 0.5417291666666666 0.3270555555555556 0.041838541666666666 0.03606481481481482
5 0.6221718749999999 0.3285462962962963 0.009286458333333332 0.05418518518518519
5 0.6126302083333334 0.3319722222222222 0.01265625 0.030805555555555558
5 0.6568177083333333 0.33344444444444443 0.008276041666666668 0.057462962962962966
5 0.5991562500000001 0.3391018518518519 0.009135416666666667 0.0405
1 0.6898854166666666 0.33928703703703705 0.0069479166666666665 0.04508333333333333
5 0.6342031250000001 0.3630555555555556 0.017302083333333333 0.077
5 0.6046458333333333 0.367787037037037 0.011598958333333333 0.03677777777777778
5 0.575 0.3811759259259259 0.015333333333333334 0.03675
5 0.6690260416666667 0.3939259259259259 0.020854166666666667 0.07255555555555555
5 0.5860416666666667 0.3944074074074074 0.010473958333333333 0.022555555555555554
5 0.6858125 0.39814814814814814 0.019161458333333332 0.07037037037037037
1 0.6970937500000001 0.4011388888888889 0.013442708333333333 0.09834259259259259
5 0.6280677083333334 0.4045 0.020895833333333332 0.056574074074074075
5 0.6075052083333333 0.4100185185185185 0.018057291666666666 0.06392592592592593
0 0.7238125 0.4117314814814815 0.04416666666666667 0.14424074074074075
5 0.56059375 0.4413240740740741 0.021911458333333335 0.051787037037037034
5 0.78309375 0.44362962962962965 0.016317708333333333 0.0497037037037037
5 0.7567447916666666 0.4442037037037037 0.01954166666666667 0.06341666666666666
5 0.582359375 0.44939814814814816 0.023786458333333333 0.10135185185185185
5 0.7652604166666667 0.46219444444444446 0.015359375 0.043416666666666666
5 0.6062135416666667 0.4658981481481482 0.024265625000000002 0.14257407407407408
3 0.5320260416666667 0.47027777777777774 0.02509375 0.045120370370370366
5 0.5710833333333334 0.4732037037037037 0.012203125 0.08213888888888889
5 0.7787552083333333 0.48333333333333334 0.015354166666666667 0.06399074074074074
3 0.531546875 0.4911203703703703 0.024609375 0.03523148148148148
3 0.52296875 0.4973518518518518 0.035 0.058861111111111114
3 0.8196354166666667 0.4976666666666667 0.0300625 0.04507407407407407
5 0.7499895833333333 0.5107592592592592 0.050380208333333336 0.10740740740740741
3 0.8416041666666667 0.5120277777777777 0.05559375 0.039824074074074074
5 0.7983489583333333 0.5121851851851852 0.02305208333333333 0.08398148148148149
3 0.8488072916666667 0.5248333333333334 0.0661875 0.04939814814814815
5 0.561296875 0.5420925925925927 0.03384895833333333 0.20649074074074072
5 0.788546875 0.5430370370370371 0.0574375 0.1114074074074074
1 0.6517604166666667 0.5528703703703703 0.13353645833333333 0.24320370370370373
3 0.5224791666666666 0.5583611111111111 0.064484375 0.10440740740740741
3 0.8626979166666667 0.5652777777777778 0.07585416666666665 0.051250000000000004
3 0.81409375 0.5691944444444444 0.022828124999999998 0.06334259259259259
3 0.8773697916666666 0.5811759259259259 0.08644270833333333 0.06452777777777778
5 0.144359375 0.582111111111111 0.03160416666666667 0.16892592592592592
3 0.4760052083333333 0.5856574074074073 0.10188020833333335 0.11681481481481482
3 0.8812760416666666 0.5987777777777777 0.061265625 0.06081481481481482
3 0.45574479166666665 0.59975 0.10465624999999999 0.1324814814814815
5 0.7491875 0.6024537037037037 0.049416666666666664 0.07026851851851852
3 0.8156510416666667 0.62825 0.08516666666666667 0.1035648148148148
3 0.9285052083333334 0.6345925925925926 0.07617708333333333 0.10775
3 0.44240104166666666 0.6384722222222222 0.1081875 0.15978703703703703
3 0.8518749999999999 0.6410833333333333 0.09694791666666666 0.09158333333333334
5 0.7411666666666666 0.6473518518518518 0.051791666666666666 0.26841666666666664
5 0.038661458333333336 0.649074074074074 0.012812500000000001 0.11262037037037037
3 0.017401041666666665 0.6673333333333333 0.034796875 0.14305555555555555
3 0.42427604166666666 0.6753981481481481 0.128328125 0.1602314814814815
3 0.9615208333333333 0.6838796296296297 0.07695833333333332 0.10955555555555554
3 0.8700520833333333 0.6881666666666667 0.10008333333333333 0.09329629629629631
3 0.3605885416666667 0.6908333333333333 0.13640624999999998 0.1776851851851852
3 0.8244322916666668 0.7341666666666666 0.11524479166666667 0.1330925925925926
3 0.9706718750000001 0.7509351851851852 0.05866145833333333 0.12774074074074074
3 0.977421875 0.7782777777777777 0.04516145833333333 0.11327777777777778
3 0.8798541666666666 0.7862407407407407 0.133203125 0.12942592592592592
3 0.9800989583333333 0.8130370370370371 0.039802083333333335 0.10303703703703704
3 0.8698229166666667 0.8466203703703704 0.14122916666666668 0.18599074074074073
3 0.762921875 0.8596111111111111 0.06730208333333333 0.2700648148148148
3 0.8724062499999999 0.9154074074074074 0.08792708333333334 0.14624074074074073