5 0.6393125000000001 0.25925925925925924 0.0049635416666666664 0.022222222222222223
5 0.6891614583333333 0.26990740740740743 0.006078125 0.026851851851851852
5 0.6653489583333333 0.28055555555555556 0.007036458333333333 0.03518518518518519
5 0.6990572916666667 0.2953703703703704 0.002947916666666667 0.014814814814814815
5 0.7050468750000001 0.3013888888888889 0.004510416666666667 0.021296296296296296
3 0.681875 0.3060185185185185 0.010244791666666668 0.017592592592592594
5 0.6938489583333334 0.30694444444444446 0.006078125 0.023148148148148147
5 0.7102552083333333 0.30694444444444446 0.006588541666666667 0.017592592592592594
3 0.6855156250000001 0.31296296296296294 0.008161458333333333 0.012962962962962963
1 0.5373697916666667 0.3226851851851852 0.03478125 0.028703703703703703
5 0.6124947916666666 0.3277777777777778 0.013828125 0.04814814814814815
3 0.6915052083333334 0.33240740740740743 0.011802083333333333 0.022222222222222223
1 0.7244479166666667 0.35462962962962963 0.056479166666666664 0.06666666666666667
5 0.5435 0.362962962962963 0.013333333333333334 0.08888888888888889
3 0.6111927083333334 0.36666666666666664 0.01747395833333333 0.025925925925925925
0 0.57578125 0.375 0.04664583333333334 0.10185185185185185
3 0.6132760416666667 0.3962962962962963 0.021635416666666667 0.025925925925925925
0 0.7241875 0.4074074074074074 0.04346354166666667 0.13703703703703704
3 0.5899375 0.42592592592592593 0.037203125000000004 0.024694444444444446
3 0.7668854166666667 0.4361111111111111 0.04552604166666666 0.012962962962962963
3 0.5849635416666668 0.4548611111111111 0.05701041666666666 0.03935185185185185
3 0.7773020833333334 0.45555555555555555 0.05385416666666667 0.014814814814814815
3 0.5825572916666667 0.4672037037037037 0.05716666666666667 0.02546296296296296
3 0.7793854166666667 0.47129629629629627 0.0621875 0.009259259259259259
3 0.5530677083333334 0.4826388888888889 0.06873958333333333 0.02546296296296296
3 0.7861510416666667 0.49074074074074076 0.06322395833333333 0.014814814814814815
3 0.7965677083333333 0.5064814814814815 0.05905208333333333 0.016666666666666666
3 0.5465572916666667 0.5138888888888888 0.08696875 0.032407407407407406
3 0.8356197916666667 0.5277777777777778 0.06216145833333333 0.022222222222222223
3 0.77053125 0.5314814814814814 0.04240104166666667 0.025925925925925925
3 0.5406979166666667 0.5613425925925926 0.08306770833333334 0.05324074074074074
3 0.7899999999999999 0.5636574074074074 0.040005208333333334 0.034722222222222224
3 0.8655052083333333 0.5729166666666666 0.06861458333333334 0.02546296296296296
3 0.478859375 0.5752314814814815 0.092203125 0.04398148148148148
3 0.7515989583333333 0.5902777777777778 0.030906250000000003 0.05555555555555555
3 0.44891666666666663 0.59375 0.10002604166666668 0.04861111111111111
3 0.8713645833333333 0.6018518518518519 0.05429166666666666 0.027777777777777776
3 0.8166822916666666 0.6134259259259259 0.07774479166666667 0.032407407407407406
3 0.9169270833333333 0.6134259259259259 0.05427083333333334 0.023148148148148147
3 0.4345989583333333 0.6261574074074074 0.10784375 0.04398148148148148
3 0.85378125 0.6446759259259259 0.10246354166666666 0.02546296296296296
3 0.7502916666666667 0.6469907407407407 0.06215104166666666 0.0763888888888889
3 0.021718750000000002 0.6666666666666666 0.043437500000000004 0.1527777777777778
3 0.9624895833333333 0.6689814814814815 0.06466666666666666 0.06481481481481481
3 0.4287395833333333 0.6805555555555556 0.12477083333333333 0.08796296296296297
3 0.8628958333333333 0.6817129629629629 0.092046875 0.03935185185185185
3 0.36234375 0.7118055555555556 0.1274010416666667 0.11805555555555555
3 0.8700572916666667 0.7152777777777778 0.08813541666666666 0.027777777777777776
3 0.8765625 0.7592592592592593 0.121984375 0.041666666666666664
3 0.9780989583333334 0.7650462962962963 0.04380208333333333 0.05787037037037037
3 0.7613645833333333 0.8032407407407407 0.05042708333333333 0.25462962962962965
3 0.8661458333333333 0.8402777777777778 0.12719270833333335 0.08333333333333333