5 0.8235078124999999 0.07696527777777777 0.0049335937500000005 0.026618055555555555
5 0.8149374999999999 0.08564583333333334 0.008624999999999999 0.041666666666666664
5 0.68790234375 0.08738194444444444 0.0044765625000000005 0.016201388888888887
1 0.8495078125 0.08870138888888889 0.0460625 0.022097222222222223
5 0.6813945312499999 0.10011805555555554 0.00578125 0.017361111111111112
1 0.8519921874999999 0.10290277777777779 0.0517421875 0.03282638888888889
5 0.6529140625000001 0.11053472222222221 0.0100234375 0.025465277777777778
5 0.6638164062499999 0.13078472222222223 0.01099609375 0.041666666666666664
5 0.8179140625000001 0.14425694444444442 0.00701953125 0.03345833333333333
5 0.8049531249999999 0.14740972222222223 0.01022265625 0.0309375
3 0.6613125 0.15025000000000002 0.016968749999999998 0.0315625
1 0.61844921875 0.16831944444444444 0.07132031250000001 0.0648125
5 0.594890625 0.1724513888888889 0.01223046875 0.08564583333333334
4 0.71821875 0.19174305555555557 0.10799609375000001 0.15354861111111112
5 0.45787500000000003 0.2748819444444444 0.020749999999999998 0.12384027777777779
5 0.48814062500000005 0.2795138888888889 0.0278984375 0.12384027777777779
5 0.3608203125 0.4357638888888889 0.03237109375 0.17477083333333332
5 0.08548828124999999 0.4988402777777778 0.02076953125 0.07407638888888889
5 0.1095703125 0.5098402777777777 0.03377734375 0.1817152777777778
5 0.7809804687499999 0.05324305555555556 0.0045156250000000005 0.024694444444444446
5 0.7730625 0.06095833333333334 0.00473828125 0.03318055555555555
5 0.04350390625 0.6140069444444444 0.042265625 0.20022916666666665
5 0.7774023437500001 0.0625 0.00430078125 0.03009027777777778