3 0.7231458333333334 0.09763888888888889 0.029281249999999998 0.05892592592592592
3 0.71628125 0.11069444444444444 0.02880729166666667 0.04798148148148148
5 0.676171875 0.11296296296296296 0.011343750000000001 0.027777777777777776
3 0.7089427083333334 0.11868518518518519 0.018869791666666667 0.045453703703703704
5 0.5675989583333333 0.12129629629629629 0.009828125 0.024074074074074074
0 0.671484375 0.12175925925925926 0.050921875 0.0787037037037037
3 0.7035 0.1300462962962963 0.014614583333333332 0.04461111111111111
5 0.6540416666666666 0.1388888888888889 0.010833333333333334 0.046296296296296294
0 0.7555833333333334 0.1398148148148148 0.033703124999999994 0.08703703703703704
5 0.6363385416666667 0.14074074074074075 0.010843750000000001 0.03888888888888889
5 0.6225364583333334 0.14907407407407408 0.013453125 0.06666666666666667
5 0.6787760416666667 0.1597222222222222 0.015510416666666667 0.06388888888888888
3 0.7264739583333333 0.16075 0.015244791666666667 0.04475
5 0.6006458333333333 0.16269444444444445 0.019213541666666667 0.08465740740740742
3 0.7434062499999999 0.17721296296296296 0.03810416666666667 0.024175925925925927
5 0.6634166666666667 0.18333333333333332 0.011869791666666666 0.05740740740740741
3 0.586015625 0.18906481481481482 0.04292708333333333 0.04066666666666667
5 0.6391979166666667 0.19444444444444445 0.025942708333333335 0.06296296296296296
3 0.4869010416666667 0.1968425925925926 0.020796875 0.04466666666666667
3 0.5195624999999999 0.1972962962962963 0.00042187500000000005 0.001425925925925926
3 0.5750416666666667 0.20460185185185184 0.03844270833333333 0.042351851851851856
3 0.55696875 0.2146574074074074 0.03534375 0.04218518518518519
3 0.4983333333333333 0.21619444444444444 0.033229166666666664 0.05487962962962963
3 0.6959531250000001 0.2184722222222222 0.03970833333333333 0.054675925925925926
3 0.5420312500000001 0.22637037037037036 0.04118229166666666 0.04014814814814815
3 0.6747552083333334 0.22718518518518518 0.018140625 0.032407407407407406
3 0.547203125 0.2489351851851852 0.00043229166666666665 0.000712962962962963
1 0.7312604166666666 0.25030555555555556 0.102453125 0.06757407407407408
3 0.533203125 0.2508148148148148 0.04114583333333333 0.057212962962962965
3 0.5183697916666666 0.2639444444444444 0.039223958333333336 0.06118518518518518
3 0.4141875 0.2738611111111111 0.038828125 0.046296296296296294
3 0.49572916666666667 0.274037037037037 0.040515625000000006 0.07203703703703704
3 0.47280729166666663 0.2876574074074074 0.04242708333333333 0.06633333333333333
1 0.6069791666666667 0.2934074074074074 0.15250520833333334 0.1346111111111111
3 0.4642916666666667 0.30112037037037037 0.046031249999999996 0.059500000000000004
1 0.6960052083333333 0.30769444444444444 0.172171875 0.0883148148148148
3 0.425 0.3258518518518519 0.04843229166666666 0.06481481481481481
5 0.39791145833333336 0.3320092592592592 0.037848958333333335 0.12434259259259259
5 0.3402604166666666 0.37102777777777773 0.03266145833333333 0.12037037037037036
5 0.30492708333333335 0.4087314814814815 0.024494791666666668 0.1455
5 0.3333645833333333 0.4178611111111111 0.04714583333333333 0.1664074074074074
1 0.6711458333333333 0.432 0.22822395833333334 0.2315185185185185
1 0.49008854166666665 0.4486759259259259 0.16335416666666666 0.20789814814814814
3 0.23739062500000002 0.4608703703703704 0.04390625 0.1022962962962963
3 0.21621354166666668 0.48048148148148145 0.042359375 0.08903703703703704
3 0.20668229166666666 0.5021296296296296 0.046734375 0.08450925925925926
3 0.18353645833333332 0.5198333333333333 0.042109375 0.09368518518518519
3 0.16264062499999998 0.5346481481481481 0.04284895833333333 0.08627777777777779
3 0.14396354166666667 0.557537037037037 0.0436875 0.09193518518518519
3 0.12741145833333334 0.5810277777777778 0.041828125 0.07562037037037037
3 0.10380729166666666 0.604712962962963 0.04583854166666667 0.08134259259259259
3 0.08746875 0.619712962962963 0.03920833333333333 0.07430555555555556
3 0.06734375000000001 0.6298240740740741 0.040625 0.08834259259259258
5 0.05194270833333334 0.6957685185185185 0.054239583333333334 0.1322777777777778
5 0.03780208333333333 0.7083333333333334 0.052760416666666664 0.13624074074074072
3 0.7432656249999999 0.07281481481481482 0.0240625 0.036194444444444446
3 0.061609375 0.7489629629629629 0.09291145833333332 0.12755555555555556
1 0.6542864583333333 0.7793055555555556 0.36697395833333335 0.4032777777777778
2 0.3728385416666667 0.8792129629629629 0.3553020833333333 0.24157407407407405