1 0.7298359375000001 0.07050694444444444 0.04634765625 0.03145833333333333
5 0.7781484375 0.07768055555555556 0.00937109375 0.04711805555555555
1 0.4828203125 0.8229166666666666 0.50144140625 0.3541666666666667
1 0.8146328125 0.08623611111111111 0.026187500000000002 0.044472222222222225
1 0.85672265625 0.09084722222222222 0.0627734375 0.03308333333333333
3 0.7191640625 0.09338194444444445 0.0243984375 0.012451388888888889
5 0.71965234375 0.09700694444444444 0.0097421875 0.041694444444444444
5 0.69131640625 0.0974375 0.00844921875 0.02113888888888889
5 0.7061367187500001 0.09903472222222223 0.0211484375 0.011006944444444444
3 0.70621875 0.10077083333333334 0.0222890625 0.010423611111111111
3 0.719328125 0.10352083333333333 0.02635546875 0.027506944444444445
1 0.8570273437499999 0.10359027777777777 0.059113281250000003 0.034708333333333334
3 0.68382421875 0.10409722222222223 0.013011718750000002 0.010131944444444445
3 0.678859375 0.10829861111111111 0.02034375 0.006951388888888889
3 0.6699843750000001 0.11278472222222222 0.022789062500000002 0.008395833333333333
3 0.668109375 0.1175625 0.026859375 0.009847222222222222
1 0.87121875 0.1293541666666667 0.03208984375 0.03959027777777778
3 0.67120703125 0.1371111111111111 0.01808984375 0.026930555555555555
5 0.65760546875 0.15375694444444443 0.016605468749999998 0.07528472222222223
3 0.5804921875 0.15870833333333334 0.03109765625 0.05476388888888889
4 0.7169296875 0.20072916666666668 0.12085937499999999 0.18963194444444445
3 0.79686328125 0.04690972222222222 0.0091015625 0.01563888888888889
3 0.80785546875 0.05371527777777777 0.01414453125 0.018819444444444444
0 0.82653125 0.056402777777777774 0.013980468749999999 0.02061111111111111
0 0.78115234375 0.056611111111111105 0.0167890625 0.03793055555555555
3 0.794828125 0.057625 0.0079609375 0.01621527777777778
5 0.83401171875 0.06872916666666666 0.0054453125 0.03309722222222222