2 0.6499843750000001 0.2583888888888889 0.012760416666666666 0.026046296296296297
5 0.6407083333333333 0.26301851851851854 0.005270833333333333 0.022574074074074073
5 0.5899375 0.2717037037037037 0.006557291666666667 0.024888888888888887
5 0.6408802083333334 0.2985555555555556 0.007765625 0.04114814814814815
5 0.7053125 0.30439814814814814 0.006921874999999999 0.027777777777777776
5 0.693109375 0.3084537037037037 0.0105 0.02546296296296296
3 0.6818802083333334 0.30989814814814814 0.01146875 0.019101851851851852
3 0.6835104166666667 0.31625925925925924 0.008869791666666666 0.019101851851851852
2 0.5593385416666667 0.3184166666666667 0.066640625 0.027777777777777776
5 0.6131979166666667 0.3273518518518519 0.014317708333333333 0.05658333333333333
3 0.6926197916666667 0.33101851851851855 0.008869791666666666 0.023148148148148147
1 0.7259791666666667 0.3463796296296296 0.05880208333333334 0.05134259259259259
3 0.6058854166666666 0.3559074074074074 0.01371875 0.018518518518518517
3 0.606375 0.37124074074074076 0.012640624999999999 0.021416666666666667
0 0.5745416666666666 0.37580555555555556 0.046656249999999996 0.10141666666666667
3 0.6190677083333332 0.37644444444444447 0.01003125 0.04455555555555556
3 0.6071614583333333 0.39172222222222225 0.015479166666666665 0.04372222222222222
0 0.7244010416666666 0.41100925925925924 0.051390625 0.1512314814814815
3 0.7666354166666667 0.4444444444444444 0.052536458333333334 0.02262962962962963
3 0.7783958333333333 0.45949074074074076 0.053947916666666665 0.02546296296296296
3 0.5849166666666666 0.47737037037037033 0.06293229166666667 0.06996296296296296
3 0.7788802083333334 0.47945370370370366 0.06989583333333332 0.023731481481481482
3 0.5516458333333334 0.48353703703703704 0.06930729166666666 0.028805555555555556
3 0.8366510416666666 0.5237314814814815 0.06108854166666667 0.034722222222222224
3 0.5496197916666666 0.5421851851851851 0.08030208333333334 0.08641666666666667
3 0.7766041666666667 0.5515092592592593 0.06599479166666666 0.08101851851851852
3 0.8638489583333333 0.5561388888888888 0.06926041666666666 0.03935185185185185
3 0.5365989583333334 0.5642962962962963 0.08898437499999999 0.0997962962962963
3 0.532546875 0.5658425925925926 0.09130208333333334 0.1111111111111111
3 0.7958541666666666 0.5745925925925925 0.06814583333333334 0.08333333333333333
3 0.8728020833333333 0.5755185185185184 0.07283854166666666 0.024888888888888887
3 0.474109375 0.5756203703703703 0.09942187499999999 0.060703703703703704
3 0.880609375 0.599824074074074 0.066328125 0.0410925925925926
3 0.45559375 0.6028796296296296 0.11216145833333332 0.07818518518518518
3 0.44257291666666665 0.6270555555555556 0.10927083333333334 0.10185185185185185
3 0.9253645833333334 0.6278981481481481 0.06468229166666667 0.07175925925925926
3 0.8135 0.6342592592592593 0.088390625 0.09774074074074074
5 0.0316875 0.6481481481481481 0.023375 0.14814814814814814
3 0.8476354166666666 0.6496944444444444 0.09879166666666667 0.060703703703703704
3 0.01 0.6689814814814815 0.02 0.1388888888888889
3 0.9662239583333334 0.6707222222222222 0.06698437500000001 0.07291666666666667
3 0.426375 0.6867314814814814 0.11621875 0.14917592592592593
3 0.36070312499999996 0.7047314814814815 0.13186979166666665 0.14197222222222222
3 0.8704895833333333 0.7134814814814814 0.10861979166666667 0.06892592592592592
3 0.8710677083333334 0.757712962962963 0.117875 0.0730462962962963
3 0.974828125 0.7682314814814816 0.05033854166666667 0.13368518518518518
3 0.7608489583333333 0.7901203703703704 0.06526562500000001 0.23868518518518517
3 0.8684635416666667 0.8410462962962963 0.13002604166666668 0.13271296296296298