5 0.226453125 0.1978148148148148 0.00765625 0.03128703703703704
5 0.14690625 0.20466666666666666 0.005276041666666667 0.028722222222222222
5 0.15365625 0.2078888888888889 0.004307291666666667 0.032574074074074075
4 0.11713541666666667 0.20981481481481482 0.041239583333333336 0.07758333333333334
5 0.23633854166666665 0.24174999999999996 0.010546875 0.06172222222222222
4 0.192703125 0.24325 0.07565104166666667 0.14787962962962964
4 0.32398958333333333 0.2843981481481481 0.11592708333333333 0.23017592592592592
3 0.5778125000000001 0.2970555555555556 0.06236458333333333 0.0839351851851852
5 0.4932135416666667 0.3002222222222222 0.02359375 0.14017592592592593
3 0.6199010416666667 0.33923148148148147 0.04546354166666667 0.09821296296296296
3 0.6321197916666667 0.3521296296296296 0.051578125 0.09278703703703703
3 0.6603229166666666 0.3539351851851852 0.055510416666666666 0.10274074074074073
3 0.7176718750000001 0.3885648148148148 0.06327083333333333 0.10274074074074073
5 0.32628645833333336 0.3917685185185185 0.040953125 0.2023148148148148
5 0.7849687500000001 0.4257314814814815 0.028947916666666667 0.09012037037037036
3 0.8264427083333333 0.4332592592592593 0.06416666666666666 0.1160925925925926
5 0.917703125 0.44401851851851853 0.015276041666666665 0.04652777777777778
5 0.867515625 0.4487037037037037 0.036046875 0.0810462962962963
5 0.9830104166666668 0.4551388888888889 0.033979166666666664 0.16649074074074074
5 0.9073281249999999 0.500638888888889 0.05477604166666667 0.18960185185185185
3 0.99296875 0.5304814814814814 0.0140625 0.10709259259259259
3 0.9058437500000001 0.5645740740740741 0.11861979166666667 0.16707407407407407