1 0.48111328125 0.8185486111111111 0.49990625 0.36289583333333336
5 0.71050390625 0.08604166666666667 0.0083984375 0.026131944444444447
5 0.70291015625 0.08800694444444444 0.0056875 0.016909722222222222
1 0.8585703125 0.08849305555555556 0.060714843750000004 0.025277777777777777
1 0.8587773437499999 0.1014861111111111 0.057660156250000004 0.028583333333333332
1 0.8636328125 0.12444444444444444 0.053578125 0.03945138888888889
5 0.665421875 0.15483333333333335 0.012753906249999999 0.07198611111111111
3 0.5793437499999999 0.15654166666666666 0.02931640625 0.0365625
5 0.6202578125 0.1643402777777778 0.013019531249999999 0.08415277777777778
5 0.6369687500000001 0.17033333333333334 0.015082031249999999 0.07373611111111111
4 0.7172031249999999 0.18948611111111113 0.11961718750000001 0.17763194444444444
5 0.5446093750000001 0.22240972222222222 0.0179765625 0.09979166666666665
5 0.5656054687500001 0.22693055555555552 0.02126171875 0.10215972222222224
5 0.6224921875 0.43720833333333337 0.033949218749999996 0.1927222222222222