3 0.7215052083333333 0.1036574074074074 0.026093750000000002 0.03796296296296296
3 0.71721875 0.1097962962962963 0.025145833333333333 0.039796296296296295
3 0.7176145833333333 0.12468518518518518 0.015302083333333332 0.03400925925925925
3 0.7138072916666667 0.12637962962962965 0.006890625 0.03062037037037037
0 0.7541875 0.1360648148148148 0.03516145833333333 0.08387962962962964
0 0.6708958333333332 0.13608333333333333 0.0519375 0.09661111111111112
5 0.705734375 0.13682407407407407 0.01596875 0.07249074074074074
3 0.7161458333333334 0.16362962962962962 0.029979166666666668 0.037564814814814815
3 0.7554791666666667 0.17327777777777775 0.024302083333333332 0.033046296296296296
3 0.7311041666666667 0.17827777777777776 0.031208333333333334 0.027953703703703706
1 0.59215625 0.17856481481481482 0.12435937500000001 0.11587037037037037
3 0.7151145833333333 0.19376851851851853 0.041088541666666666 0.02946296296296296
3 0.6735052083333334 0.20260185185185187 0.018109375 0.045953703703703705
3 0.492890625 0.2066851851851852 0.03641666666666667 0.07529629629629629
3 0.7235052083333334 0.21074074074074073 0.046609374999999995 0.04385185185185185
3 0.6782343750000001 0.2226388888888889 0.040802083333333336 0.04791666666666667
5 0.37621875 0.2799814814814815 0.021296875 0.09923148148148149
3 0.41716145833333335 0.28248148148148144 0.04483854166666667 0.07329629629629629
2 0.682109375 0.3246574074074074 0.20472395833333332 0.23262962962962963
5 0.5603125 0.3510740740740741 0.03166666666666666 0.16512962962962963
5 0.247046875 0.3913425925925926 0.034109375 0.08071296296296296
5 0.2573125 0.4467314814814815 0.023921875 0.06755555555555555
5 0.22565625 0.4508333333333333 0.022223958333333335 0.12750925925925927
3 0.2080260416666667 0.479287037037037 0.045848958333333335 0.10589814814814816
5 0.20434895833333336 0.4803518518518518 0.021718750000000002 0.13480555555555557
3 0.243625 0.4833981481481482 0.022213541666666666 0.06299074074074074
5 0.09028645833333333 0.5276944444444445 0.03330208333333333 0.08905555555555557
3 0.16552604166666668 0.5349907407407407 0.034203125 0.08413888888888889
3 0.126375 0.5673148148148148 0.04196875 0.1065925925925926
5 0.059875 0.5814814814814815 0.03980729166666667 0.14328703703703705
3 0.5310625 0.6305833333333333 0.12349479166666667 0.15052777777777776
3 0.040078125 0.6435092592592593 0.038375000000000006 0.12049999999999998
5 0.10933854166666666 0.6486759259259259 0.05998958333333334 0.17613888888888887
3 0.017161458333333334 0.6678055555555555 0.03183854166666667 0.12049999999999998
3 0.6508333333333333 0.7151944444444445 0.15858854166666667 0.1759074074074074