3 0.7219635416666667 0.09397222222222222 0.021109375 0.01976851851851852
3 0.7148385416666667 0.10566666666666667 0.022208333333333333 0.019212962962962963
3 0.7045833333333333 0.11750000000000001 0.02080729166666667 0.026175925925925925
3 0.6978541666666668 0.12710185185185185 0.015171875 0.032574074074074075
5 0.7241770833333334 0.1323425925925926 0.01390625 0.0750648148148148
0 0.6694635416666667 0.13307407407407407 0.053328125 0.078
0 0.7546770833333334 0.1346111111111111 0.03480729166666666 0.0805
5 0.6665729166666666 0.17140740740740742 0.018328124999999997 0.08444444444444445
3 0.6365833333333334 0.17308333333333334 0.031796874999999995 0.05162037037037037
3 0.7431770833333334 0.1819259259259259 0.041088541666666666 0.03819444444444445
3 0.6226458333333333 0.1840277777777778 0.03522395833333333 0.049638888888888885
3 0.6055260416666666 0.18858333333333333 0.02721875 0.05795370370370371
3 0.5901510416666667 0.1937222222222222 0.02978645833333333 0.06216666666666667
3 0.5748489583333334 0.20303703703703704 0.038385416666666665 0.06409259259259259
3 0.6891354166666667 0.20323148148148149 0.04472916666666667 0.027740740740740743
3 0.4905833333333333 0.20625 0.03343229166666666 0.034574074074074077
3 0.5618854166666666 0.22715740740740742 0.03897916666666667 0.04424074074074074
3 0.6923020833333333 0.2303703703703704 0.04653645833333333 0.043416666666666666
3 0.5390312500000001 0.24062037037037037 0.03988020833333333 0.06712962962962964
1 0.7297499999999999 0.24682407407407406 0.09471354166666666 0.07106481481481482
3 0.5267760416666667 0.2546666666666667 0.043854166666666666 0.05823148148148148
5 0.4119114583333333 0.2580277777777778 0.022723958333333336 0.05942592592592593
3 0.5155729166666666 0.2657777777777778 0.04405729166666667 0.06277777777777778
3 0.48999479166666665 0.27512037037037035 0.043557291666666664 0.06295370370370369
3 0.41788020833333334 0.2824351851851852 0.03638020833333333 0.039
3 0.47260416666666666 0.2869351851851852 0.04135416666666667 0.06328703703703703
3 0.45971354166666667 0.29459259259259263 0.053557291666666666 0.06553703703703703
1 0.6948385416666666 0.3084074074074074 0.17306249999999998 0.08432407407407407
3 0.43249479166666666 0.32862962962962966 0.04390104166666667 0.05982407407407407
2 0.3350989583333333 0.33546296296296296 0.12357812500000001 0.20854629629629629
5 0.259328125 0.3839166666666667 0.021906250000000002 0.08287962962962964
5 0.26680208333333333 0.41674999999999995 0.017505208333333334 0.09226851851851853
5 0.2320625 0.42144444444444445 0.02015625 0.0735
1 0.6649947916666666 0.4382222222222222 0.22955729166666666 0.18287037037037038
5 0.20128125 0.4527222222222222 0.021927083333333333 0.07975
5 0.17753645833333334 0.476962962962963 0.0219375 0.10946296296296296
5 0.24965104166666666 0.4949444444444444 0.032463541666666665 0.12041666666666667
3 0.21065625 0.4964907407407408 0.019072916666666665 0.04548148148148148
5 0.14851562499999998 0.5144907407407407 0.03602083333333333 0.10008333333333333
5 0.39783854166666666 0.5160555555555556 0.04383333333333333 0.22206481481481483
3 0.25666145833333337 0.5240648148148148 0.07531770833333334 0.09494444444444446
5 0.3674947916666667 0.5301296296296296 0.04296875 0.21893518518518518
3 0.16696354166666666 0.5329722222222222 0.02228645833333333 0.07675
5 0.12213020833333334 0.5402962962962963 0.025479166666666667 0.06099074074074075
3 0.15417187499999999 0.5670740740740742 0.028687499999999998 0.07295370370370372
3 0.09555729166666667 0.5727592592592593 0.024447916666666666 0.05589814814814815
3 0.1320625 0.5760833333333333 0.019640625000000002 0.05874074074074074
3 0.07744270833333333 0.6026111111111112 0.022322916666666668 0.07011111111111111
3 0.050796875 0.6480925925925927 0.023401041666666667 0.07390740740740741
3 0.10854166666666668 0.6512407407407408 0.08240104166666667 0.11811111111111111
5 0.26723958333333336 0.6607037037037037 0.057078125 0.19860185185185186
3 0.01941666666666667 0.6727222222222222 0.028859375 0.1117962962962963
5 0.223703125 0.6865092592592592 0.059734375 0.20954629629629629
3 0.0043593749999999995 0.704462962962963 0.008718749999999999 0.09000925925925925
5 0.2650416666666667 0.7068425925925926 0.06499479166666668 0.21580555555555556
3 0.7318281249999999 0.07559259259259259 0.022046875 0.023666666666666666
3 0.7480416666666667 0.7631388888888889 0.15839583333333335 0.20642592592592593
3 0.73003125 0.08422222222222221 0.01876041666666667 0.022000000000000002