5 0.22775520833333335 0.20717592592592593 0.008151041666666668 0.020833333333333332
5 0.14769270833333334 0.21257407407407408 0.009609375 0.04089814814814815
4 0.19418749999999999 0.24382407407407405 0.07561979166666667 0.15802777777777777
5 0.41384895833333335 0.26666666666666666 0.025067708333333334 0.09012962962962963
4 0.3208020833333334 0.27469444444444446 0.13341145833333332 0.24074074074074073
3 0.6207552083333333 0.3388888888888889 0.05306770833333333 0.10247222222222223
3 0.6355104166666667 0.3472222222222222 0.05896354166666666 0.10555555555555556
3 0.6611979166666667 0.35431481481481486 0.061036458333333335 0.10740740740740741
3 0.7205885416666666 0.3876574074074074 0.06175520833333333 0.10864814814814815
5 0.7863749999999999 0.4262314814814815 0.030833333333333334 0.09937962962962962
3 0.827859375 0.4287037037037037 0.05824479166666666 0.12161111111111111
5 0.8721197916666666 0.45555555555555555 0.030109375 0.0962962962962963
5 0.9110260416666667 0.46944444444444444 0.03569270833333334 0.1067962962962963
3 0.9917708333333334 0.5266203703703703 0.016458333333333335 0.10416666666666667