3 0.7208229166666666 0.10158333333333333 0.018015625 0.02450925925925926
3 0.7134739583333333 0.10975 0.022307291666666666 0.023416666666666665
3 0.7061197916666667 0.11356481481481483 0.022921874999999998 0.022333333333333334
0 0.6729635416666666 0.1288611111111111 0.044953125000000003 0.0787037037037037
3 0.69984375 0.13017592592592592 0.015880208333333333 0.03486111111111111
0 0.75584375 0.1388888888888889 0.035375000000000004 0.07715740740740741
3 0.7153229166666667 0.16666666666666666 0.03353125 0.025249999999999998
3 0.7506875 0.17755555555555555 0.03179166666666667 0.017425925925925925
1 0.5923020833333333 0.1808888888888889 0.12297395833333334 0.11590740740740742
3 0.7163802083333334 0.19253703703703703 0.033640625 0.023416666666666665
3 0.6753281250000001 0.19991666666666666 0.015083333333333334 0.037879629629629624
3 0.49189062499999997 0.20833333333333334 0.023473958333333333 0.057101851851851855
3 0.7251093750000001 0.20942592592592593 0.041296875000000004 0.029953703703703705
3 0.6819479166666667 0.2306388888888889 0.044432291666666665 0.033666666666666664
5 0.3766458333333333 0.2838425925925926 0.024630208333333334 0.10075925925925926
3 0.41442708333333333 0.2881944444444444 0.0440625 0.07175925925925926
2 0.6859635416666666 0.30324074074074076 0.19248958333333333 0.19599074074074072
5 0.24176041666666667 0.3816851851851852 0.016666666666666666 0.06789814814814815
5 0.7170989583333333 0.38773148148148145 0.021807291666666666 0.11805555555555555
5 0.229609375 0.4285 0.023614583333333335 0.0730462962962963
5 0.7560520833333333 0.43425 0.03871354166666666 0.21946296296296297
5 0.2518854166666667 0.4423888888888889 0.02186979166666667 0.06378703703703703
5 0.2035729166666667 0.44752777777777775 0.019 0.07201851851851852
3 0.20588541666666668 0.47993518518518524 0.04908333333333333 0.08127777777777778
5 0.730765625 0.5150462962962963 0.041328125 0.23842592592592593
3 0.16104166666666667 0.5226296296296297 0.047364583333333335 0.10905555555555556
5 0.09045833333333334 0.5519537037037037 0.03235416666666666 0.13271296296296298
3 0.12517187500000002 0.5678981481481482 0.03349479166666667 0.11316666666666667
5 0.06123958333333333 0.5792222222222222 0.03872916666666667 0.1399166666666667
3 0.531984375 0.6320092592592593 0.12293229166666667 0.15100000000000002
3 0.011994791666666667 0.6404351851851852 0.019890625 0.058638888888888886
3 0.03722916666666667 0.644037037037037 0.027744791666666668 0.09670370370370371
3 0.6506927083333333 0.71875 0.15202083333333333 0.16435185185185186
2 0.022406250000000003 0.7631203703703703 0.044187500000000005 0.18981481481481483
3 0.7280208333333333 0.0787037037037037 0.020770833333333336 0.017972222222222223
3 0.7258802083333333 0.09041666666666667 0.028734375 0.017425925925925925