4 0.12167708333333334 0.20644444444444446 0.0374375 0.07371296296296297
5 0.14926562499999999 0.21203703703703702 0.009125 0.040712962962962965
5 0.160890625 0.2129722222222222 0.007713541666666667 0.0344537037037037
5 0.14036979166666666 0.21391666666666667 0.008953125000000001 0.04259259259259259
5 0.08603125 0.2374814814814815 0.004463541666666667 0.03888888888888889
4 0.19336979166666665 0.2643611111111111 0.07611458333333333 0.12192592592592594
5 0.10743229166666667 0.27373148148148146 0.012838541666666667 0.09082407407407407
4 0.3211979166666667 0.28125925925925926 0.11910416666666666 0.22112962962962962
1 0.3710625 0.28541666666666665 0.03433854166666667 0.08535185185185186
5 0.2583125 0.2901759259259259 0.018635416666666668 0.10303703703703704
3 0.23154687499999999 0.3150648148148148 0.032177083333333335 0.06484259259259259
5 0.012765625000000001 0.32937962962962963 0.025531250000000002 0.21124074074074073
5 0.5670625 0.32995370370370375 0.0325625 0.13687037037037036
3 0.5962656249999999 0.3312407407407407 0.044109375 0.09819444444444445
3 0.5495885416666667 0.3349351851851852 0.019171875 0.06224074074074074
3 0.61765625 0.3372407407407408 0.045932291666666666 0.10096296296296296
3 0.6369895833333333 0.34253703703703703 0.04980208333333334 0.10603703703703703
3 0.6578489583333333 0.35360185185185183 0.05416145833333333 0.10326851851851852
3 0.6776927083333334 0.3635185185185185 0.05603645833333334 0.10925925925925926
5 0.52565625 0.3658148148148148 0.031578125 0.17475925925925928
5 0.4581822916666667 0.37363888888888885 0.045947916666666665 0.18666666666666668
3 0.6953385416666666 0.37642592592592594 0.058093750000000006 0.11018518518518519
3 0.720484375 0.3897962962962963 0.043062500000000004 0.11571296296296296
3 0.7496562499999999 0.40108333333333335 0.048 0.1069537037037037
3 0.7714375 0.4050092592592593 0.044895833333333336 0.12124999999999998
3 0.8072343750000001 0.4202222222222222 0.053171875 0.12032407407407407
3 0.8309583333333334 0.4418888888888889 0.04306770833333333 0.1129537037037037
3 0.8515729166666667 0.4515648148148148 0.053703125 0.11571296296296296
3 0.8877552083333333 0.45433333333333337 0.039942708333333334 0.14061111111111113
3 0.9031822916666666 0.46055555555555555 0.036578125 0.15950925925925927
3 0.921328125 0.4847592592592592 0.029328125 0.1461388888888889
3 0.9512760416666667 0.4900648148148148 0.02959375 0.1502962962962963
3 0.975 0.49836111111111114 0.025197916666666667 0.14475925925925925
3 0.993671875 0.53225 0.012661458333333332 0.10373148148148148