3 0.7436458333333333 0.9482592592592591 0.0998125 0.10348148148148148
5 0.6425364583333334 0.2566111111111111 0.005921874999999999 0.021824074074074076
5 0.6548125 0.2609166666666667 0.005177083333333333 0.023148148148148147
5 0.6454114583333334 0.2901759259259259 0.006458333333333333 0.04463888888888889
5 0.6295989583333333 0.2949722222222222 0.010557291666666666 0.03373148148148148
5 0.5944531249999999 0.2974537037037037 0.0113125 0.01686111111111111
5 0.57315625 0.2979537037037037 0.009276041666666667 0.032407407407407406
5 0.6082135416666666 0.3012592592592593 0.011307291666666667 0.019842592592592592
2 0.6649479166666666 0.3088611111111111 0.024328125 0.04563888888888889
5 0.5935208333333333 0.31977777777777777 0.009083333333333334 0.023148148148148147
1 0.5512083333333333 0.32407407407407407 0.028255208333333334 0.03373148148148148
5 0.6035625 0.3298611111111111 0.0109375 0.03274074074074074
5 0.6280208333333334 0.34688888888888886 0.012229166666666668 0.06349074074074074
5 0.7797083333333333 0.3511944444444445 0.0165 0.058861111111111114
5 0.6041197916666667 0.359787037037037 0.010192708333333333 0.030425925925925926
5 0.6456875 0.36077777777777775 0.014083333333333333 0.07605555555555556
5 0.6844739583333334 0.3654074074074074 0.010187499999999999 0.08267592592592593
5 0.6658854166666667 0.3658148148148148 0.014473958333333333 0.08730555555555557
0 0.574640625 0.36706481481481484 0.04386458333333333 0.08002777777777778
5 0.61796875 0.379962962962963 0.013338541666666667 0.04100925925925926
5 0.584125 0.3862407407407407 0.010375 0.023805555555555555
5 0.5718489583333334 0.38723148148148145 0.015958333333333335 0.04364814814814815
5 0.69675 0.3950092592592593 0.016130208333333333 0.09887962962962964
0 0.7233541666666666 0.4126944444444444 0.0421875 0.14417592592592593
5 0.5978854166666667 0.4196388888888889 0.020036458333333333 0.07605555555555556
5 0.7609322916666666 0.42179629629629634 0.019125 0.056546296296296296
5 0.769859375 0.438 0.020984375 0.0360462962962963
5 0.746421875 0.4386574074074074 0.015416666666666667 0.029435185185185186
5 0.5855312500000001 0.4438611111111111 0.02694791666666667 0.09953703703703703
5 0.6136874999999999 0.46016666666666667 0.0289375 0.1491111111111111
5 0.56046875 0.4618055555555556 0.026307291666666666 0.09143518518518519
5 0.750796875 0.49173148148148155 0.033078125 0.07076851851851852
3 0.5502135416666667 0.5 0.075453125 0.05787037037037037
3 0.8384895833333333 0.5208333333333334 0.06144791666666667 0.02812962962962963
3 0.8629322916666666 0.5245740740740741 0.04303125 0.04914814814814815
3 0.5482604166666667 0.5341388888888889 0.08521875 0.1087962962962963
5 0.7876197916666666 0.5411666666666667 0.036041666666666666 0.11739814814814815
3 0.8661354166666667 0.5439814814814815 0.053843749999999996 0.046648148148148154
3 0.5347708333333333 0.556212962962963 0.09579166666666666 0.11772222222222223
5 0.8281875 0.5571574074074074 0.024416666666666666 0.0495
3 0.875109375 0.5652037037037037 0.06935416666666666 0.04243518518518519
3 0.48716145833333335 0.5985462962962963 0.07646875 0.09920370370370371
3 0.8835729166666667 0.5987685185185185 0.07325520833333334 0.04937962962962963
5 0.7479375 0.6081111111111112 0.0501875 0.18355555555555556
3 0.4856770833333333 0.6243425925925925 0.05117708333333334 0.08465740740740742
3 0.92284375 0.6261574074074074 0.06586458333333332 0.08410185185185184
3 0.8738125 0.6419722222222223 0.06327604166666666 0.08796296296296297
5 0.819921875 0.6674814814814815 0.04526041666666667 0.14760185185185185
3 0.021067708333333334 0.6689814814814815 0.04213541666666667 0.14351851851851852
3 0.49014583333333334 0.6726203703703704 0.027369791666666664 0.09920370370370371
3 0.32015625000000003 0.6805555555555556 0.049005208333333335 0.08862037037037036
3 0.9631875 0.6809444444444444 0.07363020833333334 0.13657407407407407
5 0.43884375000000003 0.6882685185185186 0.050046875000000005 0.3148148148148148
3 0.471546875 0.692462962962963 0.027380208333333333 0.1256574074074074
5 0.7778020833333333 0.7069722222222222 0.056 0.1895462962962963
5 0.38488020833333336 0.7169351851851852 0.063859375 0.3042314814814815
5 0.8609635416666667 0.7339351851851852 0.06974999999999999 0.1715648148148148
3 0.9818645833333334 0.7430555555555556 0.03546875 0.041666666666666664
3 0.9714322916666667 0.7461388888888889 0.05713541666666667 0.11574074074074074
3 0.9814322916666666 0.8036296296296296 0.03546875 0.08410185185185184
3 0.8751041666666667 0.8572500000000001 0.14659895833333333 0.14969444444444444
3 0.7649375 0.8894351851851852 0.06090104166666667 0.19281481481481483