3 0.7165052083333333 0.11146296296296296 0.025104166666666667 0.03819444444444445
3 0.7148125000000001 0.12002777777777777 0.02041666666666667 0.037731481481481484
3 0.7020572916666666 0.12025925925925926 0.014958333333333332 0.03125
3 0.7066145833333334 0.12268518518518519 0.019119791666666667 0.04259259259259259
3 0.700625 0.12558333333333332 0.010270833333333333 0.041435185185185186
0 0.6709791666666667 0.13287037037037036 0.053046875 0.0787037037037037
0 0.7561197916666667 0.13425925925925927 0.037911458333333335 0.07592592592592592
3 0.7158229166666668 0.16336111111111112 0.029729166666666664 0.02447222222222222
3 0.7558229166666667 0.17519444444444446 0.023510416666666666 0.01900925925925926
1 0.5929947916666667 0.1840277777777778 0.12571875 0.11064814814814815
3 0.7197291666666668 0.18733333333333332 0.03753645833333333 0.020175925925925924
3 0.6740364583333334 0.1970185185185185 0.015484375 0.03188888888888889
3 0.49322916666666666 0.2031851851851852 0.03233854166666667 0.048351851851851854
3 0.722609375 0.20585185185185184 0.03958333333333333 0.016203703703703703
3 0.6924843749999999 0.20667592592592593 0.010208333333333335 0.019842592592592592
3 0.6769270833333334 0.2355925925925926 0.044411458333333334 0.03498148148148148
5 0.46950520833333337 0.27212037037037035 0.028874999999999998 0.11008333333333334
5 0.5908385416666667 0.27469444444444446 0.025703125 0.13580555555555554
5 0.39197916666666666 0.27623148148148147 0.012708333333333332 0.09774074074074074
3 0.42784895833333336 0.2834351851851852 0.01963541666666667 0.052472222222222226
5 0.4099114583333333 0.28755555555555556 0.021958333333333333 0.10802777777777778
3 0.47384375 0.29012037037037036 0.045656249999999995 0.047324074074074074
2 0.6831822916666667 0.32672222222222225 0.205171875 0.20899074074074075
5 0.24796354166666665 0.3775277777777778 0.025895833333333333 0.05808333333333333
5 0.22700520833333335 0.43291666666666667 0.027109374999999998 0.07356481481481482
5 0.25661979166666665 0.4522685185185185 0.019947916666666666 0.07862037037037037
5 0.19860416666666666 0.47432407407407406 0.024281249999999997 0.14755555555555558
3 0.24086458333333333 0.4818981481481482 0.021161458333333334 0.05808333333333333
5 0.18071875 0.48455555555555563 0.03359375 0.13644444444444445
5 0.7093281250000001 0.4891944444444445 0.04092708333333333 0.21913888888888888
3 0.21766666666666667 0.49662962962962964 0.02969270833333333 0.06397222222222222
3 0.16157291666666668 0.5286203703703704 0.03965625 0.09932407407407406
5 0.088671875 0.5505092592592592 0.036848958333333334 0.13636111111111113
3 0.12511979166666667 0.5656574074074073 0.03399479166666666 0.09763888888888889
5 0.060265624999999996 0.5740740740740741 0.03591145833333333 0.15656481481481482
3 0.5322135416666667 0.6309722222222223 0.12472395833333333 0.15081481481481482
3 0.03825520833333333 0.6460462962962963 0.03166145833333333 0.10016666666666667
3 0.015770833333333335 0.6683518518518519 0.025515625 0.10774074074074073
3 0.6521614583333334 0.7132499999999999 0.15626041666666665 0.17048148148148148
3 0.7479895833333334 0.0849537037037037 0.016104166666666666 0.01990740740740741
3 0.7192395833333334 0.09225 0.028223958333333334 0.018287037037037036