3 0.7240677083333333 0.09259259259259259 0.025249999999999998 0.039685185185185184
3 0.7158854166666667 0.10549074074074075 0.02822916666666667 0.05357407407407407
3 0.71328125 0.11937962962962964 0.025994791666666666 0.041666666666666664
3 0.70565625 0.12235185185185184 0.024140625000000002 0.039685185185185184
0 0.7557760416666667 0.13336111111111112 0.03626041666666667 0.0788888888888889
3 0.7024947916666666 0.1345925925925926 0.011119791666666667 0.031083333333333334
0 0.6714479166666667 0.13674074074074075 0.05177604166666667 0.09316666666666668
5 0.6542708333333334 0.1514259259259259 0.013385416666666667 0.05726851851851852
3 0.633578125 0.16424074074074074 0.030989583333333334 0.05003703703703704
5 0.5820416666666667 0.16530555555555557 0.014875 0.034712962962962966
3 0.7288958333333333 0.16737037037037036 0.021 0.05304629629629629
3 0.5803489583333333 0.18810185185185185 0.037421875 0.03752777777777778
5 0.6670833333333334 0.19264814814814815 0.019973958333333333 0.04859259259259259
5 0.6475624999999999 0.1967685185185185 0.006802083333333334 0.06551851851851852
5 0.5880052083333334 0.20066666666666666 0.019484374999999998 0.05684259259259259
5 0.6562239583333334 0.20175925925925928 0.012411458333333332 0.06595370370370371
3 0.4854322916666666 0.20209259259259257 0.02841145833333333 0.06689814814814815
3 0.578265625 0.20547222222222222 0.04419270833333333 0.04448148148148148
3 0.49774479166666663 0.20929629629629629 0.037406249999999995 0.06787037037037037
3 0.7000989583333334 0.21324074074074076 0.047015625 0.07343518518518519
3 0.5535104166666667 0.21427777777777776 0.031677083333333335 0.06300925925925925
3 0.5411302083333334 0.23212037037037037 0.04236979166666666 0.06532407407407408
1 0.7308385416666667 0.24832407407407406 0.09965104166666668 0.0788888888888889
3 0.5181979166666667 0.25504629629629627 0.04209895833333333 0.08014814814814815
3 0.46829166666666666 0.2635092592592592 0.03663020833333333 0.03637037037037037
3 0.49623958333333335 0.27011111111111114 0.04171875 0.0745925925925926
3 0.41209375000000004 0.2810185185185185 0.046552083333333334 0.06989814814814814
3 0.46288541666666666 0.2925740740740741 0.044578125 0.07922222222222222
5 0.4969791666666667 0.2956944444444445 0.030723958333333336 0.10456481481481482
1 0.6057552083333333 0.2994074074074074 0.15040104166666665 0.14350925925925928
1 0.6938593750000001 0.30992592592592594 0.17445833333333333 0.10593518518518519
3 0.4275364583333333 0.3165 0.04896354166666667 0.07810185185185185
1 0.669546875 0.43014814814814817 0.22895833333333335 0.2336666666666667
1 0.48952083333333335 0.44855555555555554 0.16221875 0.20437037037037037
3 0.2363125 0.45796296296296296 0.04739583333333333 0.09849074074074074
3 0.21544791666666668 0.4720648148148148 0.044708333333333336 0.10587037037037038
3 0.202390625 0.5022222222222222 0.054713541666666664 0.08287037037037037
3 0.18408854166666666 0.5232592592592593 0.046411458333333336 0.08677777777777777
3 0.16236979166666668 0.5328055555555555 0.04591666666666667 0.09111111111111111
3 0.1393125 0.557324074074074 0.049078125 0.08981481481481482
3 0.12173958333333333 0.5827037037037037 0.05297916666666667 0.07375925925925926
3 0.10355208333333334 0.600925925925926 0.05030729166666667 0.09111111111111111
3 0.08171354166666665 0.6165462962962963 0.04859375 0.08243518518518518
3 0.06658333333333334 0.6293518518518519 0.041265625 0.082
1 0.3309947916666667 0.6328796296296296 0.22267708333333333 0.2650648148148148
3 0.04218229166666666 0.6553796296296296 0.03491666666666667 0.0915462962962963
3 0.024734375 0.6694814814814815 0.039546875 0.09545370370370371
3 0.7441510416666667 0.06911111111111111 0.023755208333333333 0.021824074074074076
3 0.00834375 0.7070092592592593 0.016682291666666668 0.07766666666666666
1 0.6544583333333333 0.7777407407407407 0.3658489583333333 0.40279629629629626
3 0.7311354166666667 0.08399074074074074 0.020036458333333333 0.044972222222222226