5 0.3485390625 0.23908333333333331 0.017703125 0.077375
2 0.25425 0.25098611111111113 0.032242187500000005 0.08134722222222222
2 0.230265625 0.2609166666666667 0.055898437499999995 0.06547222222222222
5 0.190640625 0.2847222222222222 0.009953125 0.06944444444444445
5 0.2252421875 0.2876944444444444 0.016843749999999998 0.08730555555555555
5 0.546046875 0.31151388888888887 0.0421875 0.051583333333333335
5 0.4785390625 0.32440277777777776 0.0299375 0.07341666666666667
5 0.4439453125 0.3402777777777778 0.025484374999999997 0.12102777777777778
3 0.5588828125 0.38987499999999997 0.054460937499999994 0.077375
3 0.488578125 0.39384722222222224 0.029929687500000003 0.04563888888888889
1 0.7385234374999999 0.4613055555555555 0.23293750000000002 0.21230555555555558
5 0.92378125 0.7271805555555556 0.0461015625 0.30356944444444445
5 0.8696640625000001 0.7648750000000001 0.07843750000000001 0.34325