5 0.70428125 0.16943055555555556 0.005093749999999999 0.030458333333333334
2 0.7200859375 0.1720972222222222 0.014796875000000001 0.027638888888888886
5 0.695359375 0.18058333333333335 0.0070390625 0.01633333333333333
3 0.693859375 0.19534722222222223 0.0047421875 0.010055555555555555
1 0.7815390625 0.19698611111111114 0.0418828125 0.03426388888888889
5 0.7184062499999999 0.2024861111111111 0.0093671875 0.04648611111111111
5 0.6213671875 0.25845833333333335 0.019015625 0.08625000000000001
5 0.52571875 0.28812499999999996 0.027234374999999998 0.06851388888888889
5 0.5704453125 0.3340138888888889 0.0167890625 0.11501388888888889
3 0.5208984375 0.3431944444444444 0.024375 0.05138888888888889
5 0.5393515625 0.5674583333333333 0.0421875 0.07936111111111112