5 0.72189453125 0.07821527777777777 0.0080078125 0.025430555555555553
1 0.48346484375000004 0.8195625000000001 0.5029375 0.3584027777777778
1 0.81694140625 0.08483333333333333 0.024125 0.04076388888888889
5 0.71621484375 0.08813888888888889 0.01075 0.026479166666666668
5 0.7975234375 0.08883333333333333 0.0067890625 0.0415625
5 0.8029921874999999 0.08983333333333335 0.00471875 0.04030555555555555
1 0.8492656249999999 0.09005555555555556 0.048359374999999996 0.027520833333333335
1 0.855140625 0.10311805555555556 0.057371093750000005 0.036229166666666666
1 0.8688593750000001 0.1257638888888889 0.0381640625 0.034138888888888885
4 0.7592890625 0.12690972222222222 0.0604140625 0.11217361111111111
3 0.66183203125 0.13552083333333334 0.0347578125 0.03172916666666666
3 0.58037109375 0.16072916666666665 0.03053125 0.04959722222222222
5 0.612328125 0.1740625 0.0170625 0.07910416666666667
5 0.8665820312499999 0.17424305555555555 0.015464843750000002 0.08029861111111111
4 0.7171289062499999 0.19229861111111113 0.12148046875 0.18299305555555556
5 0.63059765625 0.20350000000000001 0.017332031249999998 0.08416666666666667
0 0.78130078125 0.05618055555555556 0.0176640625 0.04017361111111111
0 0.829109375 0.06665972222222222 0.01460546875 0.03861805555555556