5 0.6944791666666668 0.09640740740740741 0.004541666666666667 0.020694444444444446
5 0.7316979166666666 0.09803703703703703 0.01096875 0.05773148148148148
3 0.7117812499999999 0.09858333333333333 0.024447916666666666 0.04466666666666667
3 0.7082604166666666 0.12118518518518519 0.020468749999999997 0.031046296296296298
5 0.6483489583333333 0.12839814814814815 0.009104166666666667 0.037037037037037035
5 0.6309947916666666 0.1299351851851852 0.013265625 0.03395370370370371
5 0.6856666666666666 0.13117592592592592 0.014833333333333334 0.04382407407407407
5 0.7249010416666667 0.14074074074074075 0.013645833333333333 0.03950925925925926
5 0.5771822916666667 0.14444444444444443 0.014531249999999999 0.08271296296296296
5 0.6184947916666667 0.14599074074074073 0.009786458333333333 0.03148148148148148
5 0.7412135416666668 0.15185185185185185 0.016895833333333332 0.04691666666666667
5 0.6690052083333333 0.15339814814814814 0.0120625 0.07839814814814815
5 0.604609375 0.1537037037037037 0.007005208333333333 0.022222222222222223
5 0.6565104166666667 0.1574074074074074 0.0143125 0.08148148148148149
5 0.7073697916666667 0.15771296296296297 0.014682291666666668 0.05
5 0.6384583333333332 0.15833333333333333 0.012223958333333333 0.04136111111111111
5 0.6233541666666667 0.16574074074074074 0.018119791666666666 0.048768518518518524
5 0.6106822916666667 0.167287037037037 0.010828125 0.040740740740740744
5 0.7535364583333333 0.16975 0.016546875 0.05185185185185185
5 0.5884635416666666 0.17685185185185184 0.01359375 0.03518518518518519
5 0.6519947916666666 0.17839814814814814 0.02264583333333333 0.040740740740740744
3 0.7122395833333334 0.1865462962962963 0.04265104166666667 0.03866666666666666
5 0.5994010416666666 0.18796296296296297 0.010473958333333333 0.08703703703703704
3 0.48775520833333336 0.18826851851851853 0.021322916666666667 0.03549074074074074
5 0.6761250000000001 0.19444444444444445 0.011890624999999998 0.06296296296296296
3 0.4964375 0.2064074074074074 0.033479166666666664 0.07175925925925926
3 0.577796875 0.20717592592592593 0.03288541666666667 0.0763888888888889
5 0.6408854166666667 0.2086388888888889 0.008755208333333332 0.06419444444444444
5 0.5313541666666667 0.21419444444444447 0.013848958333333333 0.05432407407407407
3 0.707953125 0.21432407407407408 0.032234375 0.045203703703703704
5 0.6828906250000001 0.21789814814814815 0.01553125 0.10863888888888888
5 0.65078125 0.22870370370370371 0.022296875 0.09444444444444444
5 0.5568697916666667 0.22932407407407407 0.023911458333333333 0.09814814814814815
5 0.6254375 0.2336388888888889 0.023677083333333335 0.11173148148148149
5 0.6077343749999999 0.2348796296296296 0.015338541666666667 0.10802777777777778
3 0.5649947916666667 0.23534259259259258 0.009890624999999998 0.052472222222222226
5 0.6141562500000001 0.24166666666666667 0.01846354166666667 0.10062037037037037
3 0.5333177083333334 0.24228703703703705 0.040276041666666665 0.07252777777777777
1 0.7301145833333333 0.24768518518518517 0.09731770833333334 0.06018518518518518
3 0.5189947916666667 0.2569444444444444 0.03941666666666667 0.07715740740740741
3 0.46084895833333334 0.27044444444444443 0.036833333333333336 0.04089814814814815
3 0.4966458333333333 0.27314814814814814 0.043328125 0.07562037037037037
3 0.6459270833333334 0.27614814814814814 0.050895833333333335 0.06644444444444444
3 0.4732135416666667 0.27662037037037035 0.04420833333333333 0.0640462962962963
3 0.41094270833333335 0.2808611111111111 0.03858854166666667 0.07407407407407407
5 0.38528645833333336 0.30439814814814814 0.024010416666666666 0.11574074074074074
3 0.4504322916666667 0.30516666666666664 0.04291145833333333 0.07947222222222222
1 0.6943072916666666 0.3125 0.17413541666666665 0.09259259259259259
5 0.536296875 0.3269722222222222 0.029161458333333334 0.06828703703703703
5 0.48813020833333337 0.35532407407407407 0.04480208333333333 0.1412037037037037
5 0.48716145833333335 0.3761574074074074 0.04567708333333333 0.1388888888888889
5 0.5190572916666667 0.41203703703703703 0.027463541666666664 0.17592592592592593
1 0.6715208333333333 0.43287037037037035 0.230125 0.23148148148148148
5 0.550296875 0.4363425925925926 0.03658854166666667 0.21064814814814814
5 0.47934375 0.44039814814814815 0.05066145833333333 0.16550925925925927
3 0.23519270833333333 0.46123148148148146 0.05325520833333333 0.10069444444444445
5 0.5925677083333334 0.46141666666666664 0.04847395833333333 0.21296296296296297
3 0.21469270833333332 0.4699074074074074 0.0435 0.10648148148148148
5 0.45526041666666667 0.49016666666666664 0.040255208333333334 0.19560185185185186
3 0.20069270833333333 0.49074074074074076 0.057171875 0.10185185185185185
3 0.18246874999999999 0.5063703703703704 0.044161458333333334 0.1099537037037037
3 0.15838541666666667 0.5069444444444444 0.03896354166666667 0.08796296296296297
5 0.434390625 0.5528518518518519 0.05201041666666666 0.24150925925925926
2 0.10655729166666666 0.6388888888888888 0.165421875 0.26851851851851855
3 0.009557291666666667 0.7031296296296297 0.019114583333333334 0.08217592592592593
5 0.7535989583333333 0.07625 0.006364583333333334 0.03376851851851852
3 0.7154583333333334 0.0781574074074074 0.01709375 0.029953703703703705
1 0.6545833333333333 0.7789351851851852 0.3655208333333333 0.3958333333333333
5 0.734453125 0.07897222222222222 0.0054531250000000005 0.020694444444444446
5 0.7465520833333333 0.08360185185185186 0.008203125 0.03758333333333334