5 0.7156354166666666 0.09365740740740741 0.009510416666666667 0.03632407407407407
5 0.7292552083333333 0.11396296296296296 0.009505208333333333 0.037037037037037035
0 0.6691666666666667 0.12113888888888891 0.04895833333333333 0.0663611111111111
5 0.6926041666666667 0.1303425925925926 0.016328125000000002 0.07407407407407407
0 0.7535677083333333 0.13580555555555554 0.033734375 0.09104629629629629
5 0.6583541666666667 0.14102777777777778 0.010338541666666668 0.0441574074074074
5 0.6739791666666667 0.14102777777777778 0.010328124999999999 0.05555555555555555
5 0.72184375 0.14102777777777778 0.014713541666666666 0.03988888888888889
5 0.5883697916666667 0.16087962962962962 0.010911458333333334 0.05555555555555555
3 0.728265625 0.1635 0.020479166666666666 0.017055555555555556
5 0.631984375 0.16550925925925927 0.012197916666666668 0.08564814814814815
5 0.750234375 0.16724999999999998 0.014552083333333334 0.05439814814814815
3 0.6157604166666667 0.17080555555555554 0.025734374999999997 0.03167592592592593
5 0.6218958333333333 0.17592592592592593 0.012848958333333334 0.08564814814814815
3 0.49411458333333336 0.18673148148148147 0.016744791666666665 0.025722222222222223
5 0.686984375 0.1875 0.012822916666666666 0.06018518518518518
3 0.6091822916666667 0.18908333333333335 0.019708333333333335 0.042888888888888886
3 0.5980833333333333 0.19200925925925927 0.0194375 0.04190740740740741
3 0.7171666666666667 0.19200925925925927 0.035557291666666664 0.02047222222222222
3 0.5912343750000001 0.20053703703703704 0.021635416666666667 0.04044444444444444
3 0.5787604166666667 0.20930555555555558 0.026302083333333334 0.04337037037037037
3 0.7101770833333333 0.21003703703703705 0.024874999999999998 0.027287037037037037
5 0.67396875 0.2135462962962963 0.015432291666666665 0.08680555555555555
3 0.49208854166666666 0.21913888888888888 0.02773958333333333 0.03498148148148148
5 0.652484375 0.22049074074074074 0.016744791666666665 0.1099537037037037
3 0.5566197916666666 0.2222222222222222 0.027213541666666667 0.059833333333333336
5 0.545734375 0.23322222222222222 0.02069270833333333 0.08217592592592593
3 0.54940625 0.23860185185185184 0.023208333333333334 0.047009259259259265
5 0.53109375 0.24189814814814814 0.021348958333333334 0.10648148148148148
1 0.7288125 0.24537037037037038 0.09470312500000001 0.06018518518518518
3 0.5167604166666666 0.2539166666666667 0.038843749999999996 0.04487037037037037
3 0.4958489583333333 0.2654351851851852 0.037572916666666664 0.04114814814814815
5 0.5367916666666667 0.2710092592592593 0.022010416666666664 0.1047037037037037
3 0.471546875 0.27212037037037035 0.038739583333333334 0.04012037037037037
3 0.505546875 0.28026851851851853 0.023625 0.04914814814814815
3 0.4043645833333333 0.28858333333333336 0.025119791666666665 0.06481481481481481
3 0.4605520833333333 0.2916666666666667 0.03758854166666667 0.04218518518518519
5 0.42889583333333337 0.3055555555555556 0.025296875 0.125
5 0.5036041666666666 0.30671296296296297 0.0245 0.08101851851851852
3 0.45650520833333336 0.3101851851851852 0.04221875 0.058638888888888886
1 0.6943020833333333 0.3148148148148148 0.168921875 0.06944444444444445
1 0.6708697916666666 0.42939814814814814 0.22620833333333332 0.2013888888888889
1 0.48861979166666664 0.4513888888888889 0.15338541666666666 0.2037037037037037
3 0.23532291666666666 0.46830555555555553 0.04908333333333333 0.07885185185185185
5 0.5413541666666667 0.46875 0.04791666666666667 0.1736111111111111
3 0.188515625 0.4808148148148148 0.025838541666666666 0.032962962962962965
5 0.6468020833333333 0.4826388888888889 0.053078125 0.19212962962962962
3 0.22218229166666664 0.48770370370370375 0.029838541666666666 0.07509259259259259
5 0.21590104166666665 0.5034722222222222 0.04284375 0.15046296296296297
3 0.18534895833333334 0.5256666666666667 0.03921354166666667 0.07843518518518518
3 0.16211979166666665 0.5344259259259259 0.04483854166666667 0.08677777777777777
3 0.14053125 0.557787037037037 0.04764583333333334 0.08427777777777777
3 0.121984375 0.5830277777777777 0.051890624999999996 0.07050925925925926
3 0.102859375 0.6009722222222221 0.048364583333333336 0.08802777777777777
3 0.081859375 0.6161944444444445 0.048125 0.07926851851851852
3 0.06695833333333333 0.6305925925925926 0.0394375 0.07885185185185185
3 0.04338020833333334 0.6568703703703703 0.03403645833333333 0.08719444444444445
3 0.025536458333333335 0.6687685185185185 0.03921354166666667 0.09762037037037037
5 0.7539739583333334 0.0691574074074074 0.005765625 0.020259259259259258
5 0.7422604166666668 0.07118518518518518 0.0077239583333333335 0.023148148148148147
3 0.008374999999999999 0.7061018518518519 0.016744791666666665 0.07801851851851853
5 0.7320052083333334 0.0775462962962963 0.006750000000000001 0.02662037037037037
1 0.6539270833333333 0.7754629629629629 0.3590052083333333 0.41203703703703703
5 0.7489322916666666 0.08130555555555556 0.005442708333333333 0.023731481481481482