5 0.230625 0.19768518518518519 0.008791666666666666 0.058333333333333334
5 0.13793229166666665 0.21203703703703702 0.007786458333333333 0.037037037037037035
3 0.13871354166666666 0.22268518518518518 0.005182291666666667 0.019444444444444445
4 0.19611979166666668 0.24282407407407408 0.085609375 0.12453703703703704
4 0.32603645833333333 0.31150925925925926 0.11432812499999999 0.2896851851851852
3 0.61971875 0.33846296296296297 0.04475 0.1012037037037037
3 0.6341302083333333 0.3475833333333333 0.048562499999999995 0.09885185185185186
3 0.6602760416666666 0.3525 0.05503645833333334 0.10418518518518519
3 0.7176718750000001 0.3862685185185185 0.06357291666666667 0.10709259259259259
5 0.7832604166666666 0.41789814814814813 0.025296875 0.08025
3 0.8290833333333333 0.4326203703703704 0.06554687499999999 0.11214814814814815
5 0.875484375 0.450212962962963 0.02734375 0.10247222222222223
5 0.9143072916666667 0.46574074074074073 0.028369791666666665 0.09937962962962962
3 0.9932916666666666 0.5191388888888888 0.013416666666666667 0.11358333333333334