5 0.10825 0.2542407407407407 0.034692708333333336 0.1288611111111111
5 0.21422916666666666 0.2740740740740741 0.014624999999999999 0.02962962962962963
4 0.32587499999999997 0.2962962962962963 0.10179166666666667 0.2222222222222222
3 0.5705677083333334 0.32605555555555554 0.0513125 0.09391666666666668
5 0.8067604166666666 0.3366388888888889 0.026677083333333334 0.10713888888888888
3 0.6177239583333333 0.34473148148148147 0.03888020833333334 0.06979629629629629
3 0.632140625 0.3600462962962963 0.038885416666666665 0.06766666666666667
3 0.643359375 0.37037037037037035 0.021265625 0.06837962962962962
3 0.6755052083333334 0.3726851851851852 0.048364583333333336 0.07407407407407407
5 0.947359375 0.38491666666666663 0.031088541666666667 0.1375648148148148
3 0.75765625 0.3988055555555555 0.07132812499999999 0.10185185185185185
3 0.7054427083333333 0.4039351851851852 0.03796354166666667 0.08564814814814815
5 0.9083020833333334 0.41137962962962965 0.03184895833333333 0.19576851851851854
3 0.8219583333333333 0.4386574074074074 0.04972395833333333 0.10416666666666667
3 0.85734375 0.45039814814814816 0.06385416666666667 0.12037037037037036
3 0.95865625 0.5046296296296297 0.057583333333333334 0.10648148148148148
3 0.9937239583333334 0.5324074074074074 0.012552083333333333 0.10185185185185185
2 0.2790104166666667 0.8572500000000001 0.558015625 0.2854907407407407