5 0.6800104166666666 0.26937962962962964 0.007276041666666667 0.02623148148148148
5 0.6597708333333333 0.29408333333333336 0.010963541666666667 0.02139814814814815
5 0.6649322916666667 0.3036111111111111 0.009390625000000001 0.022564814814814815
5 0.646578125 0.30430555555555555 0.009875 0.043416666666666666
5 0.6915885416666666 0.30846296296296294 0.012151041666666666 0.027046296296296297
5 0.5930364583333334 0.30966666666666665 0.008567708333333333 0.037037037037037035
2 0.55821875 0.31415740740740744 0.06530729166666667 0.03306481481481482
3 0.6655208333333333 0.32625000000000004 0.0066770833333333335 0.02287962962962963
3 0.6915572916666667 0.3333333333333333 0.008036458333333333 0.02287962962962963
5 0.6610208333333334 0.3461944444444444 0.020963541666666665 0.04218518518518519
5 0.634515625 0.3644907407407407 0.01982291666666667 0.06878703703703705
3 0.6621770833333334 0.3837407407407407 0.011708333333333333 0.047324074074074074
0 0.7203958333333333 0.40475925925925926 0.04293229166666667 0.1428611111111111
0 0.5961614583333333 0.4086018518518519 0.050416666666666665 0.13200925925925924
3 0.7663593750000001 0.4305555555555556 0.05081770833333333 0.03188888888888889
3 0.7695104166666666 0.44855555555555554 0.059437500000000004 0.061731481481481484
3 0.7671927083333333 0.4521574074074074 0.055963541666666665 0.05040740740740741
5 0.6415416666666667 0.4603148148148148 0.029567708333333335 0.1428611111111111
3 0.7813697916666666 0.4686203703703704 0.07389583333333333 0.048351851851851854
3 0.5823958333333333 0.4735462962962963 0.06753125 0.07407407407407407
3 0.7894687499999999 0.5056574074074074 0.08315104166666668 0.07099074074074074
3 0.5518958333333334 0.5078055555555555 0.089859375 0.08968518518518519
3 0.8328958333333334 0.510287037037037 0.06930729166666666 0.05555555555555555
3 0.5487708333333334 0.5189166666666666 0.09283854166666666 0.05687962962962963
3 0.8462031250000001 0.5267499999999999 0.07740625 0.04937962962962963
3 0.5500364583333333 0.5310833333333334 0.08167708333333333 0.09656481481481483
3 0.83778125 0.5313796296296296 0.08718229166666666 0.08538888888888889
3 0.7875624999999999 0.5337407407407407 0.08604166666666666 0.06789814814814815
3 0.8409635416666668 0.5401203703703704 0.07734375 0.07407407407407407
5 0.6520208333333334 0.5509259259259259 0.051062500000000004 0.10648148148148148
3 0.475328125 0.5694444444444444 0.10823958333333333 0.07962962962962963
3 0.8666250000000001 0.5717037037037037 0.09186458333333333 0.06892592592592592
3 0.537015625 0.5720925925925926 0.101765625 0.12301851851851853
3 0.7971874999999999 0.5810185185185185 0.07260416666666666 0.11574074074074074
3 0.452578125 0.6137592592592592 0.117421875 0.12169444444444445
3 0.45488541666666665 0.6169351851851852 0.12113541666666668 0.12169444444444445
3 0.9185208333333333 0.6331018518518519 0.07516145833333333 0.09490740740740741
3 0.8199635416666666 0.6435185185185185 0.10253645833333333 0.13425925925925927
3 0.6442083333333334 0.6643518518518519 0.043250000000000004 0.16666666666666666
3 0.019114583333333334 0.6643518518518519 0.03822916666666667 0.13425925925925927
3 0.42579687499999996 0.6851851851851852 0.12040625 0.16931481481481483
3 0.44350520833333335 0.6911388888888889 0.11891145833333333 0.14682407407407408
3 0.9618229166666666 0.6928240740740741 0.074265625 0.09675925925925925
3 0.36159375 0.706787037037037 0.12471875 0.12962962962962962
3 0.8737291666666667 0.7236111111111111 0.12204687500000001 0.0712962962962963
3 0.5583229166666667 0.7371388888888889 0.023640625000000002 0.0010277777777777778
3 0.03885416666666666 0.7546296296296297 0.032609375 0.07407407407407407
3 0.8713854166666667 0.7793981481481481 0.13766666666666666 0.09768518518518518
3 0.9813541666666666 0.7997685185185185 0.03729166666666666 0.09953703703703703
3 0.8749010416666666 0.8046296296296296 0.13636458333333332 0.09722222222222222
3 0.86878125 0.8791666666666667 0.142875 0.14814814814814814