3 0.7277239583333334 0.09573148148148149 0.019302083333333334 0.022157407407407407
3 0.7215885416666666 0.10499074074074075 0.0185625 0.02348148148148148
3 0.7160989583333334 0.11127777777777778 0.019494791666666667 0.02876851851851852
3 0.7068958333333334 0.11342592592592593 0.017822916666666667 0.03306481481481482
3 0.700015625 0.12483333333333332 0.016338541666666668 0.04398148148148148
0 0.7553541666666667 0.13117592592592592 0.034604166666666665 0.06481481481481481
0 0.67028125 0.1373425925925926 0.050791666666666666 0.09774074074074074
3 0.751859375 0.17335185185185184 0.03455729166666666 0.029833333333333333
1 0.5933177083333334 0.1774722222222222 0.12719791666666666 0.11419444444444445
3 0.7313229166666667 0.18312962962962964 0.028203125 0.02262962962962963
3 0.6749114583333333 0.1995925925925926 0.018390625 0.03909259259259259
3 0.7272708333333333 0.20164814814814816 0.03977604166666667 0.024694444444444446
3 0.4926302083333333 0.20730555555555555 0.035770833333333335 0.06481481481481481
3 0.6899531250000001 0.2237685185185185 0.034583333333333334 0.027777777777777776
5 0.37772395833333333 0.2797777777777778 0.022994791666666667 0.09806481481481481
3 0.41760416666666667 0.2800925925925926 0.04780729166666667 0.06944444444444445
2 0.6824166666666667 0.31533333333333335 0.2000625 0.20267592592592593
5 0.22566666666666665 0.4340277777777778 0.018104166666666664 0.09953703703703703
5 0.2556041666666667 0.44766666666666666 0.025901041666666666 0.07689814814814815
5 0.17164062500000002 0.4525462962962963 0.02723958333333333 0.10416666666666667
3 0.23566145833333335 0.4722222222222222 0.03329166666666667 0.07672222222222222
5 0.19963020833333334 0.47398148148148145 0.02071875 0.1526759259259259
3 0.21 0.49074074074074076 0.045947916666666665 0.07672222222222222
3 0.15941145833333334 0.5205 0.042994791666666664 0.11508333333333334
5 0.105484375 0.5218240740740742 0.016979166666666667 0.06216666666666667
3 0.12333333333333334 0.5681203703703704 0.03333854166666667 0.1124351851851852
5 0.06684375000000001 0.6217777777777778 0.028583333333333336 0.08977777777777778
3 0.5314375 0.6332037037037037 0.12345833333333332 0.15488888888888888
3 0.7354427083333334 0.06662962962962962 0.00646875 0.01686111111111111
5 0.26731770833333335 0.6630462962962963 0.05453645833333333 0.21558333333333335
3 0.018072916666666668 0.6765833333333333 0.034124999999999996 0.11772222222222223
3 0.7296770833333334 0.07142592592592592 0.007213541666666667 0.013231481481481481
3 0.6545989583333333 0.7168518518518519 0.15461979166666667 0.17739814814814814
3 0.73971875 0.0792037037037037 0.013161458333333332 0.020833333333333332
3 0.7361875 0.0889537037037037 0.015395833333333333 0.021824074074074076