4 0.1918125 0.23032407407407407 0.07279166666666666 0.1550925925925926
4 0.32394270833333333 0.27199074074074076 0.100078125 0.19212962962962962
3 0.6196666666666667 0.3456759259259259 0.04074479166666667 0.09427777777777777
3 0.6311354166666666 0.3561944444444444 0.042171875 0.08236111111111111
3 0.6621614583333333 0.3582407407407407 0.050203125 0.09232407407407407
3 0.7214270833333334 0.38589814814814816 0.05964583333333333 0.10066666666666667
5 0.7848697916666667 0.4077222222222222 0.02547395833333333 0.06401851851851852
3 0.8248333333333334 0.43053703703703705 0.061244791666666666 0.10355555555555555
5 0.8747239583333334 0.45525925925925925 0.03047916666666667 0.0951574074074074
5 0.9158124999999999 0.4686296296296296 0.03271875 0.10427777777777779
3 0.9945520833333333 0.5370370370370371 0.010895833333333334 0.09259259259259259