3 0.7240364583333334 0.10206481481481482 0.014187499999999999 0.025675925925925925
3 0.7153229166666667 0.10485185185185185 0.019276041666666667 0.03431481481481482
3 0.707359375 0.11655555555555555 0.019281250000000003 0.03486111111111111
3 0.7001614583333333 0.12337037037037038 0.0146875 0.04412037037037037
0 0.6720520833333333 0.13477777777777777 0.048546874999999996 0.08641666666666667
0 0.7553697916666666 0.1394074074074074 0.034625 0.08538888888888889
1 0.5953697916666666 0.1712962962962963 0.12730729166666668 0.125
3 0.7487135416666667 0.1826111111111111 0.039838541666666664 0.03395370370370371
3 0.7296197916666666 0.19547222222222224 0.030588541666666667 0.03086111111111111
3 0.49759895833333334 0.20700925925925925 0.03063541666666667 0.07275
3 0.7197864583333333 0.21501851851851853 0.03869270833333334 0.04321296296296297
3 0.41383333333333333 0.2824074074074074 0.045484375 0.07407407407407407
5 0.3893541666666666 0.28571296296296295 0.0266875 0.10317592592592593
2 0.7327395833333333 0.3101851851851852 0.10577083333333334 0.18055555555555555
5 0.6611197916666666 0.35300925925925924 0.029640624999999997 0.19675925925925927
5 0.6188125 0.3611111111111111 0.036166666666666666 0.18055555555555555
5 0.22696875 0.43171296296296297 0.025916666666666664 0.09027777777777778
5 0.2575572916666667 0.44328703703703703 0.029807291666666666 0.09027777777777778
5 0.19702604166666668 0.4479166666666667 0.02853125 0.09490740740740741
5 0.17098958333333333 0.46296296296296297 0.03114583333333333 0.10648148148148148
3 0.22305729166666666 0.5023148148148148 0.023302083333333334 0.06018518518518518
5 0.10784895833333333 0.5231481481481481 0.024661458333333334 0.09722222222222222
5 0.765265625 0.5247222222222223 0.037411458333333335 0.26075000000000004
3 0.15992187500000002 0.5277777777777778 0.037656249999999995 0.12037037037037036
5 0.27513020833333335 0.6099537037037037 0.04672395833333333 0.21064814814814814
5 0.06423958333333334 0.6192129629629629 0.028583333333333336 0.09027777777777778
3 0.53334375 0.6307870370370371 0.12325520833333334 0.15082407407407405
3 0.020395833333333332 0.6782407407407407 0.04078645833333334 0.14351851851851852
3 0.6526458333333333 0.7143055555555556 0.15521354166666665 0.16845370370370372
3 0.7391822916666667 0.07996296296296296 0.011343750000000001 0.023564814814814813
3 0.7292447916666667 0.08943518518518519 0.014661458333333332 0.024833333333333332