4 0.6525520833333334 0.23925925925925923 0.008791666666666666 0.01425925925925926
1 0.64453125 0.25510185185185186 0.01096875 0.01637037037037037
5 0.6641875 0.268 0.006203125 0.029833333333333333
3 0.6495677083333333 0.27167592592592593 0.0044531250000000005 0.01473148148148148
5 0.6693958333333333 0.27725925925925926 0.007682291666666666 0.029833333333333333
5 0.6990260416666667 0.2944537037037037 0.00503125 0.01686111111111111
5 0.6928541666666667 0.30242592592592593 0.005182291666666667 0.014592592592592593
3 0.6823541666666666 0.3093796296296296 0.013843749999999998 0.019944444444444445
5 0.6850625 0.3171481481481481 0.007515625 0.016462962962962964
2 0.5571041666666667 0.31930555555555556 0.068859375 0.033351851851851855
2 0.7042395833333334 0.3401018518518519 0.032390625 0.06624074074074075
1 0.7280833333333334 0.34508333333333335 0.05614583333333333 0.04772222222222222
3 0.6059270833333333 0.35483333333333333 0.014416666666666666 0.015268518518518516
3 0.6179322916666667 0.36480555555555555 0.010994791666666667 0.024
3 0.60575 0.3797685185185185 0.008723958333333334 0.01963888888888889
0 0.5741927083333334 0.3849074074074074 0.04554166666666667 0.11531481481481481
3 0.6117135416666667 0.40251851851851855 0.030895833333333334 0.056407407407407406
0 0.7237083333333333 0.40991666666666665 0.04949479166666667 0.14526851851851852
5 0.6390208333333334 0.4146111111111111 0.02530729166666667 0.12962962962962962
3 0.5850729166666666 0.43680555555555556 0.05963020833333333 0.030851851851851853
3 0.7593333333333334 0.4414351851851852 0.04824479166666666 0.028398148148148148
3 0.770296875 0.44242592592592594 0.053885416666666665 0.026416666666666668
3 0.763046875 0.44837037037037036 0.04453125 0.017166666666666667
3 0.7806875000000001 0.45860185185185187 0.05678125 0.02178703703703704
3 0.7780885416666667 0.4721388888888889 0.06049479166666667 0.017166666666666667
3 0.5859479166666667 0.47591666666666665 0.06489062500000001 0.05485185185185185
3 0.5533333333333333 0.4787222222222222 0.07534895833333333 0.037398148148148146
3 0.7704739583333333 0.4840277777777778 0.05492708333333333 0.017166666666666667
3 0.767875 0.4975648148148148 0.05790104166666667 0.04687962962962963
3 0.5487760416666667 0.5041203703703704 0.08446354166666666 0.044564814814814814
3 0.7829270833333334 0.5071388888888889 0.07394270833333333 0.06338888888888888
3 0.802609375 0.5127499999999999 0.0754375 0.03896296296296296
3 0.8351041666666668 0.5236481481481481 0.06319270833333333 0.05150925925925926
3 0.5466718749999999 0.5273425925925925 0.08446354166666666 0.05485185185185185
3 0.8484739583333333 0.5325648148148148 0.07359375 0.045564814814814815
3 0.7754895833333334 0.5332222222222223 0.05232291666666666 0.04952777777777778
3 0.8674010416666668 0.5523703703703703 0.08460416666666666 0.03103703703703704
3 0.5333489583333333 0.5636481481481481 0.090078125 0.0987962962962963
3 0.8690729166666666 0.5649166666666667 0.07234895833333334 0.012546296296296297
3 0.8696458333333333 0.5731759259259259 0.08920312500000001 0.04225925925925926
3 0.75190625 0.58275 0.03413541666666667 0.08518518518518518
3 0.8787447916666667 0.5877037037037037 0.07397916666666667 0.05414814814814815
3 0.4785729166666667 0.5946666666666667 0.10011979166666667 0.10347222222222222
3 0.45447395833333337 0.6040092592592593 0.10449479166666667 0.1352685185185185
5 0.6054635416666667 0.6131666666666666 0.046427083333333334 0.2098796296296296
3 0.9247916666666666 0.626 0.06805208333333333 0.07791666666666668
3 0.8172812500000001 0.6401944444444444 0.083984375 0.11291666666666667
3 0.4420677083333333 0.6532314814814815 0.11192708333333333 0.13456481481481483
3 0.9646927083333333 0.661 0.07061979166666667 0.10565740740740741
3 0.019765625000000002 0.6712962962962963 0.039531250000000004 0.1388888888888889
3 0.7528333333333334 0.673212962962963 0.085015625 0.15782407407407406
3 0.868328125 0.6765185185185185 0.09166145833333333 0.04424074074074074
3 0.42523958333333334 0.6773148148148148 0.124828125 0.16291666666666665
3 0.8546041666666666 0.6788240740740741 0.09699479166666666 0.1333888888888889
3 0.5993020833333333 0.6960555555555555 0.07836458333333333 0.1728611111111111
3 0.36246875 0.7119629629629629 0.13898437500000002 0.1368148148148148
3 0.8711145833333334 0.7141574074074074 0.10985416666666666 0.05876851851851852
3 0.9712395833333333 0.7524537037037037 0.057520833333333334 0.11687962962962964
3 0.8711145833333334 0.7600462962962963 0.11356770833333334 0.07131481481481482
3 0.9788541666666667 0.7877777777777777 0.042291666666666665 0.11753703703703704
3 0.763046875 0.7990092592592593 0.060869791666666666 0.2496111111111111
3 0.9803385416666667 0.8029722222222223 0.039322916666666666 0.07660185185185185
3 0.8686979166666667 0.8521666666666667 0.1399375 0.1683888888888889
3 0.8720416666666666 0.9106018518518519 0.087203125 0.1439537037037037