3 0.7165364583333333 0.09891666666666667 0.028781249999999998 0.02808333333333333
3 0.6745729166666667 0.11226851851851852 0.01688020833333333 0.02199074074074074
0 0.7570937499999999 0.12088888888888889 0.0288125 0.08950925925925926
5 0.737421875 0.1388888888888889 0.012619791666666666 0.06789814814814815
0 0.694390625 0.1675925925925926 0.06548958333333334 0.13703703703703704
5 0.6274531250000001 0.17708333333333334 0.021609375 0.05324074074074074
3 0.7495677083333334 0.18003703703703702 0.04964583333333333 0.03498148148148148
1 0.5915625 0.18158333333333335 0.12599479166666666 0.13683333333333333
3 0.49320833333333336 0.21038888888888888 0.03692708333333334 0.06687037037037037
3 0.72771875 0.21388888888888888 0.05297916666666667 0.06666666666666667
3 0.6303802083333333 0.22106481481481483 0.028770833333333336 0.04861111111111111
5 0.40646354166666665 0.2760462962962963 0.022177083333333333 0.1076388888888889
5 0.44981770833333334 0.29127777777777775 0.029859375 0.11368518518518518
3 0.420453125 0.2986111111111111 0.013619791666666665 0.05092592592592592
2 0.6808385416666667 0.3055555555555556 0.20713541666666666 0.22962962962962963
5 0.27674479166666666 0.40397222222222223 0.04567708333333333 0.13253703703703704
5 0.256921875 0.45 0.025229166666666667 0.0698425925925926
5 0.22739062499999999 0.46382407407407406 0.031192708333333333 0.14669444444444446
5 0.198859375 0.47638888888888886 0.024432291666666665 0.17314814814814813
3 0.24536458333333336 0.4920648148148148 0.018473958333333332 0.05290740740740741
3 0.22044791666666666 0.4980185185185185 0.022203125 0.05687962962962963
5 0.13313541666666667 0.511175925925926 0.03688020833333334 0.14193518518518516
3 0.16475 0.5175925925925926 0.05516666666666667 0.12962962962962962
5 0.07130208333333334 0.5773796296296296 0.043859375 0.16005555555555556
3 0.023161458333333333 0.668212962962963 0.04159895833333334 0.1388888888888889
3 0.739796875 0.07021296296296296 0.031546875 0.023148148148148147
3 0.648828125 0.716824074074074 0.15767708333333333 0.17685185185185184
3 0.7312031250000001 0.07576851851851851 0.034505208333333336 0.02623148148148148
3 0.7267760416666668 0.08025 0.03780208333333333 0.032712962962962965
3 0.7239114583333334 0.08225 0.037286458333333335 0.031175925925925926
3 0.719921875 0.08780555555555555 0.035895833333333335 0.033638888888888885