3 0.7159583333333334 0.10023148148148148 0.0244375 0.01898148148148148
3 0.7203854166666667 0.125 0.010895833333333334 0.03333333333333333
3 0.7120520833333334 0.12685185185185185 0.010901041666666667 0.03333333333333333
3 0.703671875 0.1338703703703704 0.010328124999999999 0.047064814814814816
0 0.672203125 0.13773148148148148 0.05069791666666667 0.10108333333333333
0 0.7540052083333334 0.14081481481481484 0.03721354166666667 0.09490740740740741
3 0.7465833333333334 0.1756574074074074 0.043000000000000003 0.03486111111111111
1 0.5908333333333334 0.18287037037037038 0.12145833333333332 0.12191666666666666
3 0.7310052083333333 0.18557407407407406 0.027677083333333335 0.034722222222222224
3 0.49402604166666664 0.2037037037037037 0.029406250000000002 0.04938888888888889
3 0.6722083333333334 0.2064074074074074 0.020317708333333333 0.04243518518518519
3 0.7246041666666667 0.21091666666666667 0.04653125 0.05037962962962963
3 0.680015625 0.2202962962962963 0.04375 0.04861111111111111
5 0.37642708333333336 0.2889629629629629 0.027713541666666668 0.10108333333333333
3 0.418296875 0.28935185185185186 0.045494791666666666 0.057101851851851855
2 0.680890625 0.3220925925925926 0.205265625 0.23941666666666667
5 0.232515625 0.44560185185185186 0.0315625 0.11960185185185183
5 0.25855208333333335 0.44907407407407407 0.019401041666666667 0.0787037037037037
5 0.17067708333333334 0.47337962962962965 0.04416666666666667 0.1288611111111111
5 0.7209062500000001 0.47376851851851853 0.03953645833333333 0.23456481481481484
5 0.19975520833333332 0.4772407407407407 0.028536458333333334 0.16435185185185186
3 0.21863020833333333 0.5038611111111111 0.026359375 0.06789814814814815
3 0.15982812500000002 0.5146574074074074 0.04677604166666667 0.12808333333333335
5 0.3359947916666667 0.5189074074074074 0.050958333333333335 0.1844074074074074
3 0.12446354166666666 0.5667407407407408 0.044619791666666665 0.11650925925925926
5 0.091703125 0.5964537037037037 0.026838541666666667 0.08487962962962962
5 0.06653125 0.6184444444444444 0.025114583333333333 0.09027777777777778
3 0.5302083333333333 0.6306203703703704 0.12763020833333333 0.14616666666666667
5 0.04439583333333333 0.6701388888888888 0.05463020833333333 0.12576851851851853
5 0.014890625 0.6732222222222223 0.029473958333333335 0.11187962962962963
3 0.6525208333333333 0.7175925925925926 0.15622395833333333 0.17592592592592593
3 0.06867708333333335 0.7287870370370371 0.09532291666666667 0.10571296296296297