3 0.7120208333333333 0.09782407407407408 0.019859375000000002 0.009953703703703704
3 0.7178958333333333 0.10578703703703704 0.021255208333333334 0.02140740740740741
3 0.7097083333333334 0.10914814814814815 0.023916666666666666 0.012694444444444446
0 0.6698854166666667 0.11234259259259259 0.04728645833333334 0.04321296296296297
3 0.7068385416666667 0.11637037037037037 0.017057291666666665 0.019166666666666665
5 0.70390625 0.11710185185185185 0.009536458333333333 0.026555555555555554
5 0.6309895833333333 0.12415740740740741 0.011703125 0.029416666666666667
0 0.754265625 0.1335648148148148 0.036848958333333334 0.07848148148148149
5 0.6922083333333333 0.1379074074074074 0.011989583333333333 0.05151851851851852
5 0.6687864583333333 0.13800925925925928 0.011880208333333333 0.050277777777777775
5 0.6259895833333334 0.1388611111111111 0.006317708333333334 0.02599074074074074
5 0.7261927083333333 0.1392962962962963 0.013088541666666667 0.03606481481481482
5 0.6197395833333333 0.13937037037037037 0.008822916666666668 0.022231481481481484
5 0.6566666666666666 0.1398888888888889 0.009578125 0.04787962962962963
5 0.741015625 0.14762037037037037 0.011526041666666665 0.041611111111111106
5 0.70725 0.15177777777777776 0.012651041666666666 0.03646296296296297
5 0.6374322916666666 0.1520277777777778 0.010739583333333334 0.03317592592592592
5 0.5849166666666666 0.15681481481481482 0.009588541666666667 0.02907407407407407
5 0.5887604166666667 0.16605555555555557 0.006895833333333334 0.03386111111111111
5 0.6089635416666667 0.17032407407407407 0.005364583333333334 0.0472037037037037
3 0.7308802083333333 0.17064814814814816 0.02434375 0.02259259259259259
5 0.6484947916666666 0.17066666666666666 0.007463541666666667 0.02188888888888889
5 0.6157916666666666 0.17425925925925925 0.008630208333333333 0.05575
3 0.7185208333333333 0.17599074074074073 0.02159895833333333 0.01862037037037037
5 0.6736927083333334 0.17613888888888887 0.0074531250000000005 0.023944444444444445
5 0.6789791666666667 0.18178703703703705 0.003796875 0.021546296296296296
3 0.7028125000000001 0.1888148148148148 0.024182291666666668 0.027166666666666665
5 0.5736614583333334 0.1888425925925926 0.013250000000000001 0.05985185185185185
3 0.587765625 0.1913425925925926 0.027796875 0.041694444444444444
5 0.6002708333333333 0.19137962962962962 0.0160625 0.0975
5 0.6238697916666667 0.19339814814814815 0.0159375 0.10087962962962964
5 0.6869635416666667 0.19923148148148148 0.009375 0.06259259259259259
3 0.7328541666666666 0.1996574074074074 0.025541666666666667 0.026250000000000002
3 0.49384374999999997 0.2048611111111111 0.023666666666666666 0.06712962962962964
3 0.5768541666666667 0.2095 0.02965625 0.03674074074074074
5 0.635125 0.21051851851851852 0.012281249999999999 0.06532407407407408
5 0.6629166666666666 0.21376851851851852 0.02015625 0.09576851851851853
3 0.5541041666666667 0.2140462962962963 0.026880208333333332 0.03838888888888889
5 0.5297083333333333 0.21478703703703703 0.012692708333333334 0.05677777777777778
5 0.6443593750000001 0.22025925925925927 0.016890625 0.07113888888888889
3 0.6979166666666666 0.22941666666666669 0.039802083333333335 0.053425925925925925
3 0.5428385416666667 0.2407685185185185 0.04058333333333333 0.05222222222222222
3 0.5331145833333334 0.24842592592592594 0.042140625 0.06355555555555556
1 0.7318854166666667 0.2561203703703704 0.09644791666666667 0.06951851851851852
3 0.519140625 0.2633888888888889 0.041895833333333334 0.06403703703703703
3 0.41944270833333336 0.2730740740740741 0.029239583333333333 0.029305555555555553
3 0.49561458333333336 0.2767685185185185 0.042078125 0.0682037037037037
3 0.6556510416666667 0.2783981481481482 0.02714583333333333 0.035805555555555556
3 0.47365104166666666 0.28845370370370366 0.04244791666666667 0.06749074074074074
3 0.41189583333333335 0.28855555555555557 0.042937499999999997 0.059444444444444446
3 0.46540625 0.3046018518518519 0.042687499999999996 0.06512037037037037
3 0.4534479166666667 0.30712962962962964 0.04988541666666667 0.06275
1 0.692265625 0.3119722222222222 0.1756875 0.09707407407407408
5 0.5503020833333333 0.42745370370370367 0.03788020833333334 0.22558333333333333
1 0.6696302083333333 0.4314074074074074 0.23125 0.23004629629629628
5 0.45857291666666666 0.4472962962962963 0.043765625 0.18110185185185185
3 0.23435416666666667 0.4651666666666667 0.04552604166666666 0.09794444444444445
3 0.21372916666666666 0.4791203703703704 0.04284895833333333 0.08725000000000001
3 0.20175 0.49898148148148147 0.056906250000000005 0.0876574074074074
5 0.438671875 0.5025185185185186 0.04718229166666667 0.20741666666666667
3 0.177625 0.5246944444444444 0.048088541666666665 0.08287962962962964
2 0.09702604166666666 0.6251388888888889 0.18558854166666666 0.2556759259259259
5 0.754125 0.07429629629629629 0.004619791666666666 0.03613888888888889
5 0.7444114583333333 0.07763888888888888 0.00628125 0.03265740740740741
1 0.6539895833333333 0.7742962962962963 0.36655208333333333 0.4143611111111111
5 0.7497604166666666 0.07830555555555554 0.005223958333333333 0.035611111111111114
5 0.7352291666666667 0.08232407407407408 0.007489583333333333 0.033462962962962965
3 0.7186666666666667 0.08375925925925926 0.01215625 0.007712962962962963
5 0.7297604166666667 0.08996296296296295 0.011307291666666667 0.05151851851851852
5 0.023020833333333334 0.90625 0.04604166666666667 0.12268518518518519
3 0.7148177083333334 0.09185185185185185 0.0159375 0.010453703703703703