5 0.15927083333333333 0.2789351851851852 0.023338541666666667 0.09027777777777778
4 0.3280677083333333 0.28858333333333336 0.12133333333333333 0.2577129629629629
5 0.232171875 0.3055555555555556 0.023307291666666667 0.12037037037037036
3 0.6208125 0.32510185185185186 0.04097395833333333 0.03086111111111111
3 0.5782604166666666 0.3333333333333333 0.06466666666666666 0.06378703703703703
3 0.6503177083333332 0.3456759259259259 0.04327604166666667 0.04321296296296297
3 0.6297812500000001 0.3472222222222222 0.03229166666666667 0.027777777777777776
3 0.672015625 0.36419444444444443 0.04847395833333333 0.06584259259259259
3 0.7099114583333334 0.3791111111111111 0.04556770833333333 0.06275925925925926
3 0.7483906250000001 0.40225925925925926 0.05076041666666666 0.08230555555555556
5 0.5947291666666668 0.41550925925925924 0.050499999999999996 0.22916666666666666
5 0.7897604166666666 0.4202685185185185 0.021234375000000003 0.09156481481481482
3 0.825625 0.42592592592592593 0.07329166666666667 0.1111111111111111
5 0.8916354166666667 0.4526759259259259 0.03054166666666667 0.11728703703703704
5 0.9283750000000001 0.4675925925925926 0.02763541666666667 0.08950925925925926
3 0.9585833333333333 0.49189814814814814 0.06727083333333334 0.09490740740740741