5 0.15858854166666667 0.21122222222222223 0.005671875000000001 0.0374074074074074
4 0.116640625 0.21201851851851852 0.0449375 0.08407407407407406
5 0.3061770833333333 0.21512962962962964 0.008447916666666666 0.018324074074074072
5 0.14717708333333332 0.21633333333333332 0.006130208333333333 0.046092592592592595
5 0.15240104166666668 0.21658333333333332 0.006322916666666667 0.04367592592592593
1 0.13720833333333332 0.2176388888888889 0.013703125 0.029592592592592594
5 0.27838541666666666 0.24349074074074076 0.017307291666666665 0.0661388888888889
4 0.19267708333333333 0.2506666666666667 0.07660937500000001 0.1582037037037037
3 0.4708333333333333 0.27432407407407405 0.05502083333333333 0.058638888888888886
3 0.23614583333333333 0.30921296296296297 0.03779166666666667 0.07167592592592592
3 0.5642083333333333 0.32911111111111113 0.04803125 0.07568518518518517
4 0.36142187499999995 0.3309351851851852 0.19132291666666665 0.3231759259259259
3 0.5795208333333334 0.3380648148148148 0.04184895833333333 0.0748611111111111
3 0.6359479166666666 0.34300925925925924 0.04741145833333334 0.10587037037037038
3 0.5917916666666667 0.3436018518518518 0.046984374999999995 0.07326851851851851
3 0.6172083333333334 0.34858333333333336 0.045890625 0.08019444444444444
3 0.6399739583333334 0.3528981481481481 0.053307291666666666 0.0861574074074074
3 0.6764895833333333 0.3670185185185185 0.05972916666666667 0.10112962962962962
5 0.45459375 0.3723425925925926 0.037984375 0.18203703703703702
3 0.6944895833333333 0.37725000000000003 0.0580625 0.10890740740740741
3 0.720765625 0.3967685185185185 0.04888541666666667 0.09478703703703704
3 0.7451770833333333 0.40625 0.05630729166666667 0.0945462962962963
3 0.7701718750000001 0.416 0.049359375 0.0987037037037037
3 0.8073125 0.42024074074074075 0.05488020833333333 0.11728703703703704
3 0.8314010416666666 0.43630555555555556 0.048552083333333336 0.12
3 0.8516875 0.45464814814814813 0.05630729166666667 0.10226851851851852
3 0.9006458333333334 0.4621759259259259 0.040375 0.1473888888888889
3 0.8859947916666666 0.4661018518518518 0.04417708333333333 0.11249074074074074
3 0.9241354166666667 0.49504629629629626 0.04113541666666667 0.1181574074074074
3 0.9790416666666667 0.4987777777777777 0.0328125 0.14501851851851852
3 0.9484635416666667 0.5008333333333334 0.033859375000000004 0.12551851851851853
3 0.9937291666666667 0.534074074074074 0.012541666666666666 0.09944444444444445
5 0.118390625 0.5525 0.06958333333333333 0.2878981481481482
0 0.5303229166666666 0.700398148148148 0.2943020833333333 0.5379351851851852