4 0.118625 0.19501851851851854 0.04106770833333333 0.04723148148148148
5 0.13814062500000002 0.21533333333333335 0.006463541666666667 0.035305555555555555
5 0.6539322916666667 0.22499074074074074 0.010015625 0.020120370370370372
5 0.6400520833333334 0.23181481481481483 0.014666666666666666 0.029166666666666667
1 0.11039062499999999 0.23332407407407407 0.054828125 0.038537037037037036
4 0.19718229166666665 0.24791666666666667 0.08425520833333335 0.1573611111111111
5 0.5365833333333333 0.26062962962962966 0.021249999999999998 0.07386111111111111
5 0.627421875 0.26599999999999996 0.029583333333333333 0.08987037037037038
5 0.6502708333333334 0.2670740740740741 0.016651041666666665 0.09171296296296295
3 0.4660364583333333 0.27096296296296296 0.047234375 0.06643518518518518
3 0.4837447916666667 0.2805185185185185 0.05673958333333333 0.07667592592592593
4 0.3242083333333333 0.2819351851851852 0.11676041666666667 0.22539814814814815
5 0.5200729166666667 0.28800000000000003 0.022197916666666664 0.12180555555555557
3 0.5486249999999999 0.3170462962962963 0.05938020833333334 0.09687962962962962
3 0.25390625 0.3282685185185185 0.03965625 0.08213888888888889
3 0.5836458333333333 0.32944444444444443 0.040718750000000005 0.09601851851851852
3 0.5968802083333333 0.3340648148148148 0.041015625 0.09670370370370371
3 0.616703125 0.3366296296296296 0.048130208333333334 0.09875925925925925
3 0.634890625 0.34074074074074073 0.048328125000000006 0.10423148148148148
3 0.6576041666666667 0.3496111111111111 0.05525520833333333 0.09776851851851852
3 0.6758072916666666 0.3533796296296296 0.060125 0.08062962962962963
3 0.6828802083333334 0.35474074074074075 0.045796875 0.04842592592592592
5 0.972140625 0.4241481481481481 0.021755208333333335 0.07323148148148148
3 0.9799947916666666 0.5263333333333334 0.040005208333333334 0.09197222222222222
2 0.844328125 0.7584444444444445 0.31134375 0.4525462962962963
3 0.2539739583333333 0.8425925925925926 0.12822916666666667 0.30863888888888885