3 0.71484375 0.10833333333333334 0.034895833333333334 0.044444444444444446
3 0.7380208333333333 0.11064814814814815 0.007291666666666667 0.03611111111111111
3 0.71015625 0.1175925925925926 0.03177083333333333 0.046296296296296294
3 0.7049479166666667 0.12222222222222222 0.025520833333333333 0.04259259259259259
3 0.70234375 0.12314814814814815 0.018229166666666668 0.03888888888888889
0 0.7533854166666667 0.13287037037037036 0.0359375 0.075
3 0.7010416666666667 0.13518518518518519 0.011458333333333333 0.03333333333333333
0 0.6716145833333333 0.1388888888888889 0.05364583333333333 0.09444444444444444
3 0.7145833333333333 0.1638888888888889 0.03958333333333333 0.03888888888888889
3 0.7481770833333333 0.17592592592592593 0.043229166666666666 0.022222222222222223
1 0.5924479166666666 0.1763888888888889 0.12760416666666666 0.10833333333333334
3 0.73125 0.17731481481481481 0.030208333333333334 0.025
3 0.49131250000000004 0.18803703703703706 0.0200625 0.035611111111111114
3 0.7158854166666667 0.1884259259259259 0.04635416666666667 0.013888888888888888
3 0.6713541666666667 0.19490740740740742 0.027083333333333334 0.05462962962962963
3 0.6815104166666667 0.2222222222222222 0.0609375 0.05555555555555555
3 0.7231770833333333 0.2222222222222222 0.050520833333333334 0.05
5 0.60078125 0.23287037037037037 0.028645833333333332 0.0712962962962963
5 0.5578125 0.26944444444444443 0.04479166666666667 0.053703703703703705
2 0.46119791666666665 0.27824074074074073 0.14114583333333333 0.15462962962962962
5 0.37838541666666664 0.2833333333333333 0.028645833333333332 0.09814814814814815
2 0.6809895833333334 0.3199074074074074 0.19635416666666666 0.23425925925925925
5 0.7046875 0.35185185185185186 0.03333333333333333 0.19074074074074074
5 0.56171875 0.37962962962962965 0.0421875 0.17407407407407408
5 0.24505208333333334 0.38101851851851853 0.024479166666666666 0.06944444444444445
5 0.25755208333333335 0.4476851851851852 0.027604166666666666 0.0712962962962963
5 0.23307291666666666 0.4527777777777778 0.0296875 0.12407407407407407
5 0.19583333333333333 0.4685185185185185 0.03854166666666667 0.1574074074074074
3 0.20338541666666668 0.4777777777777778 0.0546875 0.1037037037037037
3 0.24505208333333334 0.4861111111111111 0.03177083333333333 0.06481481481481481
3 0.15885416666666666 0.5148148148148148 0.051041666666666666 0.13333333333333333
5 0.090625 0.5518518518518518 0.03854166666666667 0.1537037037037037
3 0.12604166666666666 0.5615740740740741 0.04375 0.13425925925925927
5 0.05807291666666667 0.5828703703703704 0.05572916666666667 0.14351851851851852
3 0.5333333333333333 0.6185185185185185 0.12916666666666668 0.12962962962962962
3 0.039322916666666666 0.6513888888888889 0.0390625 0.11388888888888889
3 0.7427083333333333 0.06712962962962964 0.028125 0.013888888888888888
3 0.015625 0.6736111111111112 0.03125 0.13055555555555556
3 0.6575520833333334 0.711574074074074 0.1734375 0.16944444444444445
3 0.7328125 0.08194444444444444 0.0375 0.03425925925925926
3 0.725 0.08425925925925926 0.036458333333333336 0.03333333333333333
3 0.7192708333333333 0.09027777777777778 0.028125 0.019444444444444445
2 0.5932291666666667 0.9212962962962963 0.22916666666666666 0.1574074074074074