3 0.7138020833333333 0.1175925925925926 0.03177083333333333 0.046296296296296294
3 0.7067708333333333 0.1259259259259259 0.00625 0.03148148148148148
3 0.7203125 0.12685185185185185 0.00625 0.02962962962962963
3 0.7119791666666667 0.12731481481481483 0.011458333333333333 0.032407407407407406
3 0.70078125 0.13148148148148148 0.009895833333333333 0.04259259259259259
0 0.6708333333333333 0.1375 0.05416666666666667 0.09351851851851851
0 0.7541666666666667 0.14212962962962963 0.034375 0.09722222222222222
5 0.6546875 0.15833333333333333 0.022916666666666665 0.044444444444444446
3 0.6315104166666666 0.16285185185185186 0.023828125 0.04357407407407408
3 0.62125 0.1732037037037037 0.031489583333333335 0.04792592592592593
3 0.7450520833333333 0.18472222222222223 0.044270833333333336 0.03981481481481482
3 0.6062395833333334 0.1854537037037037 0.02169270833333333 0.05937037037037037
3 0.7067708333333333 0.19305555555555556 0.03333333333333333 0.075
5 0.5890625 0.19398148148148148 0.025 0.09351851851851851
3 0.49244791666666665 0.2050925925925926 0.04010416666666667 0.06388888888888888
3 0.571875 0.2162037037037037 0.03854166666666667 0.05648148148148148
5 0.7046875 0.21898148148148147 0.022916666666666665 0.0712962962962963
3 0.56015625 0.22962962962962963 0.044270833333333336 0.03888888888888889
1 0.73359375 0.24305555555555555 0.10364583333333334 0.06018518518518518
3 0.5380208333333333 0.24351851851851852 0.042708333333333334 0.05555555555555555
3 0.5270833333333333 0.2574074074074074 0.04375 0.05185185185185185
1 0.6333333333333333 0.26481481481481484 0.11145833333333334 0.15925925925925927
3 0.515625 0.2652777777777778 0.04479166666666667 0.062037037037037036
3 0.49166666666666664 0.2763888888888889 0.041666666666666664 0.06574074074074074
3 0.41171875 0.28564814814814815 0.0453125 0.06388888888888888
3 0.47239583333333335 0.28703703703703703 0.04583333333333333 0.07222222222222222
3 0.462203125 0.3047685185185185 0.04791666666666667 0.05925925925925926
1 0.7018229166666666 0.31157407407407406 0.16197916666666667 0.08055555555555556
3 0.4317708333333333 0.32546296296296295 0.04791666666666667 0.062037037037037036
5 0.40859375 0.3851851851851852 0.044270833333333336 0.10185185185185185
3 0.4125 0.41759259259259257 0.06458333333333334 0.13148148148148148
1 0.6700520833333333 0.42962962962962964 0.23489583333333333 0.21481481481481482
3 0.22135416666666666 0.4337962962962963 0.015625 0.04537037037037037
3 0.20416666666666666 0.4513888888888889 0.019791666666666666 0.049074074074074076
3 0.18541666666666667 0.4652777777777778 0.011458333333333333 0.021296296296296296
3 0.16901041666666666 0.48055555555555557 0.011979166666666667 0.05185185185185185
3 0.15182291666666667 0.4935185185185185 0.0234375 0.05555555555555555
3 0.13177083333333334 0.5398148148148149 0.015625 0.020370370370370372
5 0.11588541666666667 0.5435185185185185 0.0296875 0.08518518518518518
3 0.09348958333333333 0.5671296296296297 0.028645833333333332 0.06388888888888888
3 0.07838541666666667 0.5967592592592592 0.030729166666666665 0.0712962962962963
3 0.12708333333333333 0.5972222222222222 0.011458333333333333 0.07222222222222222
5 0.06015625 0.6310185185185185 0.034895833333333334 0.16203703703703703
5 0.03984375 0.6421296296296296 0.027604166666666666 0.1398148148148148
2 0.3263020833333333 0.6476851851851851 0.23697916666666666 0.3472222222222222
3 0.10755208333333334 0.6504629629629629 0.0609375 0.1398148148148148
3 0.05520833333333333 0.6625 0.029166666666666667 0.06018518518518518
3 0.020572916666666666 0.6699074074074074 0.033854166666666664 0.13425925925925927
3 0.7354166666666667 0.06759259259259259 0.015625 0.011111111111111112
3 0.7533854166666667 0.07037037037037037 0.0109375 0.022222222222222223
3 0.7294270833333333 0.07083333333333333 0.0203125 0.023148148148148147
3 0.008333333333333333 0.7087962962962963 0.016666666666666666 0.08425925925925926
1 0.65546875 0.7814814814814814 0.3651041666666667 0.4
3 0.7231770833333333 0.07916666666666666 0.0171875 0.013888888888888888
3 0.7247395833333333 0.08796296296296297 0.021354166666666667 0.012962962962962963
3 0.7453125 0.08888888888888889 0.0125 0.025925925925925925
3 0.7208333333333333 0.0912037037037037 0.020833333333333332 0.021296296296296296