1 0.6565520833333333 0.19675925925925927 0.23665104166666667 0.22685185185185186
2 0.854171875 0.31078703703703703 0.08570833333333333 0.1436851851851852
4 0.19984895833333333 0.03395370370370371 0.04903645833333334 0.06790740740740742
4 0.26782812500000003 0.03716666666666667 0.06938020833333333 0.06974074074074073
3 0.9422812500000001 0.37574074074074076 0.07500520833333332 0.11106481481481481
5 0.8578749999999999 0.40855555555555556 0.030651041666666667 0.15022222222222223
3 0.8440364583333333 0.4409722222222222 0.07776041666666668 0.09953703703703703
5 0.32021354166666666 0.046564814814814816 0.015171875 0.09130555555555556
5 0.984125 0.48881481481481476 0.029281249999999998 0.16610185185185183
5 0.25377083333333333 0.059870370370370365 0.014421875 0.09588888888888888
4 0.6996979166666667 0.6365740740740741 0.5729375 0.7268518518518519