0 0.6397395833333334 0.24894444444444447 0.006625000000000001 0.018685185185185187
5 0.650671875 0.2553240740740741 0.0031510416666666666 0.020814814814814814
5 0.6846041666666667 0.27321296296296294 0.0059479166666666665 0.02723148148148148
5 0.6654375 0.2853796296296296 0.00671875 0.01375
5 0.6910729166666666 0.2856851851851852 0.0076927083333333335 0.028194444444444442
5 0.7133125 0.29211111111111115 0.0058125 0.02862037037037037
5 0.663375 0.29279629629629633 0.007526041666666666 0.041611111111111106
5 0.6726354166666667 0.29703703703703704 0.008229166666666668 0.039712962962962964
3 0.66459375 0.302462962962963 0.011494791666666667 0.02012962962962963
5 0.691484375 0.30721296296296297 0.012239583333333333 0.026166666666666668
5 0.7061354166666667 0.30774074074074076 0.006765625 0.02475925925925926
3 0.681359375 0.31275925925925924 0.009015625 0.02262962962962963
2 0.55571875 0.32425 0.07088541666666666 0.04575925925925926
3 0.6904739583333334 0.3320462962962963 0.007567708333333333 0.02212037037037037
5 0.5967864583333333 0.3359166666666667 0.01365625 0.018768518518518518
5 0.6517239583333333 0.34546296296296297 0.013333333333333334 0.05347222222222222
0 0.6269895833333333 0.3638055555555556 0.0378125 0.0835925925925926
5 0.6629427083333332 0.36974999999999997 0.018135416666666668 0.08693518518518518
1 0.7280729166666667 0.3770277777777778 0.06463541666666667 0.11255555555555556
3 0.6803281250000001 0.4138055555555556 0.037000000000000005 0.07997222222222222
0 0.59503125 0.4146851851851852 0.05165104166666667 0.13874074074074075
5 0.644203125 0.4166574074074074 0.025489583333333333 0.11316666666666667
3 0.7659947916666667 0.4344074074074074 0.051369791666666664 0.03776851851851852
3 0.7600781249999999 0.4452129629629629 0.05483333333333333 0.06681481481481481
3 0.7821770833333334 0.45452777777777775 0.058041666666666665 0.03443518518518518
3 0.7685156249999999 0.45761111111111114 0.057255208333333335 0.06185185185185185
3 0.5826718750000001 0.46519444444444447 0.07049479166666667 0.08408333333333333
3 0.7818124999999999 0.46885185185185185 0.05976041666666666 0.02973148148148148
3 0.78015625 0.4730462962962963 0.06722395833333333 0.03371296296296296
3 0.5518697916666666 0.4842685185185185 0.07615104166666667 0.07663888888888888
3 0.7989166666666667 0.49872222222222223 0.07026041666666667 0.05469444444444444
3 0.78096875 0.5022777777777778 0.071796875 0.07430555555555556
3 0.8366197916666667 0.5198055555555555 0.06679166666666667 0.06077777777777778
3 0.8434427083333333 0.5242129629629629 0.08073958333333334 0.05340740740740741
3 0.5476770833333333 0.5307129629629629 0.09004166666666666 0.1035
3 0.7821458333333333 0.5488796296296296 0.06961458333333333 0.09531481481481481
3 0.5276302083333333 0.5563518518518519 0.112203125 0.11519444444444445
3 0.87353125 0.5610185185185185 0.07816666666666668 0.06334259259259259
3 0.7964218750000001 0.571324074074074 0.06978645833333334 0.07291666666666667
3 0.4757239583333333 0.5751759259259259 0.10353125 0.12495370370370369
3 0.8792500000000001 0.5940277777777777 0.07357812500000001 0.07610185185185185
3 0.45447916666666666 0.5993148148148149 0.10861979166666667 0.1300462962962963
3 0.019328124999999998 0.6215277777777778 0.03780208333333333 0.05324074074074074
3 0.44005208333333334 0.6263703703703704 0.11526041666666667 0.17096296296296296
3 0.9247083333333334 0.6264814814814815 0.067234375 0.09088888888888888
3 0.8125312499999999 0.6350462962962963 0.09318749999999999 0.11652777777777777
3 0.869015625 0.6662407407407407 0.09961458333333333 0.07792592592592593
3 0.8539427083333333 0.6672314814814815 0.10071875 0.1451388888888889
3 0.42384374999999996 0.6695185185185185 0.12924479166666666 0.17722222222222223
3 0.96325 0.6711481481481482 0.0735 0.12048148148148148
3 0.36099479166666665 0.6898333333333333 0.13630729166666666 0.1751388888888889
3 0.87515625 0.7121759259259259 0.10599479166666666 0.07562037037037037
5 0.016802083333333332 0.7408518518518519 0.03359895833333334 0.2196759259259259
3 0.8728854166666667 0.7534814814814814 0.12335416666666667 0.09300925925925926
3 0.9782447916666667 0.766537037037037 0.043515624999999995 0.08772222222222222
3 0.05183333333333333 0.7798518518518519 0.033380208333333335 0.1345185185185185
3 0.9798854166666667 0.7985277777777777 0.03991145833333333 0.08658333333333333
3 0.9912395833333334 0.8271759259259259 0.017515625 0.03317592592592592
3 0.8720104166666667 0.8462037037037037 0.1601875 0.18952777777777777
3 0.8762500000000001 0.8846203703703703 0.09576041666666667 0.08249999999999999