5 0.5708020833333334 0.25991666666666663 0.006729166666666666 0.03306481481481482
5 0.6609999999999999 0.2645462962962963 0.00490625 0.014546296296296297
3 0.6609999999999999 0.27678703703703705 0.00490625 0.011240740740740742
5 0.5672916666666666 0.2968148148148148 0.006854166666666666 0.01749074074074074
5 0.6206822916666667 0.30118518518518517 0.009739583333333333 0.05400925925925926
5 0.7071197916666667 0.3029074074074074 0.0077239583333333335 0.026453703703703705
5 0.701171875 0.30456481481481484 0.0064062500000000005 0.02447222222222222
5 0.6931770833333334 0.30852777777777773 0.011239583333333332 0.02712037037037037
3 0.683875 0.31647222222222227 0.008260416666666666 0.023148148148148147
2 0.55978125 0.31996296296296295 0.068359375 0.03292592592592593
3 0.6913125 0.33366666666666667 0.008265625 0.021824074074074076
3 0.605953125 0.36077777777777775 0.011578125 0.025796296296296296
3 0.6174427083333334 0.3725555555555556 0.012942708333333334 0.05648148148148148
0 0.5730833333333333 0.3760277777777778 0.04620833333333333 0.11213888888888889
3 0.605578125 0.39219444444444446 0.010739583333333334 0.042324074074074076
0 0.7206197916666667 0.409462962962963 0.049625 0.15432407407407406
3 0.7655208333333333 0.4363425925925926 0.048093750000000005 0.016203703703703703
3 0.7820104166666667 0.4591018518518518 0.05416666666666667 0.02623148148148148
3 0.581359375 0.4625 0.07380208333333332 0.05462962962962963
3 0.5529791666666667 0.4888888888888889 0.07745833333333334 0.037037037037037035
3 0.7883020833333333 0.4895833333333333 0.07716145833333334 0.02546296296296296
3 0.5521979166666667 0.49444444444444446 0.07381770833333333 0.03888888888888889
3 0.5501145833333333 0.5138888888888888 0.07694270833333333 0.05185185185185185
3 0.779625 0.5270092592592592 0.048526041666666665 0.03395370370370371
3 0.8299635416666666 0.5277777777777778 0.054578125000000005 0.041666666666666664
3 0.5396979166666667 0.5513888888888889 0.09465104166666666 0.06388888888888888
3 0.8564322916666666 0.5563240740740741 0.05630729166666667 0.027777777777777776
3 0.7976354166666667 0.5636574074074074 0.05329166666666666 0.05787037037037037
3 0.4722604166666667 0.5689814814814815 0.10977604166666667 0.05648148148148148
3 0.453515625 0.5912037037037037 0.10873958333333333 0.06944444444444445
3 0.8746614583333333 0.6003055555555556 0.059770833333333336 0.052472222222222226
3 0.8126041666666667 0.6107222222222223 0.08409375000000001 0.0640462962962963
3 0.9210885416666666 0.6246111111111111 0.0675625 0.051694444444444446
3 0.44023958333333335 0.6319444444444444 0.09989583333333334 0.05092592592592592
3 0.8559947916666667 0.6493055555555556 0.10577604166666667 0.04552777777777778
3 0.42773958333333334 0.6606481481481481 0.12385416666666667 0.0824074074074074
3 0.02041666666666667 0.6631944444444444 0.04083333333333334 0.14583333333333334
3 0.9669114583333334 0.6689814814814815 0.066171875 0.04861111111111111
3 0.8685781250000001 0.6809444444444444 0.10056250000000001 0.034722222222222224
3 0.362828125 0.7074074074074074 0.12074479166666667 0.13333333333333333
3 0.8757395833333333 0.7129629629629629 0.11575 0.058638888888888886
3 0.9727708333333334 0.7204907407407407 0.054453125 0.056712962962962965
3 0.8733541666666667 0.7515462962962962 0.10750520833333334 0.06018518518518518
3 0.12867187500000002 0.7638888888888888 0.027244791666666667 0.10648148148148148
3 0.7602656250000001 0.7947500000000001 0.06988020833333333 0.2561759259259259
3 0.8724843750000001 0.8155833333333333 0.129203125 0.0663611111111111