5 0.5770572916666666 0.2834351851851852 0.0069166666666666664 0.03600925925925926
5 0.6369427083333333 0.2839537037037037 0.00746875 0.03292592592592593
5 0.5728593750000001 0.28524074074074074 0.007786458333333333 0.03961111111111111
5 0.70521875 0.2965555555555555 0.0074531250000000005 0.018000000000000002
5 0.6935 0.3019537037037037 0.007166666666666667 0.016462962962962964
5 0.7489583333333333 0.3125 0.008171875 0.023148148148148147
2 0.5573802083333333 0.3194444444444444 0.07288020833333334 0.06996296296296296
5 0.6846770833333333 0.32407407407407407 0.008619791666666666 0.04937962962962963
5 0.617125 0.3269074074074074 0.016442708333333333 0.056074074074074075
2 0.7054635416666667 0.3429259259259259 0.0319375 0.06944444444444445
1 0.726859375 0.34887962962962965 0.053989583333333334 0.05489814814814815
3 0.61828125 0.3631666666666667 0.013552083333333333 0.02160185185185185
3 0.60540625 0.36574074074074076 0.00921875 0.024694444444444446
0 0.575171875 0.38837037037037037 0.04828645833333333 0.11934259259259258
3 0.6124947916666666 0.3932592592592593 0.024546875000000003 0.03651851851851852
0 0.7248854166666666 0.4097222222222222 0.04215625 0.1445462962962963
3 0.7594739583333333 0.4344166666666667 0.045359375 0.020064814814814817
3 0.5847187500000001 0.44212962962962965 0.05458854166666667 0.046953703703703706
3 0.7697447916666668 0.45164814814814813 0.05721875 0.025722222222222223
3 0.7748072916666667 0.46373148148148147 0.04535416666666667 0.023148148148148147
3 0.5830416666666667 0.4748703703703704 0.06909375 0.054231481481481485
3 0.7765416666666667 0.4791666666666667 0.06213020833333334 0.025203703703703704
3 0.5516145833333332 0.48148148148148145 0.06650520833333333 0.05290740740740741
3 0.7981041666666666 0.5025740740740741 0.06069791666666667 0.038064814814814815
3 0.5490104166666666 0.5105833333333333 0.07840625 0.05290740740740741
3 0.8318072916666667 0.5216018518518519 0.061552083333333334 0.04321296296296297
3 0.7759739583333333 0.5329259259259259 0.049421875 0.05555555555555555
3 0.8413541666666667 0.5406388888888889 0.05749479166666667 0.029833333333333333
3 0.8558177083333334 0.5552962962962963 0.05691145833333333 0.029324074074074075
3 0.5350625 0.5588611111111111 0.08919791666666667 0.07804629629629631
3 0.47908333333333336 0.5651481481481482 0.09256770833333333 0.06944444444444445
3 0.7959322916666667 0.5678981481481482 0.056359374999999996 0.06996296296296296
3 0.7506614583333333 0.5745925925925925 0.030630208333333336 0.08538888888888889
3 0.8634843750000001 0.5774166666666667 0.06125 0.03651851851851852
3 0.460296875 0.6087962962962963 0.09518229166666667 0.06547222222222222
3 0.812421875 0.6177962962962963 0.08065104166666666 0.08641666666666667
3 0.92034375 0.6198518518518519 0.06096875 0.046296296296296294
3 0.43981770833333333 0.6279722222222223 0.107046875 0.08135185185185186
3 0.7442916666666667 0.6445462962962963 0.07055729166666666 0.11625925925925926
3 0.8501718749999999 0.6553518518518519 0.08613541666666666 0.05658333333333333
3 0.021718750000000002 0.6689814814814815 0.043437500000000004 0.14351851851851852
3 0.9615677083333334 0.6748981481481481 0.0681875 0.07612962962962963
3 0.42865625 0.6838611111111111 0.11374479166666666 0.10713888888888888
3 0.8704375 0.7049907407407408 0.10409375000000001 0.052981481481481484
3 0.36356249999999996 0.7123055555555555 0.09741666666666667 0.0985462962962963
3 0.865375 0.7551481481481481 0.10959374999999999 0.048351851851851854
3 0.9789322916666666 0.7559166666666667 0.035958333333333335 0.04887037037037037
3 0.76034375 0.7839537037037037 0.04768229166666667 0.22942592592592592
3 0.9806718750000001 0.8024722222222221 0.038656249999999996 0.06378703703703703
3 0.8617552083333333 0.8276759259259259 0.12144791666666667 0.09567592592592593