5 0.14813020833333335 0.21172222222222223 0.007557291666666666 0.036953703703703704
5 0.139671875 0.21500925925925926 0.005802083333333334 0.04039814814814815
5 0.23776041666666667 0.24269444444444446 0.013114583333333334 0.06512037037037037
5 0.266328125 0.24964814814814815 0.015541666666666667 0.07727777777777778
5 0.47146875 0.26570370370370366 0.01944791666666667 0.06251851851851851
5 0.44021875 0.26787962962962963 0.017510416666666664 0.04601851851851852
1 0.4062708333333333 0.27135185185185184 0.09126041666666666 0.08943518518518519
5 0.48880729166666664 0.2739537037037037 0.021885416666666668 0.07380555555555555
5 0.18663020833333333 0.3022314814814815 0.023510416666666666 0.08607407407407407
4 0.33925 0.30777777777777776 0.12413020833333334 0.2788148148148148
3 0.46950520833333337 0.31373148148148144 0.030177083333333334 0.057833333333333334
3 0.560875 0.3179166666666667 0.041625 0.06336111111111112
3 0.5755885416666667 0.32334259259259257 0.03440625 0.07175
3 0.5921302083333334 0.3307592592592593 0.045432291666666666 0.06839814814814815
3 0.6114947916666666 0.3398425925925926 0.04111979166666667 0.07222222222222222
3 0.6318072916666666 0.34271296296296294 0.041380208333333335 0.07605555555555556
5 0.440703125 0.3455925925925926 0.02434375 0.13719444444444442
3 0.6523958333333333 0.35395370370370366 0.05296875 0.07557407407407409
3 0.6731093749999999 0.3635185185185185 0.054572916666666665 0.08418518518518518
3 0.691671875 0.3752407407407407 0.04918229166666667 0.09136111111111112
3 0.7171041666666667 0.3778703703703704 0.05001041666666666 0.08323148148148148
5 0.3051510416666667 0.38608333333333333 0.024359375000000003 0.06426851851851852
3 0.7452135416666666 0.39772222222222225 0.05080208333333334 0.09423148148148147
5 0.2791875 0.40418518518518515 0.024369791666666665 0.06426851851851852
3 0.7714583333333334 0.4096759259259259 0.05378125 0.08657407407407407
3 0.8034739583333333 0.42689814814814814 0.05216666666666667 0.12101851851851851
3 0.8447708333333334 0.4553611111111111 0.057276041666666666 0.10331481481481482
3 0.8848541666666667 0.4668333333333333 0.04542708333333333 0.11000925925925926
3 0.8999166666666666 0.4718611111111111 0.043265624999999995 0.11623148148148148
3 0.95090625 0.48597222222222225 0.03816145833333333 0.13871296296296295
3 0.9231874999999999 0.48692592592592593 0.037609374999999994 0.13297222222222224
5 0.23685416666666667 0.49733333333333335 0.04886979166666667 0.27637962962962964
3 0.978625 0.5024722222222222 0.024723958333333334 0.12674999999999997
3 0.9926822916666667 0.5158611111111111 0.014630208333333334 0.10092592592592593
3 0.15519791666666669 0.8098055555555556 0.17090104166666667 0.23687962962962963