1 0.187890625 0.7395833333333334 0.15869921874999998 0.4097222222222222
5 0.72693359375 0.08449305555555556 0.00614453125 0.02867361111111111
1 0.8648632812500001 0.08479861111111112 0.02668359375 0.012201388888888888
5 0.7207617187500001 0.08602083333333334 0.0027734375 0.029284722222222222
5 0.7308828125 0.08602083333333334 0.00648828125 0.04392361111111111
5 0.7135546875000001 0.08876388888888888 0.014433593750000001 0.02867361111111111
3 0.6716992187499999 0.10779166666666666 0.014222656249999998 0.012680555555555556
3 0.66925 0.11215277777777778 0.018683593749999998 0.010305555555555556
3 0.6673554687500001 0.11413194444444444 0.02202734375 0.012680555555555556
2 0.81803515625 0.11622222222222223 0.05118359375 0.06527777777777778
3 0.66401171875 0.11968055555555555 0.030496093749999998 0.016645833333333332
5 0.79487109375 0.12018749999999999 0.008179687500000001 0.00976388888888889
1 0.8720742187500001 0.12872222222222224 0.037820312499999995 0.03416666666666667
3 0.66178125 0.13790972222222223 0.029160156250000003 0.042006944444444444
5 0.7967578125 0.1552638888888889 0.012640624999999999 0.06284027777777777
3 0.5825625 0.16054166666666667 0.030765625 0.04248611111111111
5 0.5788593750000001 0.16777083333333334 0.010609375 0.03172222222222222
4 0.7178320312500001 0.19125694444444447 0.1231484375 0.17753472222222222
5 0.5896679687499999 0.1952222222222222 0.01987109375 0.04880555555555555
5 0.571140625 0.19583333333333333 0.013011718750000002 0.08785416666666666
5 0.10848828125000001 0.5011597222222222 0.0415625 0.09953472222222223
0 0.8291835937500001 0.05607638888888889 0.018558593749999998 0.020208333333333335
1 0.73001953125 0.06100694444444444 0.04251171875 0.028062499999999997