5 0.28667187499999996 0.2067962962962963 0.011161458333333334 0.04515740740740741
0 0.15890625 0.21312037037037035 0.020796875 0.04696296296296296
5 0.5941927083333333 0.23975925925925926 0.014609375 0.08759259259259258
4 0.19624479166666667 0.24608333333333332 0.07520833333333334 0.16164814814814815
5 0.6076510416666667 0.24699074074074073 0.021208333333333333 0.049666666666666665
5 0.6002864583333333 0.2795 0.01765625 0.06231481481481481
4 0.3265208333333333 0.2826574074074074 0.11740624999999999 0.23299074074074075
5 0.570578125 0.2853703703703704 0.021223958333333334 0.13546296296296298
3 0.609671875 0.3410462962962963 0.06233333333333334 0.0647037037037037
5 0.8215416666666666 0.3481296296296296 0.023307291666666667 0.10204629629629629
3 0.6046927083333333 0.35155555555555557 0.014354166666666666 0.06512037037037037
3 0.6344739583333333 0.3556759259259259 0.053984375 0.07748148148148148
3 0.6596197916666667 0.36392592592592593 0.052812500000000005 0.08572222222222223
3 0.6737604166666666 0.3723703703703704 0.058374999999999996 0.08531481481481482
3 0.71409375 0.3900925925925926 0.05604166666666666 0.10097222222222221
3 0.7523593749999999 0.4045185185185185 0.06163541666666667 0.10179629629629629
5 0.9086458333333333 0.4163055555555556 0.030052083333333333 0.19325
5 0.991296875 0.43256481481481485 0.017401041666666665 0.1426851851851852
3 0.8304739583333334 0.4348148148148148 0.06578125 0.10715740740740741
5 0.7821770833333334 0.4659814814814815 0.033984375 0.24562962962962961
5 0.9497864583333333 0.48810185185185184 0.04225520833333333 0.2176388888888889
3 0.9927447916666666 0.5361018518518519 0.014515625 0.09853703703703703
5 0.05113541666666667 0.6131481481481482 0.052760416666666664 0.28350925925925924