4 0.11765104166666666 0.2055 0.043078124999999995 0.06922222222222223
4 0.1927239583333333 0.24210185185185187 0.07406249999999999 0.14730555555555555
4 0.3258645833333333 0.2836851851851852 0.11313020833333334 0.23047222222222222
5 0.26288020833333337 0.28749074074074077 0.016770833333333336 0.1101388888888889
3 0.5759895833333334 0.32457407407407407 0.057453125 0.08746296296296295
3 0.6218854166666666 0.33658333333333335 0.0483125 0.09745370370370371
3 0.6374739583333333 0.3409814814814815 0.05078125 0.1000925925925926
3 0.6576093749999999 0.3535 0.05320833333333333 0.10264814814814814
5 0.8051302083333333 0.3605555555555555 0.02371875 0.11562037037037037
3 0.6770520833333333 0.36630555555555555 0.06055208333333333 0.10275
3 0.7171458333333334 0.3869166666666667 0.0605625 0.10348148148148148
3 0.7522916666666667 0.3969722222222222 0.059270833333333335 0.11114814814814815
5 0.9490052083333332 0.40196296296296297 0.04140625 0.11515740740740742
5 0.9110729166666667 0.4189907407407407 0.024734375 0.1910925925925926
3 0.8275260416666667 0.42975925925925923 0.061843749999999996 0.11882407407407408
3 0.8586927083333333 0.4415925925925926 0.06955208333333333 0.12691666666666665
3 0.9590520833333334 0.48205555555555557 0.061802083333333334 0.14808333333333334
3 0.9943958333333334 0.530787037037037 0.011203125000000001 0.10172222222222223