5 0.90740625 0.2991875 0.00966015625 0.026618055555555555
5 0.87648828125 0.3153958333333333 0.00901953125 0.049770833333333334
5 0.91261328125 0.3171319444444445 0.01095703125 0.03935416666666667
5 0.88723046875 0.3188680555555556 0.00836328125 0.049770833333333334
5 0.8517539062499999 0.3315972222222222 0.0077304687499999995 0.06134027777777778
5 0.8628203125 0.3321736111111111 0.0129296875 0.057868055555555555
5 0.8901562500000001 0.3738402777777778 0.0194296875 0.03009027777777778
5 0.8507773437499999 0.37731250000000005 0.01879296875 0.034722222222222224
5 0.71058984375 0.42824305555555553 0.02701953125 0.14814583333333334
5 0.733375 0.43171527777777774 0.02570703125 0.1412013888888889
4 0.13581640625 0.5590277777777778 0.26808203124999996 0.3819444444444444
5 0.35454296875 0.5787083333333334 0.0362734375 0.2037013888888889
5 0.38253125 0.5972222222222222 0.03756640625 0.21759027777777776