5 0.81604296875 0.07659722222222222 0.005675781249999999 0.03165277777777778
5 0.8218945312500001 0.08784027777777778 0.0059765625 0.042923611111111114
5 0.80803125 0.0884375 0.00654296875 0.04158333333333333
1 0.8567109374999999 0.08873611111111111 0.062214843750000005 0.028729166666666663
5 0.69102734375 0.08888888888888889 0.00750390625 0.017583333333333333
5 0.70091015625 0.09859027777777778 0.0088671875 0.02259722222222222
5 0.6901914062500001 0.09908333333333334 0.00750390625 0.025361111111111112
5 0.6813671875 0.103 0.008234374999999999 0.026916666666666665
1 0.8581289062499999 0.10428472222222221 0.06024609374999999 0.0401875
1 0.86987890625 0.12459722222222222 0.03949609375 0.03152083333333333
5 0.66523828125 0.13696527777777778 0.0125390625 0.04964583333333333
5 0.64571484375 0.13747222222222222 0.014699218750000001 0.04010416666666667
5 0.8177773437500001 0.14552777777777778 0.00990625 0.02661111111111111
5 0.80721875 0.14733333333333334 0.007480468749999999 0.03233333333333333
5 0.79503125 0.16159027777777776 0.01653515625 0.06073611111111111
5 0.8263164062499999 0.1638125 0.01570703125 0.043326388888888887
1 0.60988671875 0.16609722222222223 0.057785156250000004 0.07152777777777777
5 0.5968515625 0.17275694444444445 0.01640625 0.0876875
4 0.7123125 0.19112500000000002 0.10968750000000001 0.18126388888888886
5 0.63888671875 0.2006111111111111 0.02049609375 0.09565972222222222
5 0.8173671875 0.04069444444444444 0.0034375000000000005 0.01591666666666667
5 0.10730859374999999 0.5018055555555556 0.04511328125 0.16305555555555556
5 0.11382031249999999 0.5600138888888888 0.0421171875 0.19230555555555556
5 0.81211328125 0.06055555555555556 0.00612890625 0.021701388888888888
5 0.10812109375000001 0.6092777777777778 0.055707031250000004 0.23013194444444443
5 0.80304296875 0.06208333333333334 0.00384375 0.035833333333333335
5 0.7887578125 0.0642361111111111 0.01098046875 0.03188194444444444
5 0.7730117187500001 0.06425694444444445 0.0043828125 0.036131944444444446
5 0.7771328125 0.06622222222222222 0.00452734375 0.03120138888888889