3 0.7308958333333333 0.9485370370370371 0.06697395833333333 0.10292592592592592
5 0.6579739583333333 0.2595462962962963 0.003953125 0.022574074074074073
5 0.6462552083333333 0.26967592592592593 0.004515625 0.027777777777777776
5 0.637140625 0.27112037037037034 0.005166666666666667 0.020259259259259258
5 0.5964583333333333 0.2748888888888889 0.005229166666666666 0.020833333333333332
5 0.6015052083333334 0.27690740740740744 0.00490625 0.022574074074074073
5 0.6075260416666667 0.27864814814814814 0.007838541666666667 0.022574074074074073
5 0.6753854166666666 0.28385185185185186 0.004932291666666667 0.017944444444444443
5 0.68384375 0.2879074074074074 0.005479166666666666 0.017944444444444443
5 0.6692552083333333 0.28958333333333336 0.008244791666666666 0.026407407407407407
5 0.6251874999999999 0.29318518518518516 0.009223958333333334 0.03977777777777778
5 0.5549895833333333 0.2978148148148148 0.009630208333333333 0.020916666666666667
5 0.6391666666666667 0.2983240740740741 0.009796875 0.04388888888888889
5 0.6593229166666668 0.2983240740740741 0.008057291666666667 0.0432037037037037
5 0.6705052083333333 0.30724074074074076 0.011520833333333334 0.031546296296296295
3 0.69165625 0.3101851851851852 0.021864583333333333 0.023148148148148147
1 0.5526041666666667 0.31277777777777777 0.06404166666666666 0.023407407407407408
5 0.633578125 0.3185555555555556 0.0125 0.04663888888888889
5 0.6115885416666667 0.3204444444444444 0.012119791666666666 0.03943518518518519
5 0.5684895833333333 0.3206111111111111 0.008854166666666666 0.013027777777777779
3 0.7009375 0.3232037037037037 0.03195833333333333 0.022574074074074073
1 0.5509375 0.32608333333333334 0.062098958333333336 0.034740740740740746
5 0.6005989583333334 0.33193518518518517 0.010578124999999999 0.03017592592592593
5 0.6250885416666667 0.34067592592592594 0.009802083333333333 0.05040740740740741
5 0.6960729166666667 0.34547222222222224 0.007875 0.03600925925925926
5 0.6696510416666667 0.35610185185185184 0.005567708333333333 0.08126851851851852
5 0.676109375 0.35644444444444445 0.009229166666666667 0.08469444444444445
5 0.6879739583333334 0.35644444444444445 0.007104166666666667 0.06961111111111112
5 0.6158333333333333 0.35764814814814816 0.0125 0.03909259259259259
5 0.7483333333333333 0.36245370370370367 0.011713541666666666 0.03909259259259259
0 0.577359375 0.36330555555555555 0.046656249999999996 0.08126851851851852
5 0.60271875 0.3746203703703703 0.014432291666666668 0.05451851851851852
5 0.5794791666666667 0.383712962962963 0.02119270833333333 0.04114814814814815
5 0.6103333333333333 0.395712962962963 0.018479166666666665 0.05898148148148148
5 0.6954947916666666 0.39982407407407405 0.015203125000000001 0.09532407407407407
5 0.5796718750000001 0.40771296296296294 0.02432291666666667 0.045953703703703705
0 0.7232552083333333 0.41097222222222224 0.04680729166666667 0.1443611111111111
5 0.6314531250000001 0.43257407407407406 0.015583333333333334 0.13064814814814815
5 0.5839114583333332 0.44423148148148145 0.017713541666666666 0.08606481481481482
5 0.7818541666666667 0.44633333333333336 0.019489583333333334 0.052703703703703704
5 0.7583854166666666 0.44825925925925925 0.02127604166666667 0.06752777777777778
5 0.7657968749999999 0.4639074074074074 0.018802083333333334 0.04501851851851851
5 0.61071875 0.4673796296296296 0.013854166666666667 0.14264814814814816
5 0.5405260416666666 0.4702962962962963 0.04745833333333334 0.08195370370370371
5 0.60075 0.5078888888888888 0.030500000000000003 0.17131481481481484
3 0.842578125 0.5107592592592592 0.055177083333333335 0.042861111111111114
5 0.7418645833333334 0.5226481481481482 0.03764583333333334 0.12956481481481483
3 0.8497135416666667 0.5256759259259259 0.072921875 0.054175925925925926
5 0.540328125 0.536212962962963 0.032796874999999996 0.20244444444444443
5 0.78803125 0.543787037037037 0.05221875 0.1158425925925926
3 0.8629270833333333 0.5481296296296296 0.07234895833333334 0.05383333333333334
3 0.5354895833333334 0.5556944444444444 0.089921875 0.11525925925925927
3 0.87353125 0.5685370370370371 0.07775 0.05006481481481481
3 0.47540625 0.5786574074074075 0.09517187499999999 0.12744444444444444
3 0.455765625 0.5995092592592592 0.10230729166666667 0.12510185185185185
3 0.9223385416666667 0.6272314814814814 0.0656875 0.08619444444444445
3 0.44508854166666667 0.6369907407407408 0.10309375 0.15414814814814815
5 0.038848958333333336 0.6377314814814815 0.016864583333333336 0.08564814814814815
3 0.8537864583333333 0.6393148148148149 0.092265625 0.0807037037037037
5 0.7410625 0.6448518518518519 0.053557291666666666 0.2602129629629629
3 0.42690625 0.6688518518518519 0.12364583333333333 0.16914814814814816
3 0.016510416666666666 0.6701388888888888 0.03302083333333333 0.1412037037037037
3 0.9612604166666666 0.6824074074074075 0.069421875 0.13505555555555557
3 0.8696875 0.6906388888888889 0.11727083333333334 0.11199999999999999
3 0.364453125 0.6943888888888889 0.125734375 0.1799259259259259
3 0.8263072916666666 0.7359351851851851 0.125 0.14219444444444443
3 0.9819583333333333 0.7444444444444445 0.036083333333333335 0.047212962962962964
3 0.971765625 0.7513055555555556 0.056463541666666665 0.12901851851851853
3 0.8727916666666666 0.7557037037037037 0.12347395833333333 0.09058333333333334
3 0.9791666666666666 0.8048333333333334 0.03915104166666667 0.07356481481481482
3 0.8719947916666667 0.846287037037037 0.15091666666666667 0.18830555555555556
3 0.7631614583333334 0.8561666666666666 0.06418229166666667 0.2662685185185185