5 0.69059375 0.0935 0.0067239583333333335 0.012564814814814815
3 0.7062604166666666 0.0937037037037037 0.015369791666666667 0.026453703703703705
5 0.7184479166666667 0.10122222222222221 0.014572916666666666 0.045425925925925925
5 0.7363489583333334 0.10464814814814814 0.00765625 0.02486111111111111
3 0.7112395833333333 0.12353703703703703 0.012624999999999999 0.035277777777777776
5 0.6322291666666667 0.12521296296296294 0.015479166666666665 0.037879629629629624
3 0.7024791666666667 0.12968518518518518 0.011932291666666667 0.04042592592592592
0 0.6705208333333333 0.13630555555555557 0.051786458333333334 0.09187037037037037
0 0.7550104166666666 0.1383888888888889 0.036921875 0.0877037037037037
5 0.6603854166666667 0.14142592592592593 0.010718749999999999 0.04796296296296296
5 0.6691354166666666 0.1457962962962963 0.012203125 0.06178703703703704
5 0.7220104166666667 0.14862962962962964 0.016916666666666667 0.05890740740740741
5 0.7416302083333334 0.15994444444444444 0.012046875 0.0535
5 0.732703125 0.16069444444444445 0.011786458333333333 0.0630462962962963
5 0.6414583333333332 0.1634074074074074 0.017541666666666667 0.08051851851851852
3 0.7227291666666668 0.1689537037037037 0.012421875 0.015277777777777777
5 0.7501510416666667 0.17099074074074072 0.014088541666666668 0.05488888888888889
5 0.6264531249999999 0.17178703703703704 0.015635416666666666 0.09172222222222222
5 0.5841875000000001 0.17533333333333334 0.011630208333333333 0.04016666666666667
5 0.6600104166666667 0.18458333333333332 0.017447916666666667 0.06449074074074075
5 0.5999375 0.18498148148148147 0.017453125 0.08262037037037037
5 0.5639791666666666 0.18811111111111112 0.0129375 0.05187962962962963
5 0.6142604166666668 0.18814814814814815 0.014848958333333334 0.0874074074074074
3 0.7144166666666667 0.1899537037037037 0.019880208333333333 0.022842592592592595
3 0.495578125 0.19784259259259257 0.035932291666666664 0.05460185185185185
5 0.5720104166666666 0.1984351851851852 0.017703125 0.06194444444444445
5 0.6931614583333333 0.20273148148148148 0.020197916666666666 0.07980555555555556
3 0.4949010416666667 0.2131574074074074 0.0364375 0.04971296296296296
5 0.5284791666666666 0.21864814814814815 0.012286458333333333 0.05860185185185185
3 0.5530572916666666 0.2209074074074074 0.032468750000000005 0.07437037037037036
3 0.6941302083333334 0.2222222222222222 0.06900520833333333 0.04377777777777778
5 0.5984583333333333 0.22424074074074074 0.023588541666666667 0.11091666666666668
5 0.6740052083333333 0.22430555555555556 0.01758854166666667 0.12030555555555557
3 0.5462916666666667 0.23802777777777778 0.033546875 0.05537037037037037
1 0.732171875 0.24174999999999996 0.101890625 0.08257407407407408
3 0.5336875 0.24333333333333335 0.04154166666666667 0.06744444444444445
3 0.520515625 0.25354629629629627 0.03690104166666666 0.08102777777777778
5 0.5827656250000001 0.2726388888888889 0.03055208333333333 0.1363888888888889
3 0.49521875000000004 0.2727314814814815 0.04238541666666666 0.07088888888888889
3 0.4735833333333333 0.28372222222222226 0.04481770833333333 0.07581481481481481
3 0.4106458333333334 0.2857314814814815 0.045375000000000006 0.0805925925925926
3 0.4652604166666666 0.2923796296296296 0.047921875 0.07857407407407407
5 0.5061979166666667 0.29662962962962963 0.025083333333333332 0.13595370370370372
1 0.6970624999999999 0.3030925925925926 0.17674479166666668 0.09848148148148148
3 0.45159374999999996 0.30456481481481484 0.050208333333333334 0.07787962962962963
5 0.551921875 0.4274444444444444 0.04183333333333333 0.18435185185185185
1 0.6728958333333334 0.4276388888888889 0.22629166666666667 0.2262037037037037
5 0.5812968749999999 0.4440462962962963 0.0459375 0.19687037037037036
3 0.23465104166666664 0.45890740740740743 0.047036458333333336 0.09927777777777777
3 0.21544270833333332 0.4705462962962963 0.043291666666666666 0.1062037037037037
3 0.20286458333333332 0.48971296296296296 0.05316666666666667 0.10363888888888889
5 0.7014895833333333 0.4900277777777778 0.05740625 0.21123148148148146
5 0.48359375 0.4982685185185185 0.064375 0.1860462962962963
3 0.182328125 0.5111018518518519 0.043583333333333335 0.10364814814814814
3 0.16230208333333335 0.5228055555555555 0.04458333333333333 0.10692592592592592
3 0.13944270833333333 0.5466574074074074 0.04889583333333333 0.11165740740740741
3 0.12221354166666668 0.5659907407407407 0.050374999999999996 0.10318518518518519
5 0.4047864583333334 0.5746203703703704 0.05697395833333333 0.21016666666666667
3 0.10265624999999999 0.588462962962963 0.04896354166666667 0.11357407407407408
3 0.08139583333333333 0.6074814814814815 0.044223958333333334 0.10237037037037038
3 0.06386458333333334 0.6146111111111111 0.047385416666666666 0.1124351851851852
3 0.03863541666666667 0.6429444444444444 0.04120833333333333 0.11628703703703704
3 0.02313541666666667 0.6604907407407408 0.04402083333333333 0.10951851851851852
5 0.36478645833333334 0.6634444444444444 0.05659375 0.21830555555555556
5 0.7528125 0.06861111111111111 0.015567708333333334 0.01700925925925926
3 0.009093750000000001 0.7034814814814815 0.018187500000000002 0.08126851851851852
1 0.6590364583333332 0.7791018518518518 0.37018229166666666 0.39439814814814816
5 0.7489791666666666 0.08492592592592592 0.009645833333333333 0.03164814814814815
5 0.727421875 0.09175 0.009140625000000001 0.024675925925925924
5 0.7225729166666667 0.0924537037037037 0.00465625 0.03871296296296296