5 0.73428125 0.07027083333333334 0.00507421875 0.011125
5 0.7272109375 0.08057638888888889 0.0066992187499999994 0.021020833333333332
5 0.717359375 0.08572916666666666 0.0060078125 0.02390277777777778
1 0.8023125 0.08799305555555555 0.03922265625 0.04080555555555555
1 0.8490117187499999 0.08840277777777777 0.047683593749999996 0.023493055555555555
5 0.7035703125 0.08943749999999999 0.0062734374999999995 0.021430555555555557
5 0.70982421875 0.09087500000000001 0.0076328125 0.016076388888888887
5 0.609421875 0.10519444444444444 0.009156250000000001 0.042305555555555555
1 0.8586289062500001 0.10859722222222222 0.060894531249999995 0.04245138888888889
5 0.65018359375 0.13480555555555557 0.01199609375 0.04173611111111111
3 0.6678359375 0.1357986111111111 0.01823828125 0.020194444444444442
5 0.6354375 0.13988194444444446 0.0117890625 0.0676875
5 0.7938515625 0.1421875 0.008855468750000001 0.05770138888888889
3 0.5801015625 0.16320833333333334 0.03008984375 0.03874305555555556
5 0.58134765625 0.1711875 0.0183671875 0.035534722222222224
3 0.6475546875 0.17227777777777778 0.01523046875 0.03297222222222222
4 0.707140625 0.19102777777777777 0.09036328125000001 0.17021527777777778
1 0.58463671875 0.2722222222222222 0.08834765624999999 0.1314722222222222
5 0.10719921875 0.5123125000000001 0.04407421875 0.12503472222222223
2 0.73637109375 0.06181944444444444 0.054265625 0.0395625