5 0.26958333333333334 0.2505 0.015020833333333334 0.06787962962962964
5 0.11871875 0.2615648148148148 0.03561458333333333 0.16987037037037037
1 0.4165 0.27500925925925923 0.107171875 0.09639814814814815
4 0.32457291666666666 0.27873148148148147 0.11491145833333333 0.22577777777777777
5 0.09546354166666667 0.2793240740740741 0.020494791666666668 0.17151851851851851
5 0.519703125 0.2904814814814815 0.033380208333333335 0.10435185185185185
5 0.6558541666666666 0.2947037037037037 0.02420833333333333 0.08567592592592593
5 0.51796875 0.3037685185185185 0.030703125 0.13339814814814815
5 0.24109895833333334 0.31249074074074074 0.030536458333333336 0.11488888888888889
3 0.5417187499999999 0.3149166666666667 0.049041666666666664 0.08946296296296297
3 0.56521875 0.3216203703703704 0.047156250000000004 0.09380555555555556
3 0.6758541666666668 0.3217314814814815 0.01954166666666667 0.04310185185185185
5 0.6072291666666667 0.32339814814814816 0.023583333333333335 0.1430648148148148
5 0.33586458333333336 0.32360185185185186 0.023473958333333333 0.12800925925925927
3 0.5804479166666667 0.3274444444444444 0.040296875 0.08975000000000001
5 0.6283802083333333 0.33290740740740743 0.032197916666666666 0.1515185185185185
5 0.4774791666666667 0.34269444444444447 0.04451041666666666 0.09287962962962963
3 0.5842968749999999 0.3443055555555556 0.0309375 0.0678425925925926
3 0.6809791666666667 0.3690277777777778 0.05157291666666666 0.10483333333333333
3 0.7207447916666666 0.38372222222222224 0.04949479166666667 0.11412037037037037
3 0.6949427083333333 0.3847407407407407 0.05969791666666667 0.09049074074074075
3 0.749078125 0.39714814814814814 0.057 0.1107962962962963
3 0.77021875 0.4025462962962963 0.051145833333333335 0.12305555555555556
5 0.6462916666666667 0.40696296296296297 0.05463541666666667 0.18760185185185185
3 0.48327604166666666 0.41627777777777775 0.054000000000000006 0.12246296296296295
3 0.8080572916666667 0.41971296296296295 0.05579166666666667 0.11838888888888889
3 0.8329739583333333 0.43682407407407403 0.049838541666666666 0.11948148148148148
3 0.8533958333333334 0.44725 0.05835416666666667 0.12161111111111111
3 0.8879479166666666 0.4543611111111111 0.045807291666666666 0.13750925925925925
3 0.9804270833333334 0.45488888888888884 0.028093749999999997 0.07607407407407407
3 0.900921875 0.46242592592592596 0.039864583333333335 0.1489814814814815
3 0.9240364583333334 0.48084259259259254 0.04217708333333334 0.1420833333333333
3 0.9497447916666667 0.48404629629629625 0.03701041666666667 0.1479074074074074
5 0.9804791666666667 0.5328981481481482 0.03904166666666666 0.23445370370370372
3 0.957140625 0.5476018518518518 0.08525520833333333 0.12800925925925927
5 0.99540625 0.596111111111111 0.0091875 0.12265740740740741
3 0.151625 0.7922962962962963 0.18679166666666666 0.2840462962962963
5 0.4761927083333333 0.8513611111111111 0.06819791666666666 0.2972777777777778