5 0.7535390625 0.15851388888888887 0.0057421875 0.010097222222222221
5 0.722140625 0.1649861111111111 0.005234375 0.016819444444444442
3 0.7535078125 0.16654166666666667 0.0025078125 0.008166666666666666
5 0.7580859375 0.16709722222222223 0.004609375000000001 0.020194444444444442
3 0.7211015625 0.17708333333333334 0.0044296875 0.014611111111111111
3 0.7269062500000001 0.17708333333333334 0.0034687500000000005 0.012027777777777778
3 0.7629374999999999 0.18416666666666665 0.0088046875 0.013319444444444445
5 0.66971875 0.18504166666666666 0.009578125 0.03623611111111111
1 0.7820859375 0.19781944444444446 0.0391015625 0.039
5 0.639140625 0.20056944444444444 0.0124765625 0.049166666666666664
5 0.6307734375 0.20251388888888888 0.013203125 0.027180555555555555
1 0.6908203125 0.20618055555555553 0.0313984375 0.044583333333333336
5 0.5838125 0.21027777777777779 0.0153671875 0.06858333333333334
3 0.6290703125 0.22619444444444448 0.009265625 0.03175
5 0.5499609375000001 0.22774999999999998 0.0175390625 0.07763888888888888
5 0.5306640625 0.22904166666666667 0.0109765625 0.07247222222222222
5 0.520109375 0.25362500000000004 0.0204375 0.049166666666666664
3 0.5174453125 0.30754166666666666 0.0181484375 0.047625
4 0.8521093750000001 0.4315555555555556 0.1487109375 0.3015138888888889