1 0.8076289062500001 0.07600694444444445 0.0203828125 0.020694444444444446
5 0.34926953125 0.8212361111111111 0.06218359375 0.1538263888888889
1 0.8497734375 0.08921527777777778 0.04766015625 0.017131944444444446
1 0.8116406250000001 0.09849305555555557 0.026000000000000002 0.03283333333333333
1 0.85519140625 0.10348611111111111 0.054484374999999995 0.02854861111111111
1 0.8056210937499999 0.11276388888888889 0.02359375 0.04425
3 0.66112109375 0.13595833333333335 0.0348828125 0.02783333333333333
3 0.57686328125 0.1599513888888889 0.028929687500000002 0.023618055555555555
5 0.8240859374999999 0.16522222222222221 0.00913671875 0.06066666666666667
4 0.7086796875 0.19127083333333333 0.10029296875 0.18841666666666665
5 0.59526953125 0.22838194444444446 0.01959765625 0.1042013888888889
5 0.61253125 0.22874305555555555 0.017335937500000002 0.10491666666666667
5 0.5366640625 0.24658333333333332 0.01962109375 0.09777777777777778
5 0.015171875000000001 0.5717569444444445 0.030343750000000003 0.10647916666666668