3 0.7430833333333333 0.9520277777777778 0.09721354166666667 0.09594444444444444
5 0.6408281250000001 0.24819444444444447 0.0038750000000000004 0.010064814814814815
5 0.6706614583333333 0.25632407407407404 0.0035364583333333333 0.021685185185185186
5 0.6664114583333334 0.2607777777777778 0.004083333333333333 0.022074074074074072
5 0.6402812499999999 0.2662037037037037 0.006270833333333333 0.025944444444444444
5 0.5917239583333332 0.2710370370370371 0.00590625 0.021685185185185186
5 0.6706614583333333 0.2782037037037037 0.0034322916666666664 0.012
5 0.6667395833333334 0.2803333333333333 0.002125 0.018583333333333334
2 0.6549791666666667 0.28226851851851853 0.018244791666666666 0.03872222222222222
5 0.6843802083333334 0.28924074074074074 0.005166666666666667 0.022453703703703705
5 0.5901979166666667 0.2925277777777778 0.006338541666666667 0.019749999999999997
5 0.6399583333333333 0.296787037037037 0.007447916666666667 0.03755555555555556
3 0.689609375 0.3002777777777778 0.018354166666666668 0.008129629629629629
5 0.6776302083333333 0.3004722222222222 0.004302083333333333 0.03794444444444444
1 0.5395625000000001 0.3070462962962963 0.033963541666666666 0.008518518518518517
3 0.6901510416666666 0.30821296296296297 0.022927083333333334 0.008518518518518517
5 0.6176354166666667 0.3138240740740741 0.004973958333333334 0.005037037037037038
5 0.602609375 0.31421296296296297 0.011135416666666667 0.025944444444444444
5 0.667609375 0.31460185185185185 0.0069166666666666664 0.04685185185185185
5 0.5908489583333334 0.3198240740740741 0.006291666666666667 0.02013888888888889
3 0.6996249999999999 0.3213796296296296 0.024015625 0.016259259259259258
3 0.6812239583333334 0.32234259259259257 0.004515625 0.019749999999999997
1 0.539890625 0.3242777777777778 0.03679166666666667 0.029037037037037035
3 0.6853593750000001 0.3275740740740741 0.004078125 0.02477777777777778
5 0.6974583333333333 0.33241666666666664 0.006307291666666667 0.015185185185185184
5 0.605984375 0.3327962962962963 0.006500000000000001 0.03523148148148148
5 0.6553072916666667 0.33492592592592596 0.011494791666666667 0.06582407407407408
5 0.6118645833333333 0.33628703703703705 0.0060625 0.017425925925925925
5 0.6247135416666667 0.3409351851851852 0.007364583333333333 0.05382407407407408
5 0.696078125 0.34222222222222226 0.0057552083333333335 0.015185185185185184
5 0.6153333333333334 0.35125 0.008880208333333334 0.011268518518518518
0 0.5736041666666666 0.3559537037037037 0.04269791666666667 0.05447222222222222
5 0.6021249999999999 0.3629907407407407 0.013109375000000001 0.027240740740740742
5 0.6148020833333334 0.37801851851851853 0.014161458333333333 0.03662962962962963
5 0.5749270833333333 0.38412962962962965 0.012588541666666668 0.041324074074074076
5 0.6748645833333333 0.3980740740740741 0.015729166666666666 0.08965740740740741
5 0.6922239583333333 0.3992962962962963 0.017333333333333333 0.09700925925925925
5 0.597375 0.40197222222222223 0.014166666666666666 0.04696296296296296
3 0.56171875 0.40385185185185185 0.023161458333333333 0.018787037037037036
0 0.7222604166666666 0.4041944444444444 0.03944270833333333 0.1215
5 0.6224635416666667 0.4085462962962963 0.016802083333333332 0.041324074074074076
5 0.7421562500000001 0.4096759259259259 0.012947916666666667 0.031324074074074074
3 0.7702135416666667 0.4279537037037037 0.030619791666666667 0.022046296296296296
5 0.70959375 0.4323425925925926 0.02575 0.11787037037037036
3 0.7805468750000001 0.43873148148148144 0.021531250000000002 0.018129629629629627
5 0.583375 0.4390648148148148 0.021041666666666667 0.07419444444444444
5 0.5915625 0.44799074074074074 0.009942708333333333 0.01690740740740741
3 0.7941874999999999 0.4529444444444444 0.026218750000000002 0.01911111111111111
5 0.7639479166666666 0.4562407407407407 0.012942708333333334 0.04450925925925926
5 0.740765625 0.4651018518518519 0.016197916666666666 0.08037037037037037
3 0.7281927083333334 0.4654351851851852 0.007145833333333334 0.03331481481481481
3 0.527078125 0.47052777777777777 0.029953125 0.031935185185185185
3 0.8009375 0.4713148148148148 0.021536458333333335 0.01862037037037037
5 0.7756510416666667 0.47602777777777777 0.01178125 0.0577037037037037
5 0.7880520833333333 0.4803518518518518 0.01246875 0.020194444444444442
5 0.6203489583333333 0.48462037037037037 0.018911458333333336 0.12021296296296298
5 0.749 0.4993148148148148 0.031322916666666666 0.08778703703703704
5 0.5984270833333334 0.5024629629629629 0.03423958333333333 0.10706481481481481
3 0.53446875 0.5071574074074074 0.05424479166666667 0.037564814814814815
3 0.8432447916666667 0.5217777777777778 0.041640625 0.025472222222222222
3 0.8581249999999999 0.5298611111111111 0.057630208333333335 0.028907407407407406
5 0.784 0.5381296296296296 0.026229166666666668 0.10094444444444443
5 0.8117656249999999 0.5429537037037037 0.03096875 0.1150462962962963
3 0.8669427083333333 0.5504444444444445 0.05156770833333334 0.031842592592592596
3 0.534734375 0.5672685185185184 0.08752083333333333 0.09391666666666668
5 0.8226093750000001 0.5700462962962963 0.029140625 0.09055555555555556
3 0.48693229166666663 0.5757222222222222 0.06799479166666668 0.030055555555555558
5 0.75790625 0.5774722222222222 0.027494791666666667 0.11282407407407406
3 0.8749375 0.5864537037037038 0.078578125 0.05976851851851851
3 0.41510416666666666 0.5865185185185186 0.013088541666666667 0.038509259259259264
3 0.8764479166666667 0.5940462962962964 0.056255208333333334 0.02988888888888889
3 0.40850000000000003 0.606712962962963 0.01784375 0.04696296296296296
3 0.92384375 0.6104537037037037 0.06178645833333333 0.06369444444444446
3 0.48534895833333336 0.62925 0.042640625 0.08828703703703702
3 0.8695572916666666 0.6398518518518518 0.051296875 0.055851851851851854
3 0.3065572916666667 0.6602407407407407 0.03266666666666666 0.04883333333333333
5 0.7255572916666666 0.666537037037037 0.035437500000000004 0.27314814814814814
3 0.021718750000000002 0.6701388888888888 0.043437500000000004 0.14583333333333334
3 0.4156302083333333 0.6795 0.022593750000000003 0.0873425925925926
3 0.962453125 0.6807592592592593 0.07509375 0.13571296296296295
5 0.44361979166666665 0.6813796296296296 0.04265625 0.26578703703703704
5 0.3786510416666667 0.6879537037037037 0.04796354166666667 0.28832407407407407
5 0.8175989583333333 0.6936296296296296 0.04834375 0.1655185185185185
3 0.47452083333333334 0.6996944444444444 0.023104166666666665 0.12021296296296298
3 0.9063385416666667 0.7008518518518518 0.035484375 0.07398148148148148
5 0.3498645833333333 0.7076759259259259 0.052723958333333334 0.2977222222222222
5 0.7720989583333334 0.7103333333333333 0.04669270833333334 0.1811111111111111
5 0.6132135416666666 0.7236388888888888 0.07966145833333332 0.2000462962962963
3 0.4087604166666667 0.7330277777777777 0.026822916666666665 0.08922222222222222
5 0.8651979166666667 0.7348240740740741 0.0710625 0.1454814814814815
3 0.87728125 0.7429814814814815 0.11577604166666666 0.0661388888888889
3 0.9713697916666667 0.7434722222222223 0.056015625 0.12003703703703703
3 0.9835260416666666 0.7481296296296297 0.032942708333333334 0.035277777777777776
5 0.24091145833333333 0.7483981481481481 0.08535937499999999 0.3115555555555556
3 0.254515625 0.7856296296296297 0.16104166666666667 0.18125925925925926
3 0.9807760416666667 0.80325 0.038453125 0.07201851851851852
3 0.8751979166666667 0.8261203703703704 0.14183333333333334 0.07422222222222222
3 0.6229895833333334 0.8391574074074074 0.024192708333333333 0.10612962962962963
3 0.7643749999999999 0.8840185185185185 0.05044791666666667 0.1811111111111111
3 0.8259479166666667 0.89775 0.03665104166666667 0.07496296296296295