5 0.15145312500000002 0.21875 0.0078125 0.046287037037037036
5 0.2710208333333333 0.23571296296296296 0.014411458333333333 0.03836111111111111
4 0.19605208333333335 0.24632407407407406 0.08451562500000001 0.15507407407407406
5 0.24632812499999998 0.2526759259259259 0.01353125 0.07672222222222222
5 0.11980208333333334 0.2693240740740741 0.020125 0.12396296296296296
5 0.23688020833333334 0.27217592592592593 0.015671875 0.09035185185185185
5 0.42606249999999996 0.2731388888888889 0.013526041666666665 0.044444444444444446
5 0.4373229166666667 0.27417592592592593 0.012348958333333333 0.04976851851851852
4 0.3296041666666667 0.2849351851851852 0.10502083333333333 0.2382685185185185
5 0.6742239583333334 0.31073148148148144 0.022187500000000002 0.07026851851851852
5 0.27046354166666664 0.3315925925925926 0.021281249999999998 0.16360185185185186
5 0.454359375 0.3315925925925926 0.02899479166666667 0.14932407407407408
3 0.563984375 0.33162962962962966 0.040906250000000005 0.07346296296296297
5 0.6197552083333334 0.33367592592592593 0.032317708333333334 0.15774074074074076
5 0.4872760416666667 0.3338148148148148 0.03046875 0.15525925925925926
3 0.24905729166666665 0.3366574074074074 0.026640624999999998 0.07130555555555557
5 0.1310625 0.33735185185185185 0.03125520833333333 0.19030555555555556
3 0.5796510416666667 0.3396296296296296 0.03071875 0.07763888888888888
3 0.5913020833333333 0.3464259259259259 0.030130208333333335 0.07450925925925926
5 0.6530729166666667 0.3568518518518518 0.025593750000000002 0.1614074074074074
3 0.69578125 0.3821111111111111 0.057734375 0.086
5 0.8571979166666667 0.3873240740740741 0.018177083333333333 0.08289814814814815
3 0.8132916666666666 0.3934259259259259 0.021760416666666667 0.03550925925925926
5 0.873875 0.3991203703703704 0.030614583333333334 0.1087037037037037
3 0.6975416666666666 0.40317592592592594 0.022166666666666668 0.1253425925925926
3 0.747390625 0.4038703703703704 0.048151041666666665 0.0981851851851852
5 0.7883437499999999 0.4068055555555556 0.025604166666666664 0.1647037037037037
3 0.762078125 0.4226666666666667 0.033656250000000006 0.08564814814814815
5 0.9464322916666668 0.46033333333333337 0.02432291666666667 0.12681481481481482
5 0.9746822916666668 0.46417592592592594 0.024625 0.15426851851851853
3 0.9213854166666666 0.46601851851851855 0.024822916666666663 0.09644444444444444
3 0.879390625 0.5088425925925926 0.1038125 0.13822222222222222
3 0.9461614583333334 0.5154537037037038 0.025109375 0.09713888888888889
3 0.9711302083333333 0.5365185185185186 0.02375 0.07799074074074075
5 0.783078125 0.6077407407407408 0.04966145833333333 0.3162222222222222
5 0.80234375 0.6493240740740741 0.04958333333333333 0.3387777777777778
5 0.7464062499999999 0.6546666666666666 0.05733333333333333 0.34697222222222224