5 0.9774479166666666 0.9340277777777778 0.04510416666666666 0.13194444444444445
1 0.11068229166666667 0.23400925925925925 0.054052083333333334 0.05173148148148148
5 0.27261979166666667 0.2397962962962963 0.014359375 0.06450925925925927
4 0.19574479166666667 0.24770370370370368 0.07765625 0.1521574074074074
5 0.438328125 0.2548888888888889 0.01992708333333333 0.061648148148148146
5 0.40632291666666664 0.26022222222222224 0.022609374999999998 0.09839814814814815
3 0.47770833333333335 0.2769259259259259 0.04247395833333333 0.05478703703703704
4 0.32566666666666666 0.29365740740740737 0.10264583333333334 0.2537962962962963
3 0.44366145833333337 0.29874999999999996 0.04259375 0.05216666666666667
3 0.56453125 0.32058333333333333 0.028916666666666667 0.060731481481481484
3 0.25319270833333335 0.3250648148148148 0.03254166666666666 0.0973888888888889
3 0.5803229166666667 0.3268425925925926 0.03284895833333333 0.06675925925925925
5 0.7162604166666667 0.3291851851851852 0.023723958333333333 0.10800925925925926
3 0.59921875 0.33240740740740743 0.042484375 0.05655555555555555
3 0.639109375 0.33240740740740743 0.04298958333333334 0.06119444444444445
3 0.6324635416666666 0.33287037037037037 0.04533854166666666 0.0649074074074074
3 0.612125 0.3365740740740741 0.035958333333333335 0.07232407407407407
3 0.6564479166666667 0.34585185185185185 0.04323958333333333 0.07510185185185185
3 0.6787552083333334 0.3632314814814815 0.06594270833333334 0.06258333333333334
3 0.6953072916666667 0.3711203703703704 0.06984895833333334 0.07556481481481482
3 0.7209895833333333 0.37784259259259256 0.051848958333333334 0.08066666666666666
5 0.48266145833333335 0.3781851851851852 0.03524479166666667 0.19205555555555553
3 0.7449791666666666 0.39059259259259255 0.052359375 0.10337962962962964
5 0.8213697916666667 0.3953981481481481 0.039526041666666664 0.16341666666666668
5 0.8712812499999999 0.40197222222222223 0.024187499999999997 0.12773148148148147
3 0.8028697916666666 0.4058888888888889 0.04505208333333333 0.09503703703703703
3 0.7709322916666667 0.40797222222222224 0.04323958333333333 0.08066666666666666
3 0.8178593749999999 0.4242037037037037 0.061468749999999996 0.07139814814814814
3 0.891796875 0.42975925925925923 0.018453125 0.0834537037037037
3 0.9061354166666666 0.4397314814814815 0.02053125 0.09040740740740741
3 0.9223072916666666 0.4585092592592593 0.028364583333333335 0.12425
3 0.94853125 0.4819166666666667 0.026567708333333332 0.11450925925925926
5 0.46268750000000003 0.4970925925925926 0.06058854166666667 0.2591481481481481
3 0.9708229166666666 0.4981481481481482 0.01952083333333333 0.13305555555555554
3 0.8684583333333333 0.512287037037037 0.09174479166666667 0.1223888888888889
3 0.3231822916666667 0.7862685185185185 0.19719791666666667 0.26234259259259257