5 0.158265625 0.21087962962962964 0.00759375 0.04198148148148149
5 0.26104166666666667 0.252 0.014927083333333334 0.08220370370370371
4 0.19051041666666665 0.2528055555555555 0.07972916666666667 0.16206481481481483
4 0.26780208333333333 0.27272222222222225 0.020447916666666666 0.03487962962962963
4 0.323765625 0.2815 0.116 0.23355555555555557
5 0.13953125 0.2957407407407407 0.049109375000000004 0.19560185185185186
3 0.236796875 0.30949074074074073 0.037796874999999994 0.07127777777777779
5 0.5896666666666667 0.3169259259259259 0.023302083333333334 0.13207407407407407
5 0.49241666666666667 0.3235462962962963 0.031885416666666666 0.16737962962962963
3 0.5601666666666667 0.3242962962962963 0.03958333333333333 0.08706481481481482
3 0.5920208333333333 0.3301388888888889 0.048171874999999996 0.08918518518518517
3 0.6195468749999999 0.33787962962962964 0.042937499999999997 0.10062037037037037
5 0.4459739583333333 0.3421296296296296 0.05822395833333334 0.13146296296296295
3 0.6352187499999999 0.34226851851851847 0.047880208333333334 0.10366666666666666
3 0.5690572916666666 0.3431111111111111 0.022406250000000003 0.06535185185185186
3 0.6567552083333333 0.35330555555555554 0.05389583333333334 0.10343518518518519
3 0.6754687500000001 0.36653703703703705 0.06263541666666667 0.09949074074074074
3 0.6938385416666667 0.37753703703703706 0.05794791666666667 0.10765740740740741
3 0.7201197916666667 0.3848888888888889 0.0474375 0.11491666666666667
3 0.747765625 0.3983425925925926 0.056364583333333336 0.11074074074074074
3 0.7698541666666666 0.4042222222222222 0.0498125 0.12387037037037037
3 0.805125 0.4200833333333333 0.05116145833333333 0.11506481481481481
3 0.830875 0.43716666666666665 0.04874479166666667 0.12169444444444445
3 0.850375 0.44296296296296295 0.05646875 0.1223888888888889
3 0.8858333333333334 0.45494444444444443 0.044375000000000005 0.13582407407407407
3 0.8999895833333333 0.4620092592592593 0.041130208333333335 0.14651851851851852
3 0.94965625 0.48108333333333336 0.035354166666666666 0.14475925925925925
3 0.92140625 0.4835925925925926 0.035890624999999995 0.13882407407407407
3 0.9790989583333333 0.5001944444444445 0.036796875 0.14483333333333331
3 0.9939374999999999 0.5316018518518518 0.012130208333333333 0.10402777777777777
5 0.928796875 0.6430092592592593 0.06411979166666666 0.2681574074074074
2 0.4673541666666667 0.7763518518518518 0.4793385416666667 0.44728703703703704
5 0.9878645833333334 0.78125 0.024270833333333335 0.19675925925925927