5 0.22643229166666667 0.20476851851851852 0.008395833333333333 0.02076851851851852
5 0.15962500000000002 0.21142592592592593 0.006848958333333334 0.04306481481481481
4 0.117390625 0.21353703703703705 0.04369270833333334 0.08471296296296296
5 0.15555729166666668 0.21448148148148147 0.0080625 0.04047222222222222
5 0.14645833333333333 0.2170925925925926 0.005885416666666667 0.019064814814814816
5 0.08719791666666667 0.2208240740740741 0.0059947916666666665 0.022685185185185187
5 0.24824479166666666 0.22418518518518518 0.011770833333333335 0.0619537037037037
5 0.259234375 0.23175925925925928 0.010552083333333333 0.06260185185185185
5 0.23352083333333334 0.24023148148148146 0.006583333333333333 0.06800925925925926
4 0.18896875 0.24949074074074074 0.07813020833333333 0.16251851851851853
4 0.23895312500000002 0.25996296296296295 0.018088541666666666 0.03350925925925926
4 0.3213177083333333 0.27721296296296294 0.12200000000000001 0.22870370370370371
5 0.17020833333333335 0.28714814814814815 0.015000000000000001 0.06369444444444446
3 0.23646354166666667 0.30951851851851847 0.03773958333333333 0.07261111111111111
3 0.5639791666666666 0.32104629629629633 0.04769270833333333 0.09367592592592593
5 0.42143749999999996 0.32363888888888886 0.03855729166666667 0.13951851851851851
3 0.5791822916666667 0.32541666666666663 0.043187500000000004 0.08924074074074073
5 0.4428489583333333 0.3315092592592592 0.03533854166666666 0.15991666666666668
3 0.5917239583333332 0.33262962962962966 0.047359375 0.0957962962962963
3 0.61734375 0.33828703703703705 0.04597916666666667 0.10025925925925926
5 0.47784375 0.3393055555555555 0.022291666666666664 0.17171296296296296
3 0.6355572916666666 0.3431666666666667 0.04822395833333334 0.10680555555555556
3 0.6570208333333334 0.35094444444444445 0.05348958333333333 0.09806481481481481
5 0.454265625 0.35801851851851857 0.01972916666666667 0.19076851851851853
3 0.6735729166666666 0.37126851851851855 0.05558333333333333 0.09164814814814815
3 0.6926979166666667 0.3779351851851852 0.05738541666666667 0.10740740740740741
5 0.45838020833333337 0.3839259259259259 0.04261458333333333 0.18621296296296297
3 0.7200052083333334 0.3853148148148148 0.04741666666666667 0.11686111111111111
3 0.7487604166666666 0.3978611111111111 0.05811458333333333 0.11273148148148149
3 0.7695052083333334 0.40408333333333335 0.049666666666666665 0.12323148148148148
3 0.8059947916666667 0.42075 0.053244791666666666 0.11773148148148149
3 0.8309791666666667 0.4375648148148148 0.04903125 0.12125925925925926
3 0.8518177083333334 0.4433888888888889 0.057859375000000005 0.12523148148148147
3 0.8863697916666666 0.45471296296296293 0.04513020833333334 0.13636111111111113
3 0.9000781250000001 0.45842592592592596 0.039447916666666666 0.14080555555555554
3 0.9240572916666667 0.4761666666666667 0.04092708333333333 0.13243518518518518
3 0.949140625 0.4828240740740741 0.036661458333333334 0.14308333333333334
3 0.9797135416666667 0.4967685185185185 0.03533854166666666 0.14047222222222222
3 0.9939479166666667 0.5299814814814815 0.012104166666666666 0.09607407407407408
1 0.880046875 0.7407777777777778 0.23990625000000002 0.45129629629629625