5 0.22153645833333335 0.19444444444444445 0.007473958333333333 0.03292592592592593
5 0.25741145833333334 0.24074074074074073 0.012088541666666668 0.07201851851851852
5 0.2435 0.2551759259259259 0.01496875 0.05065740740740741
4 0.32565625 0.2662037037037037 0.111359375 0.2064814814814815
1 0.41210416666666666 0.27546296296296297 0.09153645833333333 0.09722222222222222
5 0.474078125 0.27948148148148144 0.02678125 0.08549074074074074
5 0.5584427083333333 0.2836574074074074 0.02219270833333333 0.0552037037037037
5 0.6540885416666666 0.2942407407407407 0.020947916666666667 0.08025
3 0.23676041666666667 0.3090925925925926 0.04069791666666667 0.06699074074074074
3 0.47120833333333334 0.3199074074074074 0.035796875 0.05648148148148148
3 0.56084375 0.3203333333333333 0.054234374999999994 0.09152777777777778
3 0.6739322916666667 0.32122222222222224 0.019994791666666668 0.04201851851851852
5 0.6161875 0.3256203703703704 0.018041666666666668 0.13683333333333333
5 0.632671875 0.3256203703703704 0.026505208333333332 0.1388888888888889
3 0.5304010416666667 0.326212962962963 0.033416666666666664 0.06338888888888888
3 0.593203125 0.3322685185185185 0.04923958333333334 0.09757407407407406
3 0.563453125 0.3406296296296296 0.013375 0.06446296296296297
3 0.6040208333333333 0.3493611111111111 0.019192708333333332 0.07763888888888888
3 0.676828125 0.3666296296296296 0.05984375 0.09793518518518518
3 0.6984635416666667 0.37660185185185185 0.06465625 0.10719444444444444
3 0.7207083333333333 0.38425925925925924 0.05023958333333333 0.11396296296296296
5 0.30953125 0.3919722222222222 0.02753125 0.1111111111111111
5 0.27568229166666663 0.4043240740740741 0.03275 0.09876851851851852
3 0.7300208333333333 0.41097222222222224 0.022000000000000002 0.09828703703703705
2 0.870609375 0.4876574074074074 0.20089583333333336 0.2530833333333333
3 0.9798802083333332 0.4979444444444444 0.03139583333333333 0.14814814814814814
5 0.5685885416666667 0.5092592592592593 0.057817708333333336 0.2901296296296296
3 0.9934479166666667 0.5236666666666666 0.013104166666666667 0.12345370370370372
5 0.6569687500000001 0.5473240740740741 0.08468229166666667 0.3395
5 0.7522968750000001 0.5833333333333334 0.05832291666666667 0.30863888888888885
3 0.14808333333333332 0.7916666666666666 0.19769791666666667 0.29321296296296295