3 0.7148229166666666 0.09786111111111111 0.025026041666666665 0.015675925925925926
3 0.7128333333333334 0.10301851851851852 0.030723958333333336 0.015675925925925926
3 0.7338489583333333 0.10340740740740742 0.00825 0.02140740740740741
3 0.6927864583333334 0.10397222222222223 0.008906250000000001 0.010324074074074074
3 0.6770416666666667 0.1174537037037037 0.010739583333333334 0.007833333333333335
0 0.751515625 0.12280555555555556 0.02675 0.07647222222222222
5 0.7446666666666667 0.14027777777777778 0.01359375 0.048518518518518516
5 0.7273125 0.1629537037037037 0.013302083333333332 0.06434259259259259
0 0.6997395833333333 0.175 0.05260416666666667 0.13148148148148148
3 0.7513385416666666 0.17930555555555555 0.03524479166666667 0.01898148148148148
1 0.5924947916666666 0.18167592592592594 0.12225 0.11338888888888889
3 0.4932708333333334 0.20225 0.031125 0.05221296296296296
3 0.7081822916666667 0.22202777777777777 0.017760416666666667 0.048518518518518516
5 0.37458854166666666 0.2871574074074074 0.029895833333333333 0.09756481481481481
2 0.6831354166666667 0.32249074074074074 0.19905208333333332 0.2294074074074074
5 0.27537500000000004 0.40264814814814814 0.03911979166666667 0.12814814814814815
5 0.2550625 0.44932407407407404 0.023411458333333336 0.0675
5 0.22658854166666667 0.46699074074074076 0.029942708333333335 0.14608333333333334
3 0.20654166666666668 0.4775092592592593 0.04620833333333333 0.10183333333333333
5 0.6582135416666667 0.4833518518518518 0.038234375 0.2078796296296296
3 0.24245833333333333 0.4896666666666667 0.01836979166666667 0.05326851851851852
3 0.16145833333333334 0.5184074074074074 0.04741145833333334 0.12446296296296296
5 0.07780208333333333 0.5656111111111112 0.035546875 0.13869444444444443
5 0.043244791666666664 0.5975092592592592 0.05068229166666667 0.13712037037037036
3 0.020453125000000003 0.6700277777777778 0.03482291666666667 0.11660185185185186
3 0.7411614583333334 0.07043518518518518 0.02415625 0.00975
3 0.650515625 0.712212962962963 0.159109375 0.1668148148148148
3 0.7473958333333334 0.0745462962962963 0.013833333333333333 0.007259259259259259
3 0.7351927083333333 0.08017592592592593 0.019963541666666664 0.013953703703703704
3 0.7265937499999999 0.08085185185185184 0.02577604166666667 0.015675925925925926
3 0.7200364583333333 0.08180555555555555 0.024057291666666664 0.011851851851851853
3 0.7168645833333334 0.08562962962962964 0.024161458333333333 0.014527777777777777