5 0.73303125 0.11789814814814814 0.008645833333333333 0.048768518518518524
5 0.71940625 0.12083333333333333 0.012994791666666667 0.05277777777777778
0 0.752875 0.12434259259259259 0.03523958333333333 0.0661388888888889
5 0.586765625 0.12932407407407406 0.014026041666666666 0.0654351851851852
5 0.5749947916666667 0.1358703703703704 0.011333333333333334 0.06688888888888889
0 0.669484375 0.1368425925925926 0.05054166666666667 0.09139814814814815
5 0.7041510416666666 0.1388888888888889 0.01740625 0.08862037037037036
5 0.63571875 0.1425925925925926 0.011244791666666667 0.05925925925925926
5 0.6224583333333332 0.14662962962962964 0.011958333333333333 0.05737037037037037
5 0.6625364583333333 0.15663888888888888 0.020781249999999998 0.08549074074074074
3 0.7266041666666666 0.15941666666666665 0.01766145833333333 0.041046296296296296
5 0.7469114583333333 0.17222222222222222 0.022859375 0.04937962962962963
5 0.64984375 0.19047222222222224 0.01221875 0.06481481481481481
3 0.5950000000000001 0.19212962962962962 0.04334375 0.05400925925925926
5 0.6194010416666667 0.19475 0.015072916666666667 0.05987962962962963
3 0.4922916666666667 0.19475 0.033640625 0.048768518518518524
5 0.6340729166666667 0.19583333333333333 0.019057291666666667 0.06080555555555556
3 0.5811145833333333 0.2001574074074074 0.04022395833333334 0.050305555555555555
3 0.5531145833333333 0.20730555555555555 0.031734375 0.038064814814814815
3 0.5753854166666666 0.2075648148148148 0.034328125 0.037342592592592594
3 0.6754791666666667 0.21049074074074076 0.027572916666666666 0.032101851851851854
3 0.694140625 0.21187962962962964 0.049958333333333334 0.03981481481481482
3 0.494203125 0.21574074074074073 0.03607291666666667 0.05123148148148148
3 0.53928125 0.22592592592592592 0.03711458333333333 0.032101851851851854
3 0.5332916666666666 0.23765740740740743 0.04215104166666667 0.07530555555555556
3 0.5178177083333334 0.24948148148148147 0.03869270833333334 0.03395370370370371
1 0.7276302083333334 0.2511203703703703 0.10010416666666666 0.07523148148148148
3 0.4945364583333333 0.2780833333333333 0.04716145833333333 0.06234259259259259
3 0.46082291666666664 0.2839537037037037 0.041604166666666664 0.03086111111111111
3 0.4721458333333333 0.2882685185185185 0.04613020833333333 0.0654351851851852
3 0.4071197916666666 0.2915648148148148 0.043062500000000004 0.056185185185185185
1 0.6059687500000001 0.2934074074074074 0.15157291666666667 0.13541666666666666
1 0.6967239583333333 0.3088148148148148 0.18210416666666665 0.1056388888888889
3 0.44578124999999996 0.3287037037037037 0.060125 0.05040740740740741
1 0.6674895833333333 0.42879629629629634 0.22725520833333332 0.22942592592592592
1 0.488984375 0.4478611111111111 0.15926562500000002 0.2043425925925926
3 0.23023437500000002 0.4583333333333333 0.045468749999999995 0.0787037037037037
3 0.21326562500000001 0.47685185185185186 0.04828645833333333 0.09391666666666668
3 0.20098958333333333 0.501324074074074 0.062421874999999995 0.09259259259259259
5 0.17089583333333333 0.524175925925926 0.048552083333333336 0.1265462962962963
3 0.140359375 0.5591944444444444 0.04905729166666666 0.09457407407407407
5 0.41043749999999996 0.55975 0.039703125 0.19944444444444445
3 0.11632291666666666 0.5787037037037037 0.04420833333333333 0.13425925925925927
5 0.22629166666666667 0.5869722222222222 0.04830208333333333 0.1779074074074074
3 0.06294791666666667 0.6099537037037037 0.031213541666666667 0.0625
3 0.08196354166666667 0.6134259259259259 0.04833333333333333 0.08663888888888888
5 0.36657812500000003 0.6390740740740741 0.0680625 0.2096574074074074
3 0.042708333333333334 0.655425925925926 0.039765625 0.09524074074074074
3 0.023671875000000002 0.6686481481481481 0.047343750000000004 0.10317592592592593
3 0.010098958333333333 0.7083333333333334 0.020197916666666666 0.08200925925925925
5 0.23728125 0.7093611111111111 0.08294791666666666 0.2479444444444444
1 0.6562916666666666 0.7757222222222222 0.36888020833333335 0.39712037037037035
5 0.735546875 0.07978703703703705 0.009166666666666667 0.03178703703703704
5 0.745703125 0.08673148148148148 0.008989583333333334 0.035805555555555556
5 0.7264375 0.09027777777777778 0.009000000000000001 0.04413888888888889