3 0.7422604166666668 0.9462314814814814 0.10078125 0.10753703703703704
5 0.64521875 0.2516111111111111 0.00346875 0.016064814814814816
5 0.6404531250000001 0.26135185185185184 0.002901041666666667 0.030222222222222223
5 0.6673697916666667 0.2631018518518518 0.0030364583333333333 0.01237962962962963
5 0.6421770833333333 0.26493518518518516 0.004822916666666666 0.02211111111111111
5 0.6484322916666667 0.26531481481481484 0.004395833333333333 0.02362962962962963
5 0.6210625000000001 0.2892037037037037 0.00671875 0.03858333333333334
5 0.6458385416666667 0.29367592592592595 0.0073124999999999996 0.03512962962962963
5 0.6606197916666667 0.3026759259259259 0.0066302083333333334 0.04850925925925926
1 0.5557760416666666 0.3096851851851852 0.046427083333333334 0.029574074074074076
1 0.6031041666666667 0.3105185185185185 0.024614583333333332 0.023666666666666666
5 0.6665677083333333 0.31072222222222223 0.009708333333333334 0.050018518518518525
1 0.5502239583333334 0.31475000000000003 0.05830729166666667 0.027046296296296297
3 0.6905625000000001 0.31875 0.025838541666666666 0.03287037037037037
1 0.5394114583333334 0.3255462962962963 0.03668229166666667 0.032259259259259265
5 0.6257239583333334 0.32592592592592595 0.011828125 0.02272222222222222
5 0.597328125 0.3268611111111111 0.006729166666666666 0.0185
5 0.6534010416666667 0.3275740740740741 0.011333333333333334 0.0619537037037037
3 0.6975885416666666 0.3280092592592593 0.028442708333333334 0.03194444444444444
5 0.6411041666666667 0.3299074074074074 0.011213541666666667 0.05991666666666666
5 0.7120416666666666 0.33425925925925926 0.005276041666666667 0.012037037037037037
5 0.61696875 0.3403333333333333 0.007484375 0.03138888888888889
1 0.6150625000000001 0.3420185185185185 0.043130208333333336 0.0636388888888889
5 0.6253333333333334 0.34396296296296297 0.016041666666666666 0.04988888888888889
0 0.5756718749999999 0.36872222222222223 0.04673958333333333 0.08250925925925925
5 0.606765625 0.3743148148148148 0.010864583333333334 0.053287037037037036
5 0.577296875 0.38587037037037036 0.014359375 0.046935185185185184
5 0.6828645833333333 0.3898888888888889 0.013036458333333334 0.08299074074074074
5 0.6955729166666667 0.4023148148148148 0.01696354166666667 0.12016666666666667
5 0.6268802083333332 0.40237962962962964 0.020635416666666666 0.08435185185185184
5 0.7231093749999999 0.40974074074074074 0.04608333333333334 0.13924999999999998
5 0.6138333333333333 0.4318888888888889 0.022083333333333333 0.10992592592592593
5 0.5796979166666667 0.43417592592592597 0.01778645833333333 0.0728425925925926
5 0.7833854166666666 0.4456851851851852 0.016041666666666666 0.05311111111111111
5 0.5948697916666668 0.4457592592592593 0.0155625 0.1252685185185185
5 0.75684375 0.4478425925925926 0.024328125 0.07418518518518519
5 0.5659947916666667 0.4513888888888889 0.01415625 0.07263888888888889
5 0.7701510416666667 0.46025925925925926 0.023677083333333335 0.04474074074074074
5 0.6065260416666667 0.46678703703703706 0.02858854166666667 0.14721296296296296
3 0.5319479166666666 0.4704259259259259 0.025328125 0.05304629629629629
5 0.7846822916666666 0.48450925925925925 0.022859375 0.06667592592592593
5 0.67125 0.48589814814814813 0.033067708333333334 0.1675
3 0.8141927083333333 0.49822222222222223 0.0394375 0.05256481481481482
3 0.525046875 0.5032592592592593 0.03744270833333333 0.06787962962962964
3 0.8357343749999999 0.5192592592592592 0.06602604166666666 0.05430555555555555
5 0.7551302083333333 0.522611111111111 0.06019791666666666 0.13306481481481483
5 0.580203125 0.5251574074074074 0.03394791666666667 0.18678703703703703
5 0.5578697916666666 0.537787037037037 0.032421875 0.21114814814814814
5 0.7899062499999999 0.5471296296296296 0.03172916666666667 0.11298148148148147
3 0.84515625 0.5499166666666666 0.0749375 0.1015925925925926
3 0.5363958333333334 0.5563148148148148 0.09303125 0.1203425925925926
3 0.8580208333333333 0.5600555555555555 0.06733854166666667 0.08236111111111111
3 0.4779322916666667 0.5829444444444445 0.09673958333333334 0.12523148148148147
5 0.711796875 0.5886111111111112 0.04883333333333333 0.24097222222222223
3 0.8760052083333334 0.5925370370370371 0.08434895833333332 0.0625462962962963
3 0.45815104166666665 0.6001574074074074 0.10203125 0.13175925925925927
5 0.7490208333333332 0.6174537037037037 0.05084375 0.18487962962962962
3 0.81615625 0.6277129629629629 0.08259895833333333 0.1053148148148148
5 0.038848958333333336 0.6365740740740741 0.016864583333333336 0.08796296296296297
3 0.9271875 0.6368148148148148 0.07523437499999999 0.11157407407407408
3 0.44017708333333333 0.637787037037037 0.11009895833333333 0.16115740740740742
3 0.8510677083333333 0.6421944444444445 0.095828125 0.09951851851851852
3 0.42784375 0.6715462962962963 0.12008854166666666 0.16591666666666666
3 0.017812500000000002 0.6770833333333334 0.035625000000000004 0.1412037037037037
3 0.7575416666666667 0.6786388888888888 0.07534895833333333 0.15978703703703703
3 0.8672447916666666 0.6798333333333334 0.11068229166666667 0.1053148148148148
3 0.9620625 0.6826666666666666 0.075875 0.1362037037037037
3 0.36328645833333334 0.6894537037037037 0.1323125 0.17897222222222223
3 0.8218020833333333 0.7360555555555556 0.11804687500000001 0.1435648148148148
3 0.9706979166666667 0.7420648148148148 0.058609375 0.14507407407407408
3 0.8738333333333334 0.7559907407407408 0.12388020833333332 0.09278703703703703
3 0.97721875 0.7791851851851852 0.04423958333333333 0.11508333333333334
3 0.9798489583333333 0.8074814814814815 0.03980729166666667 0.09147222222222223
3 0.8720052083333333 0.8431666666666666 0.14755729166666667 0.20475925925925925
3 0.7615833333333334 0.8498148148148148 0.06657291666666666 0.2859074074074074
3 0.8719739583333334 0.9153703703703704 0.08565104166666666 0.16112037037037036