5 0.72975 0.06997916666666666 0.0042890625 0.009576388888888888
5 0.832265625 0.07011805555555556 0.006371093749999999 0.02676388888888889
5 0.7153906250000001 0.07339583333333333 0.0053203124999999995 0.031
5 0.8269492187499999 0.07850694444444445 0.0041640625 0.023555555555555555
5 0.7845 0.07957638888888889 0.0091953125 0.01998611111111111
5 0.73616015625 0.08456944444444445 0.00955859375 0.03784027777777778
3 0.8141015625 0.08546527777777778 0.01460546875 0.019625
1 0.85162890625 0.0931388888888889 0.05192187499999999 0.033541666666666664
3 0.7838984375 0.09884722222222223 0.00719140625 0.02284027777777778
3 0.6850078125 0.10485416666666668 0.007124999999999999 0.009118055555555556
3 0.6724453125000001 0.10599305555555555 0.016359375000000002 0.006840277777777778
1 0.85775 0.10705555555555556 0.06055078125 0.042819444444444445
5 0.787109375 0.10972916666666666 0.005582031249999999 0.02676388888888889
3 0.67013671875 0.11214583333333333 0.02200390625 0.010027777777777778
5 0.835578125 0.11347916666666666 0.0045625 0.04567361111111111
5 0.6111640625 0.11488194444444445 0.0112421875 0.06382638888888889
3 0.66641796875 0.11761805555555556 0.02226171875 0.012763888888888889
3 0.6570625 0.13608333333333333 0.036363281250000004 0.03236805555555555
5 0.5854804687499999 0.15509027777777779 0.0103359375 0.0648125
3 0.5805078124999999 0.16275 0.028398437500000002 0.041944444444444444
5 0.6619648437500001 0.1892361111111111 0.01356640625 0.08449305555555556
4 0.71865234375 0.19353472222222223 0.11471484375 0.17296527777777776
5 0.5932890625 0.24479166666666666 0.01944921875 0.10532638888888889
5 0.5646484375 0.2575208333333333 0.016855468749999998 0.1076388888888889
5 0.5046953125 0.2633125 0.0193359375 0.1099513888888889
5 0.4545703125 0.3234930555555555 0.028468749999999998 0.1099513888888889
5 0.28402734375 0.4513888888888889 0.033734375 0.1736111111111111
5 0.10371875 0.5005763888888889 0.036402343749999996 0.10069444444444445
5 0.14537890625 0.5231458333333333 0.031179687499999997 0.18286805555555555
5 0.1821640625 0.5237291666666667 0.034578125 0.1909722222222222
5 0.7843984374999999 0.06084027777777778 0.0073906250000000005 0.027479166666666666
3 0.79844921875 0.06369444444444444 0.010195312500000001 0.019625
2 0.735328125 0.06477083333333333 0.055374999999999994 0.03889583333333333
5 0.8085820312499999 0.06547916666666667 0.00678125 0.027479166666666666