5 0.81534375 0.07093055555555555 0.0032265625 0.015743055555555555
5 0.69025 0.08914583333333334 0.007484375 0.0176875
1 0.8499531250000001 0.09107638888888889 0.04794140625 0.03048611111111111
5 0.815703125 0.10061805555555554 0.00797265625 0.041479166666666664
5 0.68112890625 0.10192361111111112 0.00821875 0.026659722222222224
1 0.8586484375 0.10428472222222221 0.06326953125 0.03784027777777778
5 0.66832421875 0.10843055555555554 0.00658203125 0.018368055555555554
1 0.8703007812499999 0.12624305555555554 0.0377578125 0.035006944444444445
5 0.64405859375 0.12766666666666668 0.009218750000000001 0.043180555555555555
5 0.66188671875 0.13366666666666666 0.01006640625 0.043756944444444446
5 0.81768359375 0.14577777777777776 0.008847656249999999 0.026069444444444444
5 0.80749609375 0.14634722222222224 0.00971875 0.029270833333333333
3 0.5783984375 0.15005555555555555 0.023722656249999998 0.03688888888888889
5 0.7959609375000001 0.1607638888888889 0.0184921875 0.058798611111111114
5 0.6741953125 0.1644027777777778 0.015574218749999999 0.04939583333333333
5 0.8238007812499999 0.1658888888888889 0.014515624999999999 0.047625
1 0.6173320312499999 0.16725 0.07321484375000001 0.07109027777777778
5 0.59579296875 0.17336805555555557 0.0123046875 0.08454861111111112
4 0.71698046875 0.19906249999999998 0.1195078125 0.1894722222222222
5 0.8162578125 0.041305555555555554 0.002328125 0.010284722222222223
5 0.8191875 0.043479166666666666 0.0021953125 0.010902777777777777
5 0.7848124999999999 0.04745138888888889 0.00322265625 0.009208333333333334
5 0.83798046875 0.04781944444444444 0.0038281250000000004 0.013458333333333333
5 0.84223828125 0.04824305555555555 0.0043749999999999995 0.015013888888888889
5 0.79473828125 0.04954166666666667 0.002109375 0.010659722222222221
5 0.7994921875000001 0.04954166666666667 0.00208203125 0.012326388888888888
5 0.08210546875 0.4948888888888889 0.01833984375 0.09462499999999999
5 0.7884179687499999 0.05031944444444444 0.00204296875 0.007076388888888888
5 0.10954296875 0.5109861111111111 0.038546875 0.17618055555555553
5 0.74964453125 0.05559027777777777 0.0059609375 0.016131944444444445
5 0.79734375 0.05698611111111111 0.00294140625 0.017625
5 0.7729921875 0.06417361111111111 0.004148437499999999 0.03609027777777778
5 0.8127812499999999 0.06436111111111112 0.00512109375 0.019381944444444445
5 0.77699609375 0.06633333333333333 0.00472265625 0.03177083333333333