1 0.11008854166666666 0.23599074074074075 0.053036458333333335 0.04687962962962963
4 0.19639583333333333 0.25782407407407404 0.07683854166666666 0.14191666666666666
5 0.6886666666666666 0.2740740740740741 0.016619791666666668 0.04425
3 0.46927604166666664 0.27452777777777776 0.05431770833333334 0.06501851851851852
4 0.32785416666666667 0.2892314814814815 0.09197916666666667 0.22681481481481483
5 0.6620052083333333 0.3129074074074074 0.017140625 0.06412037037037037
5 0.6947604166666667 0.3129074074074074 0.015604166666666667 0.04605555555555556
3 0.5787135416666668 0.3165185185185185 0.025296875 0.06592592592592593
5 0.6734270833333333 0.3264537037037037 0.022723958333333336 0.058694444444444445
3 0.25276041666666665 0.32680555555555557 0.027848958333333333 0.08992592592592594
5 0.27993229166666667 0.3274814814814815 0.030859375 0.15031481481481482
5 0.3191822916666667 0.33083333333333337 0.023296874999999998 0.1489722222222222
5 0.6211197916666666 0.3309722222222222 0.02477604166666667 0.14719444444444443
3 0.5886145833333334 0.33367592592592593 0.026817708333333336 0.06231481481481481
3 0.6033437500000001 0.33367592592592593 0.023765625000000002 0.08940740740740741
3 0.6444791666666667 0.33729629629629626 0.03186979166666667 0.09843518518518518
2 0.8478645833333334 0.7513425925925926 0.30426562500000004 0.4596111111111111
3 0.24671354166666667 0.8368148148148148 0.10635416666666667 0.3234537037037037