5 0.10621875 0.2639351851851852 0.019255208333333333 0.12148148148148147
3 0.4711458333333333 0.27025925925925925 0.055578125 0.06447222222222222
5 0.15354166666666666 0.2734722222222222 0.03066666666666667 0.16785185185185186
4 0.32587499999999997 0.2804074074074074 0.11871354166666667 0.22183333333333335
5 0.21947916666666664 0.30860185185185185 0.020958333333333336 0.11593518518518518
5 0.674109375 0.3113611111111111 0.026640624999999998 0.07592592592592592
3 0.5685364583333333 0.3248333333333333 0.04249479166666667 0.09564814814814815
3 0.2547447916666667 0.3283148148148148 0.03730208333333333 0.0837962962962963
3 0.5813229166666667 0.32949074074074075 0.041609375 0.09964814814814815
3 0.59703125 0.334 0.04248958333333333 0.09773148148148147
3 0.6171875 0.3374166666666667 0.04832291666666667 0.10073148148148149
3 0.6356666666666667 0.34125 0.04797916666666667 0.10293518518518519
3 0.6497447916666667 0.3586574074074074 0.03858333333333333 0.08962037037037038
3 0.6782864583333333 0.3672685185185185 0.061796875 0.09972222222222223
3 0.6894739583333334 0.37351851851851847 0.06225520833333333 0.10492592592592592
3 0.7191927083333333 0.3845925925925926 0.04711979166666667 0.1142962962962963
3 0.7466458333333333 0.39622222222222225 0.055984374999999996 0.1126388888888889
5 0.49234374999999997 0.39675 0.045307291666666666 0.22196296296296297
5 0.866296875 0.4003148148148148 0.03105208333333333 0.12735185185185185
3 0.770875 0.40237962962962964 0.05219791666666666 0.12501851851851853
5 0.8178958333333333 0.40429629629629626 0.03853645833333333 0.20012962962962963
3 0.8782031250000001 0.4208055555555556 0.06325520833333334 0.06787962962962964
3 0.9056927083333334 0.42166666666666663 0.031656250000000004 0.07177777777777777
3 0.7981510416666667 0.42200925925925925 0.035953125 0.11274074074074074
3 0.8188541666666667 0.43257407407407406 0.060432291666666665 0.1241111111111111
5 0.9361093749999999 0.4726296296296296 0.041859375000000004 0.20589814814814816
3 0.9540104166666666 0.48581481481481475 0.02033333333333333 0.15451851851851853
3 0.8736666666666667 0.4973611111111111 0.10891666666666668 0.1411388888888889
3 0.9738177083333334 0.4991481481481482 0.03143229166666667 0.15485185185185185
3 0.993875 0.5504629629629629 0.01225 0.14401851851851852
3 0.24792708333333333 0.8452685185185185 0.10408333333333333 0.307