3 0.7288177083333333 0.9456018518518519 0.07648958333333335 0.1087962962962963
5 0.6452708333333333 0.28235185185185185 0.008114583333333333 0.034722222222222224
5 0.6528645833333333 0.2841666666666666 0.008541666666666666 0.03747222222222222
5 0.6377708333333333 0.29139814814814813 0.007869791666666666 0.04133333333333333
5 0.6733177083333334 0.2981111111111111 0.007583333333333333 0.04000925925925926
1 0.6064635416666667 0.30247222222222225 0.022515624999999997 0.02623148148148148
3 0.6809322916666667 0.32587037037037037 0.005239583333333334 0.018000000000000002
3 0.705234375 0.3271574074074074 0.01623958333333333 0.023666666666666666
1 0.5391979166666666 0.32731481481481484 0.035520833333333335 0.032407407407407406
5 0.6893125 0.34887962962962965 0.012046875 0.07605555555555556
5 0.618109375 0.3520092592592593 0.015442708333333333 0.05260185185185185
5 0.6314947916666667 0.3583611111111111 0.016927083333333332 0.08037962962962963
0 0.5753281250000001 0.3624351851851852 0.05340104166666667 0.10317592592592593
0 0.7238333333333333 0.41203703703703703 0.047953125 0.14417592592592593
5 0.66596875 0.4159537037037037 0.0240625 0.12535185185185185
5 0.5881458333333334 0.41864814814814816 0.025359375 0.06928703703703704
3 0.7644166666666667 0.4349166666666667 0.05456770833333333 0.010916666666666667
3 0.7669895833333332 0.44466666666666665 0.05933854166666667 0.015435185185185187
5 0.6197395833333333 0.445712962962963 0.023510416666666666 0.13542592592592592
3 0.7695989583333334 0.45078703703703704 0.060203125 0.02237962962962963
3 0.7815520833333333 0.46114814814814814 0.05809895833333333 0.02149074074074074
3 0.779296875 0.4702962962962963 0.062000000000000006 0.013333333333333334
3 0.5808229166666667 0.47376851851851853 0.06411458333333334 0.0787037037037037
3 0.7786770833333333 0.4802685185185186 0.06224479166666667 0.022712962962962963
3 0.5504479166666666 0.4837962962962963 0.07107291666666667 0.03395370370370371
3 0.7816666666666666 0.4938796296296296 0.06729166666666667 0.02413888888888889
3 0.5491458333333333 0.5 0.07714583333333333 0.046296296296296294
3 0.7961718750000001 0.5042962962962962 0.07249479166666667 0.026453703703703705
3 0.8358385416666666 0.5273888888888889 0.06980208333333333 0.04089814814814815
3 0.443703125 0.5462962962962963 0.032921875 0.058638888888888886
3 0.8642604166666668 0.5489999999999999 0.07890625 0.047064814814814816
3 0.797 0.5559444444444444 0.061572916666666665 0.059416666666666666
3 0.7523072916666667 0.5609537037037038 0.03902083333333333 0.10493518518518519
3 0.41875 0.5613425925925926 0.038572916666666665 0.06712962962962964
3 0.875390625 0.5769444444444445 0.08094270833333334 0.02623148148148148
3 0.39596875 0.5983796296296297 0.02859895833333333 0.051694444444444446
3 0.9243645833333333 0.6095648148148148 0.07236979166666666 0.05400925925925926
3 0.8124322916666666 0.617287037037037 0.09330729166666667 0.06481481481481481
3 0.38142708333333336 0.6338703703703704 0.03685416666666667 0.06712962962962964
3 0.848234375 0.6501944444444445 0.08963541666666666 0.042222222222222223
3 0.7455416666666667 0.6547037037037038 0.07149479166666667 0.15354629629629632
3 0.9638385416666666 0.6631944444444444 0.07232812500000001 0.08256481481481481
3 0.019765625000000002 0.6747685185185185 0.039531250000000004 0.13194444444444445
3 0.35291666666666666 0.6929074074074074 0.096953125 0.12653703703703703
3 0.825203125 0.7143888888888889 0.11363541666666667 0.09104629629629629
3 0.9701302083333334 0.7388148148148148 0.05973958333333333 0.11034259259259259
2 0.5546770833333333 0.7592592592592593 0.3129895833333334 0.48148148148148145
3 0.8740208333333332 0.7622962962962962 0.12880208333333334 0.06338888888888888
3 0.976640625 0.7712222222222221 0.04671875 0.09953703703703703
3 0.9794635416666666 0.7986111111111112 0.041078125 0.0787037037037037
3 0.8682239583333333 0.8494814814814815 0.15341145833333333 0.1881574074074074
3 0.7661510416666667 0.8549351851851852 0.071921875 0.2638888888888889