5 0.22107812500000001 0.19622222222222221 0.009250000000000001 0.03489814814814814
5 0.14737499999999998 0.2140277777777778 0.007625000000000001 0.04487037037037037
5 0.15658854166666666 0.21687962962962962 0.007625000000000001 0.043444444444444445
5 0.23830208333333333 0.22008333333333333 0.008364583333333333 0.03988888888888889
5 0.24510937500000002 0.2293425925925926 0.0075625 0.037037037037037035
1 0.40757812499999996 0.2738055555555555 0.09438541666666667 0.08465740740740742
5 0.5385104166666667 0.2757962962962963 0.016968749999999998 0.08862037037037036
5 0.5180572916666667 0.28637962962962965 0.017718750000000002 0.10978703703703703
5 0.659765625 0.2910092592592593 0.019890625 0.0661388888888889
5 0.6065781250000001 0.2943148148148148 0.022145833333333333 0.10978703703703703
5 0.46064583333333337 0.2951388888888889 0.021911458333333335 0.13657407407407407
5 0.426796875 0.2962962962962963 0.02713541666666667 0.1388888888888889
3 0.5681770833333334 0.2973240740740741 0.03640625 0.02675
5 0.25031770833333333 0.3101851851851852 0.02278125 0.1303425925925926
5 0.22147916666666667 0.31124999999999997 0.021270833333333336 0.10683333333333334
5 0.20084895833333333 0.3133888888888889 0.015255208333333332 0.09259259259259259
5 0.6266614583333333 0.3194444444444444 0.022135416666666668 0.11508333333333334
3 0.5739635416666666 0.3220185185185185 0.04450520833333334 0.02675
5 0.48408333333333337 0.3263888888888889 0.024963541666666665 0.1712962962962963
5 0.3330364583333333 0.3269259259259259 0.021713541666666666 0.11680555555555557
3 0.585828125 0.33641666666666664 0.03466145833333333 0.04526851851851852
3 0.6735625 0.37394444444444447 0.05194791666666666 0.08386111111111111
3 0.6917083333333333 0.3905740740740741 0.05546875 0.08053703703703705
3 0.7187604166666667 0.3981388888888889 0.03838020833333333 0.0892037037037037
3 0.7477135416666666 0.4014351851851852 0.044598958333333334 0.10535185185185185
3 0.7670260416666667 0.4105740740740741 0.042421875000000005 0.10973148148148149
3 0.8284479166666666 0.41512037037037036 0.04634375 0.04937962962962963
3 0.800875 0.43006481481481484 0.04501041666666667 0.09778703703703703
5 0.8564427083333332 0.4386574074074074 0.046760416666666665 0.1674351851851852
3 0.8959270833333334 0.44289814814814815 0.023317708333333336 0.061731481481481484
5 0.5491614583333334 0.4479166666666667 0.050515624999999995 0.2337962962962963
3 0.9189270833333333 0.4895740740740741 0.03372395833333333 0.12267592592592594
3 0.9475677083333333 0.49575925925925923 0.029369791666666666 0.11650925925925926
3 0.975796875 0.5023148148148148 0.020729166666666667 0.12962962962962962
3 0.8488385416666666 0.5120277777777777 0.10534895833333334 0.12590740740740738
3 0.9944375 0.5223796296296296 0.011130208333333334 0.10339814814814816
5 0.10980208333333333 0.5451388888888888 0.05460416666666667 0.2847222222222222
3 0.1449375 0.7956203703703704 0.18997395833333333 0.27642592592592596