3 0.7313229166666667 0.9444444444444444 0.06903125 0.1111111111111111
5 0.639328125 0.2502407407407407 0.0021458333333333334 0.015111111111111112
5 0.6449479166666666 0.26169444444444445 0.004708333333333333 0.019490740740740743
5 0.6398802083333333 0.27997222222222223 0.00771875 0.01998148148148148
5 0.6803020833333334 0.28094444444444444 0.00240625 0.005361111111111111
5 0.6726302083333333 0.2841111111111111 0.0058125 0.017546296296296296
5 0.678796875 0.28899074074074077 0.0049947916666666665 0.022416666666666668
5 0.6550885416666666 0.289962962962963 0.008546875 0.040935185185185186
5 0.647140625 0.29020370370370374 0.0069010416666666664 0.03947222222222223
5 0.6290520833333333 0.2919074074074074 0.007989583333333333 0.03606481481481482
5 0.5639583333333333 0.2977592592592592 0.009302083333333332 0.02826851851851852
5 0.5906822916666666 0.299462962962963 0.008520833333333333 0.021925925925925925
5 0.5909583333333334 0.30287962962962967 0.007973958333333333 0.021925925925925925
5 0.6731770833333334 0.3062870370370371 0.009104166666666667 0.03752777777777778
1 0.6057604166666667 0.3106759259259259 0.02168229166666667 0.020953703703703704
5 0.6387708333333334 0.3129074074074074 0.01240625 0.05431481481481481
5 0.5919166666666666 0.3140833333333333 0.009291666666666667 0.020953703703703704
1 0.5520364583333334 0.32139814814814816 0.06060416666666667 0.04044444444444444
5 0.7042864583333334 0.3279722222222222 0.008838541666666666 0.02047222222222222
5 0.6114010416666668 0.3320740740740741 0.015078125 0.041249999999999995
5 0.6511875 0.33623148148148146 0.015447916666666667 0.061342592592592594
5 0.54465625 0.33837962962962964 0.013213541666666667 0.04713888888888888
5 0.6968854166666667 0.3384537037037037 0.007192708333333334 0.027777777777777776
5 0.6256041666666667 0.3425925925925926 0.013182291666666667 0.05218518518518518
5 0.6698697916666667 0.35606481481481483 0.017427083333333333 0.07744444444444444
0 0.5760989583333332 0.36321296296296296 0.04863541666666667 0.0867037037037037
5 0.6876197916666666 0.36658333333333337 0.017890625 0.05639814814814814
5 0.5756614583333334 0.38341666666666663 0.018406250000000002 0.04798148148148148
5 0.6317239583333334 0.4019351851851852 0.016895833333333332 0.09343518518518518
0 0.72028125 0.40656481481481477 0.052911458333333335 0.15319444444444444
5 0.7562916666666666 0.43687037037037035 0.015083333333333334 0.05555555555555555
5 0.780671875 0.44023148148148145 0.024067708333333333 0.04713888888888888
5 0.5846197916666667 0.4499166666666667 0.024015625 0.1119537037037037
5 0.6062708333333333 0.46817592592592594 0.02197395833333333 0.14699074074074073
1 0.6690781250000001 0.4832222222222222 0.09290104166666667 0.16550925925925927
5 0.5730208333333333 0.48652777777777784 0.017864583333333333 0.11952777777777777
5 0.7581822916666667 0.49115740740740743 0.02549479166666667 0.06986111111111111
3 0.8194895833333333 0.5012592592592593 0.030682291666666663 0.02946296296296296
3 0.5270989583333333 0.5058888888888889 0.04155208333333334 0.05892592592592592
3 0.8360520833333334 0.5239907407407407 0.06002604166666667 0.031148148148148147
3 0.5192864583333333 0.5345092592592593 0.05717708333333334 0.050509259259259254
5 0.561359375 0.5393518518518519 0.044125 0.2013888888888889
5 0.7849270833333333 0.54125 0.03542708333333333 0.1111111111111111
3 0.846703125 0.5425092592592592 0.069015625 0.036194444444444446
3 0.8618541666666667 0.5631296296296295 0.06427604166666666 0.031990740740740736
3 0.4740729166666667 0.5681851851851851 0.09269791666666666 0.05724074074074074
3 0.8767656250000001 0.579962962962963 0.07421354166666667 0.03872222222222222
3 0.4565572916666667 0.5972222222222222 0.10690625 0.06818518518518518
3 0.8140364583333334 0.6174259259259259 0.08322916666666667 0.05471296296296296
3 0.92459375 0.6186851851851851 0.07706770833333333 0.042083333333333334
3 0.4433020833333333 0.6292129629629629 0.103125 0.06481481481481481
5 0.039515625000000006 0.6342592592592593 0.01559375 0.10185185185185185
5 0.7406874999999999 0.6481481481481481 0.04340625 0.26851851851851855
3 0.7820885416666666 0.6515185185185185 0.03827083333333334 0.06228703703703704
3 0.9612604166666666 0.6578240740740741 0.07747916666666667 0.05976851851851851
3 0.017161458333333334 0.6689814814814815 0.03432291666666667 0.1388888888888889
3 0.4232135416666667 0.6867314814814814 0.119484375 0.16358333333333333
3 0.8263437499999999 0.7079166666666666 0.109734375 0.06902777777777777
3 0.359859375 0.7114166666666667 0.13166145833333334 0.1512314814814815
3 0.9723854166666667 0.7445277777777778 0.05522916666666667 0.12374074074074073
3 0.8725 0.7571574074074074 0.108296875 0.06818518518518518
3 0.9785416666666666 0.7815648148148149 0.04291666666666667 0.12878703703703703
3 0.8689479166666667 0.820287037037037 0.12770833333333334 0.07660185185185185
3 0.7600729166666667 0.830388888888889 0.061473958333333335 0.2230648148148148