5 0.6382187500000001 0.26851851851851855 0.008458333333333333 0.027777777777777776
1 0.651671875 0.2908981481481482 0.020177083333333335 0.03549074074074074
5 0.6984427083333333 0.2930277777777778 0.004510416666666667 0.020694444444444446
5 0.7022708333333333 0.2938425925925926 0.0048125 0.017972222222222223
5 0.7060989583333334 0.2954814814814815 0.004505208333333333 0.014703703703703705
5 0.7131458333333334 0.29684259259259255 0.005729166666666666 0.014157407407407407
5 0.6929270833333334 0.30691666666666667 0.0069635416666666665 0.031046296296296298
3 0.6803697916666667 0.30937037037037035 0.011255208333333332 0.023962962962962964
3 0.6866510416666666 0.3248888888888889 0.007885416666666667 0.014703703703703705
2 0.5555416666666667 0.3257037037037037 0.07409895833333334 0.05446296296296296
2 0.7045677083333334 0.33061111111111113 0.03636458333333333 0.051194444444444445
3 0.605171875 0.3523981481481481 0.014041666666666668 0.017425925925925925
5 0.6369166666666667 0.3541666666666667 0.020609375 0.07562037037037037
1 0.7244739583333334 0.3586574074074074 0.060859375 0.07025925925925926
3 0.6181875 0.3635648148148148 0.010666666666666666 0.03866666666666666
3 0.6062447916666667 0.36846296296296294 0.013734375 0.02124074074074074
3 0.629828125 0.36900925925925926 0.013114583333333334 0.05065740740740741
0 0.5754531249999999 0.38180555555555556 0.04652604166666666 0.11220370370370371
3 0.6137447916666667 0.39924074074074073 0.02384375 0.04139814814814815
0 0.7247812499999999 0.40767592592592594 0.04738020833333333 0.13998148148148148
3 0.568375 0.4337962962962963 0.025953125 0.032407407407407406
3 0.7621354166666666 0.43542592592592594 0.05203125 0.026805555555555555
3 0.7693958333333334 0.4541944444444444 0.05065625 0.026314814814814815
5 0.6729322916666667 0.4660462962962963 0.029270833333333336 0.16358333333333333
3 0.5845104166666667 0.47175925925925927 0.0665625 0.062037037037037036
3 0.7757343750000001 0.4777777777777778 0.06384895833333333 0.020990740740740744
3 0.5511874999999999 0.4842592592592593 0.06449479166666666 0.027777777777777776
3 0.7975208333333333 0.4987685185185185 0.064359375 0.03641666666666667
3 0.5481041666666666 0.5014444444444444 0.07448958333333335 0.032990740740740744
3 0.753 0.5053981481481482 0.016645833333333335 0.029935185185185183
3 0.8317395833333333 0.5226296296296297 0.063421875 0.04184259259259259
3 0.547453125 0.5292222222222221 0.08555729166666667 0.06655555555555555
3 0.8496770833333334 0.5312037037037037 0.0665 0.03635185185185185
3 0.7793802083333333 0.5336388888888889 0.049958333333333334 0.04136111111111111
3 0.8571979166666667 0.5486944444444445 0.06533854166666667 0.02262962962962963
3 0.534109375 0.5567129629629629 0.087515625 0.09953703703703703
3 0.7965416666666666 0.5610462962962962 0.05861458333333334 0.06036111111111111
3 0.8638489583333333 0.5677314814814814 0.07709895833333333 0.034638888888888886
3 0.7514375 0.5736111111111111 0.035041666666666665 0.07932407407407407
3 0.47615104166666666 0.5816018518518519 0.09139583333333333 0.10648148148148148
3 0.8700260416666666 0.5989351851851852 0.06321354166666666 0.03532407407407407
3 0.4460520833333333 0.6006944444444444 0.10930208333333334 0.05324074074074074
3 0.9205677083333333 0.6157407407407407 0.061677083333333334 0.048351851851851854
3 0.8127395833333334 0.6191666666666668 0.08367708333333333 0.06344444444444444
3 0.44100520833333334 0.6386018518518519 0.10052083333333334 0.08159259259259259
3 0.7481822916666666 0.6392777777777777 0.07070833333333333 0.11187962962962963
3 0.8544947916666668 0.6483240740740741 0.09504166666666666 0.05589814814814815
3 0.019114583333333334 0.6666666666666666 0.03822916666666667 0.14351851851851852
3 0.961078125 0.6762685185185185 0.07363541666666666 0.08573148148148148
3 0.42342708333333334 0.6828703703703703 0.11484895833333333 0.12962962962962962
5 0.2641614583333333 0.7025462962962963 0.0450625 0.2816388888888889
3 0.36030729166666664 0.7046296296296296 0.12441145833333334 0.15555555555555556
3 0.8682916666666666 0.7097037037037037 0.09678645833333334 0.05452777777777778
3 0.9694687500000001 0.7222222222222222 0.05454166666666667 0.06378703703703703
3 0.9775729166666667 0.7424537037037037 0.039109375 0.042527777777777775
3 0.8694479166666667 0.7623425925925926 0.10797395833333333 0.06584259259259259
3 0.7616354166666667 0.7862685185185185 0.060286458333333334 0.25925925925925924
3 0.9757395833333333 0.8012685185185185 0.04740104166666667 0.07922222222222222
3 0.871375 0.8287037037037037 0.12918749999999998 0.09842592592592592