5 0.42177604166666666 0.2662037037037037 0.021302083333333333 0.062037037037037036
4 0.3178697916666666 0.27685185185185185 0.11453645833333333 0.2388888888888889
5 0.5117499999999999 0.30169444444444443 0.02919270833333333 0.1373425925925926
5 0.39963541666666663 0.3074074074074074 0.03222916666666667 0.09074074074074075
3 0.23686458333333332 0.30972222222222223 0.0410625 0.08611111111111111
3 0.53971875 0.31666666666666665 0.0446875 0.07592592592592592
5 0.6043125 0.3189814814814815 0.024916666666666667 0.15648148148148147
5 0.45118749999999996 0.3226851851851852 0.042625 0.11388888888888889
5 0.6308697916666667 0.3236111111111111 0.02490625 0.1675925925925926
3 0.561328125 0.3263888888888889 0.042078125 0.06944444444444445
3 0.577734375 0.3402777777777778 0.03530208333333333 0.07314814814814814
3 0.7129270833333333 0.39675925925925926 0.025479166666666667 0.08611111111111111
3 0.7334947916666666 0.40185185185185185 0.03328125 0.09444444444444444
3 0.778015625 0.41944444444444445 0.06503125 0.1
3 0.7931197916666667 0.4324074074074074 0.028572916666666667 0.10740740740740741
3 0.8155104166666667 0.44675925925925924 0.020234375000000002 0.11388888888888889
5 0.6837239583333333 0.4513888888888889 0.038947916666666665 0.2324074074074074
3 0.8556041666666666 0.45231481481481484 0.06395833333333333 0.10648148148148148
5 0.6482239583333332 0.46141666666666664 0.051270833333333335 0.23765740740740743
3 0.884765625 0.462037037037037 0.038953125000000005 0.11851851851851852
3 0.9204375 0.48703703703703705 0.03633854166666666 0.14074074074074075
3 0.894140625 0.4898148148148148 0.032703125 0.1037037037037037
3 0.94621875 0.49444444444444446 0.032677083333333336 0.14074074074074075
3 0.9766770833333334 0.5018518518518519 0.025901041666666666 0.15925925925925927
3 0.9930625000000001 0.5342592592592592 0.013875 0.1
5 0.034088541666666666 0.7002314814814815 0.06817708333333333 0.17824074074074073
3 0.148953125 0.7843333333333333 0.19248958333333333 0.2970648148148148