5 0.738671875 0.09524074074074074 0.011036458333333334 0.039685185185185184
3 0.720625 0.09635185185185186 0.021744791666666666 0.029518518518518517
3 0.7121666666666666 0.1076388888888889 0.026302083333333334 0.027777777777777776
3 0.7108645833333332 0.11892592592592592 0.011984375 0.029518518518518517
3 0.7022395833333334 0.12731481481481483 0.010364583333333333 0.03009259259259259
0 0.6724635416666668 0.1289722222222222 0.060161458333333334 0.09656481481481483
0 0.7550364583333333 0.13558333333333333 0.034833333333333334 0.08862037037037036
5 0.7148697916666666 0.1587314814814815 0.017 0.04762037037037037
3 0.7542916666666667 0.17857407407407408 0.031859375 0.02910185185185185
1 0.5728697916666667 0.18253703703703703 0.08379687499999999 0.12037037037037036
5 0.65721875 0.18981481481481483 0.021833333333333333 0.09722222222222222
3 0.7334635416666667 0.19378703703703704 0.03484375 0.027777777777777776
5 0.624671875 0.19907407407407407 0.024447916666666666 0.08796296296296297
3 0.4964427083333333 0.20717592592592593 0.02840625 0.05787037037037037
3 0.7090156249999999 0.223 0.019505208333333336 0.04364814814814815
5 0.38058333333333333 0.28455555555555556 0.02696875 0.10019444444444443
3 0.41758854166666665 0.2860462962962963 0.0440625 0.0787037037037037
2 0.6865833333333333 0.30026851851851855 0.18661979166666667 0.20635185185185187
5 0.6657708333333333 0.3568148148148148 0.03224479166666667 0.18452777777777776
5 0.6101614583333334 0.36226851851851855 0.040078125 0.1749351851851852
5 0.225015625 0.4375 0.02721875 0.10648148148148148
5 0.19832812500000002 0.44212962962962965 0.02332291666666667 0.09722222222222222
5 0.2556041666666667 0.4479166666666667 0.033713541666666666 0.08564814814814815
5 0.16838541666666668 0.45601851851851855 0.03635416666666667 0.1111111111111111
3 0.23868229166666666 0.46412037037037035 0.028515625 0.0625
3 0.209390625 0.4826388888888889 0.040239583333333336 0.0763888888888889
5 0.10980208333333333 0.5185185185185185 0.025963541666666666 0.10185185185185185
3 0.16252604166666668 0.5243055555555556 0.040265625 0.12268518518518519
5 0.335453125 0.5285462962962963 0.05450520833333334 0.2098796296296296
5 0.06619270833333334 0.6157407407407407 0.03509375 0.08796296296296297
3 0.5299427083333333 0.6256574074074075 0.12036458333333333 0.15079629629629632
3 0.7341354166666666 0.06741666666666667 0.005140624999999999 0.009842592592592594
3 0.017791666666666664 0.6747685185185185 0.035578125 0.10416666666666667
3 0.650453125 0.7136203703703704 0.14560937499999999 0.16799074074074075
3 0.7279479166666667 0.08651851851851852 0.01816145833333333 0.023731481481481482