3 0.7396770833333334 0.09589814814814814 0.009348958333333332 0.0202962962962963
3 0.7339687500000001 0.10276851851851851 0.007880208333333335 0.02487037037037037
3 0.7162031249999999 0.11095370370370371 0.03678125 0.04516666666666667
3 0.7056197916666667 0.11324074074074074 0.022614583333333334 0.013092592592592593
3 0.7200729166666666 0.12257407407407407 0.011380208333333334 0.03371296296296296
3 0.7127083333333334 0.12878703703703703 0.010645833333333334 0.021277777777777777
3 0.7002864583333334 0.1355 0.01046875 0.03337962962962963
0 0.6705520833333334 0.13680555555555557 0.05115104166666666 0.0864074074074074
5 0.65390625 0.1388888888888889 0.009895833333333333 0.044444444444444446
5 0.57578125 0.1398148148148148 0.016145833333333335 0.06111111111111111
0 0.7570625 0.14155555555555555 0.0408125 0.09131481481481482
5 0.6796875 0.14351851851851852 0.020833333333333332 0.09444444444444444
5 0.6361979166666667 0.1439814814814815 0.0171875 0.049074074074074076
5 0.7559635416666667 0.16233333333333333 0.010260416666666666 0.01375
5 0.6205729166666667 0.1625 0.0140625 0.08611111111111111
5 0.6059895833333333 0.16342592592592592 0.018229166666666668 0.08981481481481482
3 0.7261458333333334 0.17100925925925925 0.016526041666666668 0.05596296296296296
3 0.74390625 0.17346296296296296 0.038796874999999995 0.006546296296296297
3 0.5675260416666668 0.1791759259259259 0.016046875 0.020166666666666666
5 0.6625 0.18425925925925926 0.015625 0.05555555555555555
3 0.7560520833333333 0.1878611111111111 0.021854166666666668 0.026185185185185186
3 0.48552083333333335 0.19081481481481483 0.030161458333333332 0.03878703703703704
5 0.65 0.19398148148148148 0.017708333333333333 0.075
3 0.7319427083333333 0.19637962962962963 0.015239583333333334 0.034694444444444444
5 0.5875 0.19722222222222222 0.01875 0.06296296296296296
5 0.6346354166666667 0.19953703703703704 0.022395833333333334 0.06388888888888888
3 0.5681770833333334 0.20128703703703701 0.025208333333333333 0.033351851851851855
3 0.6004010416666666 0.20177777777777778 0.013578125 0.043527777777777776
3 0.498390625 0.21020370370370373 0.03758333333333333 0.06670370370370371
3 0.67359375 0.21192592592592593 0.03480729166666666 0.04418518518518518
3 0.5535677083333332 0.2164074074074074 0.030015625 0.04809259259259259
3 0.6999166666666666 0.21699074074074073 0.0484375 0.051055555555555555
3 0.5398229166666667 0.23114814814814813 0.040921874999999996 0.04188888888888889
3 0.5308802083333333 0.2346388888888889 0.037875 0.028703703703703703
1 0.7291770833333333 0.2470462962962963 0.10044270833333332 0.06903703703703704
3 0.5191041666666666 0.2629444444444445 0.04049479166666667 0.060500000000000005
3 0.459125 0.2652777777777778 0.018265625 0.021722222222222223
3 0.4990364583333333 0.28350000000000003 0.035265624999999995 0.051972222222222225
3 0.41179166666666667 0.2869907407407407 0.04402083333333333 0.051194444444444445
3 0.48878645833333334 0.2924259259259259 0.013895833333333333 0.04499074074074074
5 0.478125 0.29259259259259257 0.03229166666666667 0.1111111111111111
1 0.6052916666666667 0.2990185185185185 0.14838541666666666 0.1497037037037037
3 0.45497916666666666 0.299787037037037 0.030921874999999998 0.051972222222222225
1 0.6949427083333333 0.30483333333333335 0.17590104166666667 0.09307407407407407
3 0.42814583333333334 0.32655555555555554 0.0496875 0.05274074074074074
5 0.3812083333333333 0.33325925925925926 0.033171874999999997 0.12179629629629629
5 0.23958333333333334 0.362962962962963 0.03229166666666667 0.12222222222222222
5 0.403125 0.40555555555555556 0.034375 0.1259259259259259
1 0.670078125 0.4312685185185185 0.229109375 0.23269444444444445
5 0.36380208333333336 0.4361111111111111 0.0578125 0.1388888888888889
1 0.48903645833333337 0.4510462962962963 0.160125 0.2055462962962963
3 0.23400520833333335 0.4683703703703703 0.045432291666666666 0.08166666666666667
3 0.21644791666666666 0.4786574074074075 0.04351041666666667 0.08852777777777777
3 0.20370833333333332 0.49993518518518515 0.053546875 0.08166666666666667
5 0.73125 0.5027777777777778 0.046875 0.18333333333333332
3 0.18383333333333332 0.5205185185185185 0.04390625 0.09538888888888888
3 0.16318229166666667 0.5345925925925926 0.04507291666666667 0.0850925925925926
3 0.1411875 0.5599814814814814 0.045078125 0.0878425925925926
3 0.12246874999999999 0.577824074074074 0.050104166666666665 0.08372222222222223
3 0.10316666666666667 0.6001296296296296 0.04779166666666667 0.09401851851851853
3 0.085609375 0.6155648148148147 0.038921875 0.08098148148148147
3 0.06766145833333333 0.6296388888888889 0.040859375 0.08852777777777777
3 0.042770833333333334 0.6543425925925926 0.035078124999999995 0.09401851851851853
3 0.023276041666666667 0.673212962962963 0.037015624999999996 0.09744444444444444
3 0.00771875 0.7095833333333333 0.0154375 0.06587962962962964
3 0.742984375 0.07249074074074074 0.025177083333333336 0.019314814814814816
3 0.7318489583333334 0.07363888888888889 0.02315625 0.01375
1 0.655265625 0.7779814814814815 0.3678177083333333 0.39558333333333334
3 0.72540625 0.08035185185185185 0.01984375 0.008833333333333332
3 0.7201614583333333 0.08378703703703703 0.01819270833333333 0.013092592592592593
3 0.7174010416666667 0.08803703703703704 0.019666666666666666 0.01636111111111111
3 0.7155625000000001 0.0916388888888889 0.021135416666666667 0.01636111111111111