3 0.7167760416666666 0.10032407407407407 0.024333333333333332 0.02426851851851852
3 0.7158385416666667 0.1090462962962963 0.027104166666666665 0.02775925925925926
3 0.7103437499999999 0.1213425925925926 0.02422916666666667 0.02912037037037037
3 0.707296875 0.12281481481481481 0.01991666666666667 0.02889814814814815
3 0.7003177083333333 0.12653703703703703 0.016614583333333332 0.04537962962962963
0 0.6692083333333334 0.13237962962962962 0.053807291666666666 0.08199074074074074
0 0.7547499999999999 0.1392685185185185 0.037578125000000004 0.09575925925925927
3 0.7169791666666666 0.16825925925925925 0.02815625 0.03040740740740741
3 0.7493020833333334 0.17544444444444443 0.04016666666666667 0.032749999999999994
5 0.6410260416666667 0.17963888888888888 0.019973958333333333 0.08512037037037037
1 0.5908593750000001 0.1821388888888889 0.12172395833333334 0.12142592592592591
3 0.732484375 0.1832962962962963 0.03096875 0.027064814814814816
3 0.7172604166666667 0.19214814814814815 0.043000000000000003 0.027398148148148147
3 0.6730989583333333 0.20350925925925925 0.017083333333333332 0.043444444444444445
3 0.7257187500000001 0.20936111111111114 0.043375000000000004 0.038425925925925926
5 0.6493020833333334 0.21124074074074073 0.017505208333333334 0.07448148148148148
3 0.6839062499999999 0.22607407407407407 0.029296875 0.03976851851851852
3 0.6576875 0.23810185185185184 0.02159895833333333 0.024398148148148148
3 0.40582812500000004 0.27312962962962967 0.0230625 0.04241666666666667
2 0.4614739583333333 0.27635185185185185 0.118453125 0.15939814814814815
5 0.37525000000000003 0.28509259259259256 0.023791666666666666 0.10385185185185185
2 0.6797708333333333 0.3078333333333333 0.20077083333333334 0.20437037037037037
5 0.25000520833333334 0.3791759259259259 0.025197916666666667 0.07712037037037038
5 0.229765625 0.4280185185185185 0.026651041666666667 0.08225925925925927
5 0.25433854166666664 0.4472962962962963 0.028088541666666668 0.06426851851851852
5 0.20627083333333335 0.4537222222222222 0.024494791666666668 0.09768518518518518
3 0.238078125 0.46978703703703706 0.027375 0.09125925925925926
3 0.20699479166666668 0.47750000000000004 0.04184375 0.08612037037037037
3 0.161453125 0.5231296296296296 0.036078124999999996 0.10539814814814814
5 0.7650833333333333 0.5295555555555556 0.04170833333333333 0.2596388888888889
5 0.086640625 0.5372685185185185 0.029604166666666668 0.11053703703703703
5 0.06350520833333334 0.5610462962962962 0.03539583333333333 0.11696296296296296
3 0.119890625 0.5629722222222222 0.031036458333333336 0.12338888888888888
3 0.528703125 0.615037037037037 0.12131770833333334 0.1580925925925926
3 0.040338541666666665 0.6452407407407408 0.032442708333333334 0.10025925925925926
3 0.014677083333333334 0.6645185185185185 0.025947916666666668 0.10539814814814814
3 0.6519427083333333 0.716574074074074 0.15234895833333334 0.19151851851851853
3 0.7358020833333333 0.0756111111111111 0.01765625 0.020333333333333335
3 0.7291666666666666 0.0826574074074074 0.022567708333333332 0.022425925925925926
3 0.7239947916666666 0.09119444444444444 0.02322916666666667 0.023592592592592592