3 0.7134843750000001 0.11258333333333334 0.019130208333333332 0.050083333333333334
3 0.7114739583333333 0.12668518518518518 0.009901041666666667 0.030305555555555554
3 0.7029947916666667 0.12777777777777777 0.01603125 0.04814814814814815
0 0.7545468750000001 0.1300925925925926 0.03683854166666667 0.075
0 0.6719791666666667 0.13194444444444445 0.05191666666666667 0.09351851851851851
5 0.7279895833333333 0.1375 0.017062499999999998 0.05092592592592592
3 0.6332135416666667 0.1625 0.03480208333333333 0.03425925925925926
3 0.6201927083333333 0.17037037037037037 0.03897395833333333 0.03518518518518519
3 0.6017083333333333 0.17916666666666667 0.03429166666666667 0.04722222222222222
3 0.7446510416666666 0.18472222222222223 0.046218749999999996 0.03981481481481482
3 0.7092395833333334 0.18703703703703703 0.023317708333333336 0.06111111111111111
3 0.5647083333333334 0.2 0.02695833333333333 0.037037037037037035
3 0.492328125 0.20185185185185187 0.03740104166666667 0.07592592592592592
5 0.587359375 0.225 0.020182291666666668 0.07222222222222222
3 0.5410416666666666 0.2351851851851852 0.04420833333333333 0.05
3 0.5144583333333334 0.2518518518518518 0.04311979166666667 0.05555555555555555
1 0.637109375 0.26435185185185184 0.12592708333333333 0.15833333333333333
3 0.4733177083333333 0.2689814814814815 0.051468749999999994 0.03796296296296296
3 0.41265104166666666 0.2791666666666667 0.038473958333333336 0.04351851851851852
1 0.69646875 0.300462962962963 0.16756770833333334 0.09537037037037037
3 0.4662864583333333 0.3013888888888889 0.04678645833333333 0.06759259259259259
3 0.4275572916666667 0.3194444444444444 0.062203125000000005 0.08950925925925926
1 0.3320885416666667 0.38425925925925924 0.10389583333333333 0.19444444444444445
1 0.6644791666666666 0.42592592592592593 0.23395833333333332 0.23456481481481484
3 0.23303645833333334 0.45396296296296296 0.046953125000000005 0.06924074074074074
3 0.20691666666666667 0.46002777777777776 0.03845833333333334 0.06265740740740741
3 0.17445833333333333 0.5159444444444444 0.037078124999999997 0.10781481481481481
3 0.22707291666666668 0.5277777777777778 0.09525520833333333 0.12345370370370372
3 0.16169791666666666 0.528962962962963 0.044895833333333336 0.10051851851851852
3 0.13956249999999998 0.5576666666666666 0.057921875 0.09311111111111112
3 0.11838541666666667 0.5691388888888889 0.05827604166666667 0.08641666666666667
3 0.09261458333333333 0.5726851851851852 0.034854166666666665 0.049074074074074076
5 0.06058854166666667 0.6162037037037037 0.04163541666666667 0.1787037037037037
3 0.10990625000000001 0.6527777777777778 0.09009375 0.13271296296296298
5 0.0348125 0.6550925925925926 0.04841666666666666 0.17314814814814813
3 0.009364583333333334 0.7052499999999999 0.018723958333333336 0.08127777777777778
3 0.023057291666666667 0.706787037037037 0.021427083333333333 0.061731481481481484
3 0.7295833333333334 0.07470370370370372 0.017234375000000003 0.01725925925925926
1 0.6549166666666667 0.7839537037037037 0.37108854166666666 0.43209259259259264
3 0.72709375 0.08375 0.024098958333333333 0.025249999999999998
3 0.720234375 0.08649074074074074 0.021260416666666667 0.031564814814814816
3 0.74615625 0.08880555555555555 0.014489583333333333 0.030305555555555554