3 0.7030520833333332 0.09462037037037037 0.00678125 0.01562962962962963
0 0.668546875 0.1099537037037037 0.048453125 0.034722222222222224
5 0.6940989583333333 0.11169444444444444 0.010364583333333333 0.03356481481481482
5 0.71671875 0.11921296296296297 0.01003125 0.04282407407407408
0 0.75284375 0.12760185185185186 0.03084375 0.06308333333333332
5 0.6084270833333334 0.13310185185185186 0.009078125 0.02700925925925926
5 0.6893541666666666 0.1388888888888889 0.015552083333333333 0.05092592592592592
5 0.7310416666666666 0.14091666666666666 0.010026041666666667 0.026046296296296297
5 0.6743854166666666 0.14699074074074073 0.012520833333333333 0.04552777777777778
5 0.64921875 0.1473796296296296 0.013401041666666667 0.061731481481481484
5 0.6600677083333333 0.16049074074074074 0.009057291666666667 0.024694444444444446
3 0.6996302083333333 0.16290740740740742 0.02077604166666667 0.019101851851851852
5 0.6242656249999999 0.16358333333333333 0.012979166666666668 0.06481481481481481
3 0.6356822916666667 0.1695648148148148 0.02372916666666667 0.03587962962962963
5 0.6631041666666667 0.17284259259259258 0.009057291666666667 0.02623148148148148
3 0.7155781250000001 0.18547222222222223 0.03053125 0.020259259259259258
5 0.6194947916666667 0.18557407407407406 0.015583333333333334 0.09182407407407407
5 0.6902239583333334 0.18711111111111112 0.011213541666666667 0.04089814814814815
3 0.49297916666666663 0.18796296296296297 0.017651041666666666 0.024074074074074074
5 0.5999635416666667 0.19289814814814815 0.015588541666666667 0.09722222222222222
3 0.7424322916666667 0.19415740740740742 0.007416666666666667 0.021416666666666667
5 0.5721927083333332 0.19714814814814813 0.012130208333333333 0.07947222222222222
5 0.529015625 0.2152777777777778 0.009109375 0.05555555555555555
3 0.7292500000000001 0.2152777777777778 0.009697916666666667 0.019675925925925927
5 0.67803125 0.2162685185185185 0.017734375 0.07275
3 0.49332291666666667 0.21666666666666667 0.02528645833333333 0.040740740740740744
3 0.7111875 0.21730555555555556 0.02305208333333333 0.021416666666666667
3 0.5845833333333333 0.22280555555555556 0.017244791666666665 0.04398148148148148
3 0.5530781250000001 0.2234537037037037 0.03316145833333333 0.07715740740740741
5 0.660921875 0.2301574074074074 0.01922916666666667 0.1111111111111111
3 0.5495625000000001 0.24437037037037038 0.025963541666666666 0.045518518518518514
3 0.5345 0.2537037037037037 0.03889583333333334 0.04691666666666667
1 0.7307604166666667 0.2569444444444444 0.09600520833333334 0.05555555555555555
3 0.5195729166666667 0.268212962962963 0.037515625000000004 0.049074074074074076
3 0.49441145833333333 0.28372222222222226 0.044119791666666665 0.05014814814814814
3 0.40942708333333333 0.28511111111111115 0.04249479166666667 0.06558333333333333
3 0.47110416666666666 0.29174999999999995 0.044041666666666666 0.056324074074074075
3 0.4641614583333334 0.30315740740740743 0.044046875 0.055712962962962964
1 0.6962552083333333 0.3101851851851852 0.17543229166666666 0.05555555555555555
3 0.45231770833333335 0.3169722222222222 0.046046875 0.054935185185185184
5 0.38773958333333336 0.3784722222222222 0.024546875000000003 0.12268518518518519
5 0.29466145833333335 0.4131944444444444 0.03109375 0.1087962962962963
1 0.6692135416666667 0.42824074074074076 0.2295104166666667 0.21296296296296297
3 0.300328125 0.4606388888888889 0.051619791666666665 0.11606481481481482
1 0.46908854166666664 0.47092592592592597 0.17161979166666666 0.2109351851851852
3 0.23632291666666666 0.4723888888888889 0.045953125000000004 0.0711574074074074
3 0.21822916666666667 0.48656481481481484 0.039765625 0.07594444444444444
3 0.20424479166666665 0.506212962962963 0.046906250000000003 0.06744444444444445
3 0.18525520833333334 0.5145925925925926 0.04440625 0.09651851851851852
3 0.15783333333333335 0.5216203703703703 0.025406250000000002 0.04598148148148148
3 0.14346874999999998 0.5554907407407407 0.04147395833333333 0.09582407407407408
5 0.18595833333333334 0.5664259259259259 0.032442708333333334 0.12177777777777779
3 0.1254375 0.5783148148148148 0.04417708333333333 0.0834537037037037
3 0.105015625 0.6048333333333333 0.04396354166666667 0.08339814814814814
3 0.08247916666666667 0.6109444444444445 0.046140625000000005 0.09281481481481481
5 0.24063541666666666 0.6145833333333334 0.04804166666666666 0.17824074074074073
3 0.06916666666666667 0.6315462962962963 0.03571354166666666 0.0778888888888889
5 0.17879687500000002 0.634962962962963 0.054572916666666665 0.1819537037037037
3 0.04306770833333333 0.6586388888888889 0.030807291666666667 0.08779629629629629
3 0.027651041666666668 0.6762777777777778 0.03428125 0.0822962962962963
5 0.24692708333333335 0.710388888888889 0.07882291666666667 0.2230648148148148
3 0.008536458333333333 0.7114074074074075 0.016729166666666666 0.06759259259259259
3 0.7203020833333333 0.07175925925925926 0.010677083333333334 0.010416666666666666
5 0.08957812500000001 0.7232222222222222 0.06433333333333333 0.17792592592592593
5 0.742265625 0.07581481481481481 0.008390625 0.02199074074074074
3 0.7079322916666667 0.07812962962962963 0.004828125 0.016203703703703703
1 0.652625 0.7781481481481481 0.36421354166666664 0.40202777777777776
5 0.7492656249999999 0.07899074074074074 0.006760416666666667 0.027203703703703702
5 0.7349479166666666 0.07957407407407407 0.010671874999999999 0.03414814814814815
5 0.7163958333333333 0.08738888888888889 0.009380208333333334 0.017361111111111112
5 0.04188541666666667 0.8746111111111111 0.07849479166666667 0.20910185185185187