4 0.12242708333333334 0.20644444444444446 0.030697916666666665 0.07189814814814816
5 0.1538125 0.21182407407407408 0.010130208333333333 0.031185185185185184
5 0.145234375 0.2126388888888889 0.0056770833333333335 0.03609259259259259
5 0.13981770833333332 0.21482407407407406 0.0057083333333333335 0.036537037037037035
3 0.15419791666666666 0.2272685185185185 0.006661458333333333 0.01950925925925926
4 0.19246354166666665 0.24209259259259258 0.07839062499999999 0.1484351851851852
4 0.3281875 0.2865185185185185 0.10803645833333334 0.24025925925925928
5 0.03169270833333333 0.3113425925925926 0.023489583333333335 0.2013888888888889
5 0.2689791666666667 0.33091666666666664 0.04394791666666666 0.14459259259259258
3 0.618984375 0.3340092592592593 0.0453125 0.08937037037037036
3 0.6306822916666667 0.3445740740740741 0.04844791666666667 0.09490740740740741
3 0.6720468749999999 0.3486944444444444 0.03257291666666667 0.09148148148148148
3 0.7172135416666666 0.3884074074074074 0.0658125 0.10627777777777778
5 0.7825572916666667 0.42550000000000004 0.03556770833333334 0.0904537037037037
3 0.8266041666666666 0.43212962962962964 0.06255208333333333 0.11672222222222223
5 0.8678385416666666 0.4552407407407408 0.037875 0.08827777777777777
5 0.5842552083333333 0.4616203703703704 0.046031249999999996 0.24126851851851852
5 0.9786770833333333 0.46596296296296297 0.028380208333333334 0.1855925925925926
5 0.9103385416666666 0.4668611111111111 0.034265625 0.09380555555555556
5 0.6464479166666667 0.4688425925925926 0.060859375 0.24651851851851853
3 0.9947812500000001 0.5322129629629629 0.010437499999999999 0.10063888888888889