5 0.6558385416666667 0.29953703703703705 0.014427083333333333 0.02546296296296296
3 0.6554427083333334 0.32407407407407407 0.011192708333333332 0.03009259259259259
5 0.61834375 0.3263888888888889 0.012359375 0.0712962962962963
2 0.5596979166666666 0.33310185185185187 0.06822395833333333 0.05694444444444444
1 0.690984375 0.34305555555555556 0.04618229166666667 0.10648148148148148
0 0.7313437500000001 0.3699074074074074 0.0373125 0.11388888888888889
5 0.5870989583333334 0.3819444444444444 0.023828125 0.09537037037037037
5 0.7026822916666667 0.38349074074074074 0.025651041666666666 0.10571296296296297
3 0.570171875 0.38657407407407407 0.022880208333333332 0.04861111111111111
3 0.5994635416666667 0.3923611111111111 0.010958333333333332 0.046296296296296294
5 0.6404114583333332 0.39891666666666664 0.044760416666666664 0.11265740740740741
3 0.7670781249999999 0.43703703703703706 0.05461979166666667 0.024074074074074074
3 0.5753802083333334 0.45925925925925926 0.051432291666666664 0.053703703703703705
3 0.7777552083333333 0.46296296296296297 0.05096875 0.03148148148148148
3 0.5566354166666667 0.49074074074074076 0.07643229166666667 0.046296296296296294
3 0.7816614583333333 0.49212962962962964 0.06398958333333334 0.030555555555555555
3 0.5488229166666667 0.5152777777777777 0.0826875 0.05462962962962963
5 0.62565625 0.5194814814814814 0.03261979166666667 0.18325925925925926
3 0.8355572916666667 0.5217592592592593 0.06553125 0.03425925925925926
3 0.7735885416666667 0.5273148148148148 0.052015625 0.041666666666666664
3 0.8602916666666667 0.5578703703703703 0.065 0.03611111111111111
3 0.5342395833333333 0.5625 0.08789583333333333 0.09907407407407408
3 0.474875 0.5666666666666667 0.09416666666666668 0.05555555555555555
3 0.7983229166666667 0.5689814814814815 0.057734375 0.06018518518518518
3 0.45430729166666667 0.587037037037037 0.10823437500000001 0.04814814814814815
3 0.8699270833333334 0.6023148148148149 0.059265625 0.05277777777777778
3 0.918875 0.6268518518518519 0.07278645833333333 0.06111111111111111
3 0.43659895833333334 0.6370370370370371 0.10407812500000001 0.09444444444444444
3 0.8089947916666667 0.6393518518518518 0.085328125 0.09166666666666666
3 0.8503958333333334 0.6476851851851851 0.09416666666666668 0.05277777777777778
3 0.020947916666666667 0.6660925925925926 0.041901041666666666 0.14930555555555555
3 0.42494791666666665 0.6674351851851852 0.119484375 0.17824074074074073
3 0.9662604166666667 0.6754629629629629 0.06547916666666667 0.08611111111111111
3 0.8665364583333334 0.6851851851851852 0.09415625 0.046296296296296294
3 0.3612708333333333 0.6890462962962962 0.13708333333333333 0.17900925925925928
3 0.869140625 0.7143518518518519 0.10665625 0.0712962962962963
3 0.8748645833333334 0.7972222222222223 0.1389375 0.1537037037037037