5 0.477390625 0.23726851851851852 0.012911458333333332 0.04398148148148148
4 0.19255729166666666 0.24537037037037038 0.07865625000000001 0.1712962962962963
5 0.26851041666666664 0.25386111111111115 0.020765625 0.09722222222222222
5 0.47641666666666665 0.255212962962963 0.016166666666666666 0.06828703703703703
1 0.419078125 0.26002777777777775 0.09273958333333333 0.10030555555555555
5 0.5581041666666666 0.2772037037037037 0.0206875 0.05439814814814815
4 0.33098958333333334 0.2824074074074074 0.09884895833333333 0.2530833333333333
5 0.654765625 0.29282407407407407 0.014791666666666667 0.08796296296296297
5 0.6183125 0.2951388888888889 0.014807291666666667 0.08101851851851852
5 0.4015625 0.30092592592592593 0.022703125 0.08333333333333333
5 0.63165625 0.3055555555555556 0.016755208333333334 0.09722222222222222
3 0.5289635416666667 0.3123240740740741 0.030395833333333334 0.04914814814814815
5 0.4370364583333333 0.3130833333333333 0.0194375 0.09606481481481481
3 0.5565989583333334 0.3148148148148148 0.031984374999999995 0.061250000000000006
5 0.23422395833333332 0.32349074074074075 0.020057291666666664 0.07523148148148148
3 0.5920520833333334 0.3276388888888889 0.03797916666666667 0.052703703703703704
3 0.6138802083333333 0.3343981481481481 0.03836979166666667 0.0690925925925926
3 0.6441250000000001 0.3543425925925926 0.033953125 0.05484259259259259
3 0.67015625 0.3728611111111111 0.05156770833333334 0.08618518518518518
3 0.7070052083333334 0.37428703703703703 0.042744791666666664 0.08333333333333333
3 0.7361562500000001 0.38930555555555557 0.028791666666666667 0.08333333333333333
5 0.5665677083333333 0.4010462962962963 0.025890625 0.2025462962962963
2 0.8506979166666666 0.45875 0.21999479166666666 0.33164814814814814
5 0.5372708333333333 0.48553703703703704 0.038921875 0.27662037037037035
3 0.9769322916666667 0.4873703703703704 0.020755208333333334 0.14310185185185187
5 0.6137552083333334 0.5248888888888888 0.046052083333333334 0.3159722222222222
3 0.14496874999999998 0.7928240740740741 0.20058333333333334 0.2800925925925926
5 0.20688020833333332 0.831787037037037 0.09369270833333333 0.32099074074074074
3 0.20270833333333332 0.08449074074074074 0.40541666666666665 0.16898148148148148