5 0.40341666666666665 0.9416666666666667 0.07275000000000001 0.11666666666666667
3 0.7460989583333333 0.9477222222222222 0.09647395833333333 0.10455555555555555
5 0.6572708333333334 0.2723425925925926 0.004875 0.021435185185185186
5 0.6697760416666667 0.27770370370370373 0.004869791666666666 0.025805555555555557
5 0.6472239583333333 0.27988888888888885 0.0057708333333333335 0.033351851851851855
5 0.6644166666666667 0.2896111111111111 0.005317708333333334 0.03612962962962963
5 0.6232187499999999 0.2917962962962963 0.009130208333333334 0.03573148148148148
5 0.6568229166666666 0.2917962962962963 0.006213541666666667 0.03493518518518518
1 0.5544427083333333 0.3144259259259259 0.06675 0.026203703703703705
5 0.64175 0.3239537037037037 0.00465625 0.015083333333333332
1 0.5512135416666666 0.3261388888888889 0.059848958333333334 0.03374074074074074
5 0.6709999999999999 0.33288888888888885 0.00821875 0.062333333333333324
1 0.6093697916666667 0.33367592592592593 0.0399375 0.04565740740740741
5 0.6494583333333334 0.33705555555555555 0.011197916666666667 0.06431481481481481
5 0.6646354166666666 0.33705555555555555 0.009786458333333333 0.06272222222222222
5 0.6264583333333333 0.35094444444444445 0.011135416666666667 0.07781481481481482
5 0.7614322916666667 0.35253703703703704 0.010427083333333333 0.033351851851851855
5 0.7817500000000001 0.35432407407407407 0.010869791666666666 0.062333333333333324
5 0.6388489583333333 0.3571018518518519 0.009567708333333334 0.07582407407407407
0 0.5764322916666667 0.36583333333333334 0.046864583333333334 0.07741666666666666
5 0.6951145833333333 0.39262962962962966 0.015359375 0.08892592592592594
0 0.7242604166666666 0.4073240740740741 0.045510416666666664 0.13815740740740742
5 0.5842968749999999 0.41908333333333336 0.017302083333333333 0.07079629629629629
5 0.7368489583333333 0.4413518518518519 0.016015625 0.07537037037037038
5 0.6184947916666667 0.4442037037037037 0.02853125 0.12903703703703706
5 0.7806822916666667 0.45705555555555555 0.017713541666666666 0.07479629629629629
3 0.581234375 0.47105555555555556 0.065171875 0.08793518518518519
3 0.5513750000000001 0.47437962962962965 0.072625 0.052759259259259256
5 0.7578802083333334 0.4944537037037037 0.029817708333333335 0.10049074074074074
3 0.5436302083333333 0.49594444444444447 0.08699479166666667 0.06802777777777777
3 0.8060885416666667 0.500212962962963 0.05780208333333334 0.056657407407407406
3 0.8403125 0.5194722222222222 0.07836979166666666 0.057101851851851855
3 0.5070677083333334 0.5250925925925927 0.03171875 0.057388888888888885
5 0.7289791666666667 0.5329907407407407 0.03625 0.17186111111111113
3 0.870203125 0.5508981481481482 0.08296875000000001 0.04293518518518518
3 0.4534114583333333 0.551962962962963 0.046234375 0.06451851851851853
3 0.42527604166666666 0.5658703703703704 0.04058854166666667 0.0651111111111111
3 0.7953749999999999 0.5692685185185185 0.07265625 0.06816666666666667
3 0.876796875 0.58875 0.08222395833333333 0.07702777777777778
3 0.813171875 0.6144259259259259 0.08832812500000001 0.08675925925925926
3 0.9237395833333333 0.6223888888888889 0.0679375 0.08411111111111111
3 0.377328125 0.6345277777777777 0.047901041666666665 0.09115740740740741
3 0.8555104166666666 0.6354537037037037 0.08734895833333334 0.0845462962962963
3 0.019765625000000002 0.6643518518518519 0.039531250000000004 0.1527777777777778
3 0.9618177083333334 0.6679907407407407 0.07636458333333333 0.10712962962962963
3 0.7471979166666666 0.6803796296296296 0.0664375 0.1779537037037037
3 0.8623541666666666 0.6814907407407408 0.11497916666666666 0.11022222222222222
3 0.35185937500000003 0.687212962962963 0.1055 0.1716574074074074
3 0.8276197916666667 0.7297407407407407 0.11523958333333333 0.14475000000000002
3 0.9705312500000001 0.74125 0.05893229166666667 0.1474074074074074
3 0.9777552083333333 0.7454537037037038 0.04448958333333333 0.04780555555555556
3 0.87853125 0.7536481481481482 0.13389583333333333 0.0934074074074074
2 0.5563385416666667 0.7595277777777777 0.31384375000000003 0.4809444444444444
3 0.9811145833333333 0.803 0.03777083333333333 0.07437037037037036
3 0.8736302083333333 0.846111111111111 0.15472395833333333 0.1882037037037037
3 0.7647552083333333 0.8589629629629629 0.06102604166666667 0.2686296296296296