3 0.7280260416666666 0.9417962962962962 0.06910416666666667 0.1164074074074074
5 0.5753958333333333 0.246962962962963 0.0069791666666666665 0.025314814814814814
5 0.6441979166666666 0.2528888888888889 0.0037500000000000003 0.01976851851851852
5 0.6734114583333334 0.25389814814814815 0.0036145833333333334 0.02612037037037037
5 0.6489427083333333 0.2567407407407407 0.002932291666666667 0.020731481481481483
5 0.5504427083333333 0.25727777777777777 0.010723958333333334 0.0380462962962963
5 0.66534375 0.26614814814814813 0.005364583333333334 0.02507407407407407
5 0.6185416666666667 0.28750925925925924 0.007093749999999999 0.029574074074074076
5 0.629234375 0.2880833333333333 0.006875 0.03611111111111111
1 0.6057083333333334 0.29812037037037037 0.019765625000000002 0.015018518518518518
3 0.6888385416666666 0.3022314814814815 0.020078125 0.005611111111111111
3 0.6912552083333333 0.3092685185185185 0.020515625 0.004824074074074074
1 0.556640625 0.31227777777777777 0.05942708333333333 0.03755555555555556
1 0.6066822916666667 0.3125648148148148 0.0308125 0.016175925925925923
3 0.6872708333333333 0.3187129629629629 0.017848958333333335 0.011722222222222222
1 0.55225 0.3206574074074074 0.06235416666666667 0.03928703703703704
3 0.6936718749999999 0.32096296296296295 0.019494791666666667 0.01262037037037037
5 0.6599114583333333 0.32687962962962963 0.012473958333333333 0.05762037037037037
3 0.6989375 0.32828703703703704 0.019364583333333334 0.016453703703703703
5 0.6252604166666667 0.3286759259259259 0.005296875 0.0185
1 0.54153125 0.3290370370370371 0.039614583333333335 0.03871296296296296
1 0.6099270833333333 0.33019444444444446 0.030161458333333332 0.04217592592592592
5 0.63275 0.3307037037037037 0.007572916666666666 0.025268518518518517
5 0.6171458333333334 0.3376944444444444 0.006817708333333334 0.03023148148148148
3 0.6965885416666667 0.3545462962962963 0.011635416666666667 0.015324074074074075
5 0.6247552083333333 0.3636388888888889 0.013411458333333333 0.06857407407407408
3 0.60440625 0.3655 0.012166666666666666 0.03216666666666667
0 0.5758125 0.3657222222222222 0.043171875 0.08435185185185184
5 0.6402760416666666 0.3663703703703704 0.015520833333333334 0.08177777777777777
3 0.6993802083333333 0.3746111111111111 0.00859375 0.01848148148148148
5 0.68471875 0.38725000000000004 0.013421875 0.0901111111111111
3 0.6178906249999999 0.3954259259259259 0.00896875 0.0435
0 0.724546875 0.40876851851851853 0.047880208333333334 0.13720370370370372
3 0.5834947916666666 0.4093333333333333 0.037656249999999995 0.020685185185185185
3 0.5885104166666667 0.4250185185185185 0.04527604166666667 0.008555555555555556
3 0.5888072916666667 0.4314444444444444 0.046677083333333334 0.011407407407407408
3 0.7584895833333333 0.4341574074074074 0.041854166666666665 0.012277777777777778
3 0.5833958333333332 0.4430277777777778 0.04628125 0.013907407407407407
5 0.5787604166666667 0.4432962962962963 0.020817708333333334 0.08867592592592592
3 0.7665416666666667 0.44746296296296295 0.04507291666666667 0.011870370370370371
5 0.6342291666666667 0.4548611111111111 0.030661458333333332 0.14275
3 0.7748281250000001 0.4572777777777778 0.04092708333333333 0.0135
3 0.5802864583333334 0.46049999999999996 0.05971354166666667 0.02388888888888889
3 0.7760937499999999 0.47303703703703703 0.046218749999999996 0.011453703703703704
3 0.5533125 0.4818981481481482 0.05872395833333333 0.02674074074074074
3 0.7768958333333333 0.48960185185185184 0.06716145833333333 0.020046296296296295
3 0.5490885416666667 0.5073425925925925 0.063234375 0.023925925925925927
3 0.7957656249999999 0.5100648148148148 0.05841145833333334 0.03232407407407407
3 0.8337395833333333 0.5184537037037037 0.056093750000000005 0.027824074074074074
3 0.5055364583333334 0.527074074074074 0.01815625 0.018055555555555554
3 0.842984375 0.5355833333333333 0.05353125 0.025898148148148146
3 0.8567708333333334 0.5513148148148148 0.060807291666666666 0.02312962962962963
3 0.43728645833333335 0.5523333333333333 0.026583333333333334 0.05689814814814815
3 0.7973802083333333 0.5648981481481482 0.05196354166666666 0.06997222222222221
3 0.754 0.565712962962963 0.0264375 0.08142592592592593
3 0.868609375 0.5723518518518519 0.069921875 0.02636111111111111
3 0.41271354166666663 0.572675925925926 0.029859375 0.0653888888888889
3 0.87784375 0.5982592592592593 0.060296875 0.03191666666666666
3 0.392578125 0.60225 0.020640625000000003 0.04723148148148148
3 0.8100885416666667 0.6112037037037037 0.06942708333333333 0.05596296296296296
3 0.9207656249999999 0.6216111111111111 0.053515625 0.033296296296296296
3 0.7509635416666666 0.640287037037037 0.061000000000000006 0.10851851851851853
3 0.38548958333333333 0.6411111111111111 0.03280729166666667 0.06699074074074074
3 0.8498854166666666 0.6514444444444444 0.06316666666666666 0.030064814814814815
3 0.9617447916666666 0.6565277777777777 0.06730729166666666 0.052259259259259255
3 0.02041666666666667 0.6736111111111112 0.04083333333333334 0.14351851851851852
3 0.35039583333333335 0.6888055555555556 0.10295312499999999 0.17169444444444446
3 0.863390625 0.6920925925925926 0.10390625 0.05531481481481482
3 0.8228177083333333 0.7215 0.09129166666666667 0.09451851851851852
3 0.9717187500000001 0.7224351851851852 0.05655729166666667 0.07955555555555556
2 0.55425 0.7527037037037037 0.319453125 0.4945925925925926
3 0.8598333333333333 0.7593055555555556 0.101515625 0.05250925925925926
3 0.9742447916666667 0.7624444444444445 0.03247395833333334 0.05503703703703704
3 0.9786666666666667 0.8043055555555555 0.030395833333333334 0.06197222222222223
3 0.8686875000000001 0.8398240740740741 0.13261458333333334 0.12672222222222224
3 0.7654583333333334 0.8556851851851852 0.07714583333333333 0.2746759259259259
3 0.8745989583333333 0.9143888888888888 0.07748437500000001 0.1428333333333333