1 0.80969140625 0.08216666666666667 0.02309765625 0.03997222222222222
3 0.72226953125 0.08279861111111111 0.020273437499999998 0.010784722222222222
5 0.79042578125 0.08945833333333333 0.01026171875 0.04060416666666666
1 0.84912890625 0.08945833333333333 0.0493515625 0.017763888888888888
3 0.72083984375 0.09009722222222223 0.025984374999999997 0.013958333333333335
3 0.7083515625000001 0.09802777777777777 0.02884375 0.01586111111111111
3 0.6905117187500001 0.10183333333333332 0.00815234375 0.010784722222222222
1 0.8583945312499999 0.10183333333333332 0.0619765625 0.02347222222222222
5 0.81005078125 0.10278472222222222 0.00882421875 0.04568055555555556
3 0.6703476562499999 0.11135416666666666 0.0206484375 0.01332638888888889
4 0.75580859375 0.11896527777777778 0.048097656249999995 0.09707638888888888
3 0.66695703125 0.12150000000000001 0.02814453125 0.01332638888888889
1 0.87070703125 0.1253125 0.0430625 0.02854861111111111
3 0.659109375 0.1319722222222222 0.0367109375 0.035527777777777776
5 0.7939921875 0.16211111111111112 0.025246093749999997 0.03870138888888889
3 0.5829257812499999 0.1640138888888889 0.02924609375 0.04631944444444445
5 0.819328125 0.16686805555555556 0.01738671875 0.04822222222222222
4 0.70798828125 0.19478472222222223 0.09878125 0.17511805555555554
5 0.09239453125 0.49189583333333337 0.038859375 0.09490972222222221
5 0.8225546874999999 0.5069444444444444 0.055632812499999997 0.14814583333333334
5 0.77179296875 0.5219930555555555 0.035476562499999996 0.13194444444444445
3 0.7270859375 0.06725694444444444 0.0170625 0.019034722222222224