5 0.16611718749999999 0.2251388888888889 0.00621875 0.03051388888888889
5 0.22272656249999997 0.2303888888888889 0.01146875 0.04084722222222222
3 0.22238281249999997 0.24061111111111114 0.010781250000000001 0.0335
5 0.1045859375 0.25416666666666665 0.006234375 0.03795833333333333
5 0.15230468749999998 0.25863888888888886 0.0078984375 0.048374999999999994
2 0.3189375 0.27725 0.061578125 0.09154166666666666
5 0.2833515625 0.3055277777777778 0.0129375 0.058791666666666666
5 0.25949218749999997 0.3118472222222222 0.01378125 0.04465277777777778
4 0.6317734374999999 0.3194444444444444 0.36803125 0.4365138888888889
2 0.3931640625 0.3234166666666667 0.10696093749999999 0.12301388888888888
5 0.29674999999999996 0.3431111111111111 0.013015625 0.11015277777777778
5 0.2737265625 0.35241666666666666 0.0188046875 0.08409722222222221
2 0.9763984375 0.7148055555555555 0.047195312499999996 0.254125