5 0.6400520833333334 0.2513796296296296 0.002984375 0.02263888888888889
5 0.6652604166666667 0.2682962962962963 0.0040260416666666665 0.024981481481481483
5 0.6601510416666667 0.28444444444444444 0.006223958333333333 0.03189814814814815
5 0.6916458333333334 0.2879907407407407 0.006921874999999999 0.02847222222222222
5 0.6854270833333334 0.29248148148148145 0.005296875 0.01225
5 0.6847552083333334 0.29859259259259263 0.005520833333333333 0.016314814814814817
5 0.6985989583333333 0.3038888888888889 0.005572916666666666 0.020194444444444442
5 0.6892916666666667 0.3043518518518518 0.0073750000000000005 0.019018518518518518
2 0.5951302083333334 0.3045277777777778 0.02627604166666667 0.03086111111111111
3 0.6653749999999999 0.3180462962962963 0.013348958333333332 0.028935185185185185
1 0.5494114583333333 0.31833333333333336 0.056854166666666664 0.03439814814814815
1 0.5559270833333334 0.3207592592592593 0.05011979166666667 0.0509537037037037
5 0.7318593750000001 0.32260185185185186 0.008046875 0.03523148148148148
5 0.5448802083333334 0.3250925925925926 0.013140625 0.029166666666666667
3 0.6734166666666667 0.32522222222222225 0.01573958333333333 0.04111111111111111
1 0.5491614583333334 0.32810185185185187 0.05616666666666667 0.03771296296296296
3 0.68403125 0.3301574074074074 0.007395833333333333 0.024453703703703703
3 0.7017864583333334 0.33066666666666666 0.028958333333333332 0.029361111111111112
1 0.6040260416666666 0.34025925925925926 0.040755208333333334 0.05642592592592592
0 0.5765 0.3688518518518519 0.045723958333333335 0.08444444444444445
5 0.69628125 0.36974999999999997 0.011286458333333334 0.0913888888888889
5 0.6034895833333334 0.3790185185185185 0.012046875 0.08175
3 0.5681979166666667 0.403537037037037 0.0584375 0.044620370370370366
0 0.723125 0.4086944444444444 0.04629166666666666 0.1397037037037037
3 0.5710156249999999 0.41810185185185184 0.05191666666666667 0.05792592592592593
3 0.5933802083333333 0.42768518518518517 0.05641145833333334 0.04457407407407407
3 0.764453125 0.4411851851851852 0.05120833333333333 0.052111111111111115
3 0.7679166666666667 0.4542037037037037 0.057791666666666665 0.053731481481481484
3 0.7766302083333334 0.4631296296296296 0.05455208333333333 0.050694444444444445
3 0.580328125 0.47058333333333335 0.06641145833333334 0.09037037037037036
3 0.7908333333333334 0.4753981481481481 0.026536458333333336 0.04136111111111111
3 0.5548020833333334 0.4807777777777778 0.07024479166666667 0.07367592592592592
3 0.8091302083333333 0.501074074074074 0.030614583333333334 0.043731481481481475
3 0.831984375 0.5085092592592593 0.064140625 0.03778703703703704
3 0.8303906249999999 0.522537037037037 0.07307812500000001 0.059666666666666666
3 0.5470989583333333 0.5299444444444444 0.08305729166666667 0.13330555555555557
3 0.5271250000000001 0.5551944444444444 0.09982291666666666 0.13739814814814813
3 0.8589687500000001 0.5567962962962963 0.06654687499999999 0.07981481481481481
3 0.8116822916666667 0.5610462962962962 0.038098958333333335 0.06872222222222223
3 0.8715364583333333 0.5624351851851851 0.07751041666666666 0.06982407407407407
5 0.12672916666666667 0.5729166666666666 0.05477083333333333 0.11342592592592593
3 0.47642708333333333 0.579962962962963 0.09919270833333332 0.12346296296296297
3 0.8826197916666667 0.5973333333333334 0.06545833333333334 0.08791666666666667
3 0.46963020833333335 0.611824074074074 0.10171875000000001 0.15455555555555556
3 0.4354791666666667 0.6324722222222222 0.127609375 0.17222222222222222
3 0.831375 0.6333981481481482 0.08604687500000001 0.12650925925925927
3 0.9217916666666667 0.6477962962962963 0.093984375 0.13499074074074074
3 0.36402604166666663 0.6888888888888889 0.13169270833333332 0.19003703703703703
3 0.8611562500000001 0.7114722222222222 0.10916145833333334 0.16847222222222222
2 0.64609375 0.7334722222222222 0.2969791666666667 0.5330462962962963
3 0.8720416666666666 0.7507222222222222 0.11929166666666666 0.17838888888888887
3 0.9798125 0.7846018518518518 0.04036979166666667 0.126
3 0.8983541666666667 0.8031851851851852 0.13776041666666666 0.16441666666666666
3 0.980328125 0.8070555555555555 0.038625 0.09331481481481482