3 0.7079166666666666 0.09907407407407408 0.01003125 0.024074074074074074
5 0.72575 0.11133333333333333 0.016307291666666664 0.04111111111111111
3 0.7124322916666667 0.12562037037037035 0.010718749999999999 0.03395370370370371
3 0.7014947916666666 0.12962962962962962 0.010380208333333333 0.04321296296296297
0 0.6699427083333334 0.13753703703703704 0.05198958333333333 0.09403703703703704
0 0.7553645833333333 0.1391574074074074 0.037453125 0.0897037037037037
3 0.7292291666666666 0.14227777777777778 0.023286458333333333 0.04281481481481482
5 0.6502916666666666 0.15987037037037036 0.018994791666666667 0.07422222222222222
3 0.654546875 0.16883333333333334 0.03430208333333333 0.04661111111111112
3 0.6352552083333334 0.1701851851851852 0.03569270833333334 0.05637037037037037
3 0.621234375 0.17967592592592593 0.033859375000000004 0.061250000000000006
3 0.7453854166666667 0.18725925925925926 0.04554166666666667 0.05257407407407407
3 0.6021041666666667 0.18942592592592594 0.033703124999999994 0.06341666666666666
3 0.590359375 0.1962037037037037 0.030973958333333333 0.06503703703703703
3 0.6894427083333333 0.19864814814814813 0.04951041666666667 0.042277777777777775
3 0.5749635416666667 0.20514814814814816 0.03889583333333334 0.0682962962962963
3 0.49440625 0.2073148148148148 0.035656249999999994 0.07316666666666666
5 0.6957291666666666 0.21325 0.016760416666666667 0.06223148148148148
3 0.5589635416666667 0.2211388888888889 0.046510416666666665 0.05907407407407407
3 0.6949322916666667 0.23211111111111113 0.058046875000000005 0.08427777777777777
3 0.5383854166666667 0.23821296296296296 0.04284895833333333 0.07154629629629629
1 0.7312031250000001 0.24808333333333335 0.09979687500000001 0.06908333333333333
3 0.5274114583333334 0.2510833333333333 0.0440625 0.06368518518518519
3 0.515140625 0.2573148148148148 0.045432291666666666 0.07994444444444444
3 0.4915 0.27140740740740743 0.04302083333333333 0.07289814814814816
3 0.4141458333333333 0.2829259259259259 0.04251041666666667 0.07046296296296296
3 0.4713854166666666 0.284962962962963 0.0460625 0.07614814814814815
3 0.4637604166666666 0.2964722222222222 0.049104166666666664 0.07371296296296297
1 0.6961979166666666 0.306037037037037 0.17302083333333332 0.10505555555555555
3 0.43236458333333333 0.3158518518518519 0.045135416666666664 0.07994444444444444
2 0.3329947916666667 0.3397222222222222 0.1243125 0.22837962962962963
5 0.25190625 0.41172222222222227 0.0331875 0.12618518518518518
1 0.6684166666666667 0.4125185185185185 0.22922395833333334 0.19355555555555554
5 0.2367760416666667 0.44249074074074074 0.03397395833333334 0.10276851851851851
3 0.23597916666666666 0.4595462962962963 0.046427083333333334 0.09794444444444445
5 0.20579166666666668 0.4639074074074074 0.031088541666666667 0.0839351851851852
3 0.21785416666666665 0.47262037037037036 0.04165625 0.10936111111111112
5 0.189734375 0.5033055555555556 0.033666666666666664 0.1455925925925926
3 0.17756770833333332 0.5092592592592593 0.03772916666666667 0.10162962962962964
5 0.7466562499999999 0.5261481481481481 0.06749999999999999 0.22243518518518518
3 0.16255208333333335 0.5267499999999999 0.046218749999999996 0.10347222222222222
5 0.14333333333333334 0.5601111111111111 0.046843749999999997 0.169
5 0.22333854166666667 0.5694537037037037 0.038593749999999996 0.15506481481481482
5 0.4678802083333334 0.5790833333333333 0.04745833333333334 0.24275000000000002
3 0.07897395833333333 0.605 0.024885416666666667 0.050083333333333334
5 0.129203125 0.6143518518518518 0.061619791666666666 0.16672222222222222
5 0.061125 0.6246296296296296 0.034666666666666665 0.1530185185185185
5 0.5370416666666666 0.6272037037037037 0.08833854166666667 0.23205555555555557
3 0.229875 0.6283425925925926 0.10494791666666667 0.15130555555555555
5 0.04089583333333333 0.6286296296296295 0.024395833333333335 0.11762037037037038
3 0.10247916666666666 0.6523148148148148 0.07431770833333333 0.11893518518518517
3 0.09468750000000001 0.6528888888888889 0.059390625 0.12275925925925928
3 0.05402604166666667 0.6602314814814815 0.027557291666666664 0.05597222222222222
3 0.016848958333333334 0.6769814814814815 0.026109375 0.06664814814814815
5 0.03686458333333333 0.6840092592592593 0.06001041666666666 0.1530185185185185
3 0.7303072916666667 0.07469444444444445 0.02147395833333333 0.023453703703703702
3 0.024307291666666668 0.7522407407407407 0.048609374999999996 0.08507407407407407
5 0.015473958333333334 0.7608055555555555 0.03094791666666667 0.1444537037037037
3 0.7466666666666666 0.767824074074074 0.161328125 0.1989074074074074
3 0.7473177083333333 0.08641666666666667 0.013140625 0.020990740740740744