5 0.750265625 0.09356481481481481 0.010161458333333335 0.05337962962962963
5 0.7571927083333333 0.09913888888888889 0.006859375 0.0657037037037037
3 0.7180989583333334 0.10939814814814815 0.026338541666666666 0.033435185185185186
3 0.7372395833333333 0.11057407407407407 0.009958333333333335 0.036953703703703704
3 0.7629687500000001 0.11350925925925927 0.007848958333333333 0.032259259259259265
3 0.7113333333333334 0.11908333333333335 0.028651041666666665 0.03988888888888889
3 0.6920364583333334 0.13315740740740742 0.03228645833333334 0.05162037037037037
3 0.6885729166666666 0.13755555555555557 0.01678125 0.035787037037037034
3 0.6796666666666666 0.14400925925925925 0.019421874999999998 0.03930555555555556
5 0.64515625 0.14987962962962964 0.015083333333333334 0.08036111111111112
5 0.48053125 0.17128703703703704 0.019098958333333336 0.029333333333333333
0 0.5831302083333333 0.17627777777777778 0.06063020833333333 0.10500000000000001
3 0.7243645833333333 0.21264814814814814 0.04824479166666666 0.06041666666666667
1 0.5049583333333333 0.25077777777777777 0.14784375 0.14841666666666667
5 0.399703125 0.2718981481481481 0.022427083333333334 0.11556481481481481
5 0.37030208333333337 0.27805555555555556 0.015916666666666666 0.09620370370370371
5 0.36155729166666667 0.2918425925925926 0.027302083333333334 0.08857407407407407
2 0.6833125 0.3208796296296296 0.2009635416666667 0.2311203703703704
5 0.32064583333333335 0.37396296296296294 0.035234375000000005 0.1402037037037037
5 0.25565625000000003 0.4487592592592593 0.024703125 0.06804629629629629
5 0.22893229166666668 0.4560925925925926 0.0266875 0.13785185185185184
3 0.24061979166666667 0.48629629629629634 0.022348958333333332 0.05397222222222222
5 0.15088541666666666 0.5226666666666667 0.022380208333333332 0.16659259259259257
5 0.12878124999999999 0.5270648148148148 0.02634375 0.15545370370370368
3 0.17101041666666666 0.5461296296296296 0.027651041666666668 0.062185185185185184
5 0.08011979166666668 0.6100740740740741 0.028010416666666666 0.07274074074074074
5 0.05042708333333333 0.6493796296296297 0.02802083333333333 0.08447222222222223
3 0.017104166666666667 0.6687314814814815 0.03397395833333334 0.10324074074074074
3 0.6496145833333333 0.7118518518518518 0.16455729166666666 0.1671851851851852
3 0.7209010416666667 0.08623148148148148 0.02666666666666667 0.00938888888888889
4 0.8040104166666667 0.8644351851851853 0.009994791666666667 0.050444444444444445