3 0.7285572916666666 0.9485740740740741 0.06850520833333333 0.10284259259259258
5 0.6430520833333334 0.246787037037037 0.0045625 0.006805555555555555
5 0.6709635416666667 0.25643518518518515 0.0057552083333333335 0.021703703703703704
5 0.643953125 0.2571481481481482 0.0027604166666666667 0.00862962962962963
5 0.6655208333333333 0.26010185185185186 0.0031666666666666666 0.01925925925925926
5 0.639625 0.26189814814814816 0.0049375 0.026203703703703705
5 0.6446770833333333 0.2619166666666667 0.0026927083333333334 0.022407407407407407
5 0.5901979166666667 0.2744537037037037 0.004666666666666667 0.027111111111111114
1 0.6772343749999999 0.27809259259259256 0.013041666666666667 0.00862962962962963
5 0.6661458333333333 0.28170370370370373 0.005203125 0.02187037037037037
5 0.678546875 0.28229629629629627 0.00259375 0.009509259259259259
5 0.637203125 0.28747222222222224 0.006765625 0.029851851851851855
5 0.6841927083333333 0.2894259259259259 0.005328125 0.019490740740740743
5 0.66178125 0.2901388888888889 0.004796875000000001 0.03637037037037037
5 0.6714270833333333 0.29085185185185186 0.005869791666666666 0.01712037037037037
5 0.5898072916666667 0.29355555555555557 0.0071875 0.01951851851851852
5 0.64353125 0.29456481481481483 0.008255208333333333 0.037731481481481484
5 0.6775416666666667 0.3003611111111111 0.0059375 0.038509259259259264
5 0.6672083333333333 0.3062037037037037 0.009578125 0.027842592592592592
1 0.560546875 0.31049074074074073 0.05402604166666667 0.029898148148148146
3 0.6902604166666666 0.31072222222222223 0.020265625 0.012462962962962964
5 0.6175729166666667 0.31942592592592595 0.008557291666666666 0.01948148148148148
1 0.5512395833333333 0.3196203703703704 0.05977604166666666 0.0387037037037037
5 0.5902447916666667 0.3200925925925926 0.005505208333333333 0.016462962962962964
5 0.601171875 0.3208240740740741 0.007473958333333333 0.04477777777777778
3 0.6811458333333333 0.32407407407407407 0.008442708333333333 0.02137037037037037
1 0.5395156249999999 0.32581481481481483 0.03716666666666667 0.03231481481481481
3 0.7007760416666666 0.3269259259259259 0.0336875 0.03489814814814814
5 0.605390625 0.331712962962963 0.007744791666666666 0.033157407407407406
5 0.6640104166666667 0.34082407407407406 0.012854166666666667 0.06968518518518518
5 0.6984999999999999 0.3415277777777778 0.004713541666666667 0.019574074074074074
5 0.6127760416666667 0.34157407407407403 0.006177083333333333 0.025046296296296296
5 0.6239375 0.34163888888888894 0.007395833333333333 0.05736111111111111
5 0.6955989583333333 0.35258333333333336 0.009333333333333334 0.026944444444444444
5 0.6158697916666667 0.35791666666666666 0.014276041666666666 0.02601851851851852
5 0.6027864583333333 0.3654351851851852 0.016171875 0.03506481481481481
0 0.5754687500000001 0.3654814814814815 0.044619791666666665 0.07333333333333333
5 0.61484375 0.3829722222222222 0.016682291666666668 0.049916666666666665
5 0.57696875 0.38533333333333336 0.013708333333333333 0.04489814814814815
5 0.58475 0.38729629629629625 0.008437499999999999 0.02397222222222222
5 0.6940624999999999 0.4008148148148148 0.011697916666666667 0.10024999999999999
5 0.6749583333333333 0.4010277777777778 0.018588541666666666 0.09490740740740741
0 0.7222083333333333 0.4076296296296296 0.043140625 0.13382407407407407
5 0.5970677083333332 0.41083333333333333 0.020317708333333333 0.06582407407407408
5 0.6188281250000001 0.41900925925925925 0.022151041666666666 0.06603703703703703
5 0.7463333333333334 0.42491666666666666 0.0195625 0.0634537037037037
5 0.70440625 0.43019444444444443 0.016401041666666664 0.1270648148148148
5 0.5839270833333334 0.43656481481481485 0.029234375 0.08407407407407406
5 0.5567083333333334 0.45585185185185184 0.0255625 0.08252777777777777
5 0.7617083333333333 0.4586296296296296 0.013354166666666667 0.04192592592592593
5 0.59021875 0.4699259259259259 0.01621875 0.06980555555555555
5 0.7736770833333334 0.4715740740740741 0.014598958333333334 0.04490740740740741
3 0.5310520833333333 0.47399074074074077 0.026755208333333332 0.04418518518518518
5 0.7337447916666666 0.47761111111111115 0.025942708333333335 0.11217592592592593
5 0.5653854166666666 0.48380555555555554 0.028161458333333333 0.09988888888888889
5 0.6185572916666667 0.4885462962962963 0.02402083333333333 0.13071296296296295
5 0.7915156250000001 0.4975925925925926 0.027822916666666666 0.05275
5 0.7496770833333334 0.5014074074074074 0.046015625 0.09291666666666666
3 0.53265625 0.5017685185185184 0.05106770833333333 0.06228703703703704
5 0.5922760416666667 0.5030925925925926 0.043333333333333335 0.11685185185185186
3 0.8488958333333334 0.5132222222222222 0.04041145833333334 0.042194444444444444
3 0.8574375 0.5259259259259259 0.04973958333333333 0.05210185185185186
5 0.784796875 0.5421481481481482 0.030432291666666667 0.10978703703703703
3 0.86609375 0.5450833333333334 0.049859375000000004 0.050805555555555555
5 0.82128125 0.5464259259259259 0.041239583333333336 0.11762962962962964
3 0.5374322916666666 0.5562777777777778 0.09259895833333333 0.11600925925925927
3 0.8752291666666667 0.5631296296296295 0.06908854166666667 0.0685
5 0.8218802083333333 0.5735092592592592 0.03282291666666667 0.09837962962962964
5 0.7576354166666667 0.5756481481481482 0.030239583333333334 0.11406481481481481
3 0.47823958333333333 0.5810092592592593 0.09364062499999999 0.12493518518518519
3 0.8782760416666666 0.5870555555555556 0.07036979166666667 0.0685
3 0.4578541666666667 0.618175925925926 0.10214583333333334 0.09994444444444445
3 0.9214791666666666 0.6251481481481481 0.06752083333333332 0.08560185185185186
3 0.8688229166666667 0.6346851851851852 0.065375 0.08312962962962964
3 0.4476979166666667 0.644611111111111 0.097890625 0.14937962962962964
3 0.31199479166666666 0.6613796296296296 0.023869791666666664 0.08730555555555557
3 0.019109374999999998 0.6679907407407407 0.03821354166666667 0.1375648148148148
5 0.7196197916666667 0.6696574074074074 0.05009895833333333 0.28308333333333335
3 0.9044687499999999 0.6817592592592592 0.03630208333333333 0.1104537037037037
3 0.962375 0.6847962962962963 0.07525 0.14325000000000002
3 0.44317708333333333 0.6864907407407407 0.08778124999999999 0.1412037037037037
5 0.8128802083333333 0.6896851851851852 0.045385416666666664 0.18528703703703706
5 0.44343229166666664 0.6899629629629629 0.054593749999999996 0.28075925925925926
5 0.37836458333333334 0.6916574074074074 0.049588541666666666 0.30850925925925926
5 0.771484375 0.7043518518518519 0.047718750000000004 0.17036111111111113
5 0.34706770833333334 0.7061388888888889 0.054713541666666664 0.2988888888888889
5 0.5786302083333333 0.7239814814814814 0.040791666666666664 0.2642777777777778
5 0.86209375 0.7342037037037038 0.07317187500000001 0.16212962962962962
5 0.6137343749999999 0.7449351851851852 0.07925520833333333 0.2480277777777778
3 0.970921875 0.7511851851851852 0.05815104166666667 0.1257777777777778
5 0.04821875 0.751324074074074 0.04381770833333333 0.21163888888888888
3 0.024046875000000002 0.755287037037037 0.03874479166666667 0.1640185185185185
3 0.9780364583333333 0.7650648148148148 0.04392708333333333 0.08781481481481482
3 0.8790572916666667 0.7793055555555556 0.13532291666666665 0.1405925925925926
3 0.9801666666666667 0.8001851851851852 0.03772916666666667 0.08024074074074074
3 0.8694010416666667 0.8445833333333334 0.15125 0.19139814814814815
3 0.6245625 0.8501296296296296 0.03836979166666667 0.08552777777777779
3 0.76403125 0.8801666666666667 0.07152083333333333 0.22698148148148148