3 0.720453125 0.10027777777777777 0.022078125 0.012675925925925926
3 0.717015625 0.11338888888888889 0.028468749999999998 0.042379629629629635
3 0.7191041666666667 0.12343518518518519 0.011020833333333334 0.03189814814814815
3 0.7057083333333334 0.12496296296296297 0.02109895833333333 0.035833333333333335
0 0.7504531249999999 0.13467592592592592 0.028317708333333334 0.07175925925925926
3 0.7010416666666667 0.1350185185185185 0.008812500000000001 0.0332037037037037
0 0.6700729166666667 0.13807407407407407 0.053057291666666666 0.09612962962962962
5 0.75559375 0.1607962962962963 0.005354166666666666 0.007861111111111112
5 0.5738541666666667 0.16669444444444445 0.013000000000000001 0.042379629629629635
3 0.6354062500000001 0.16691666666666669 0.032390625 0.044564814814814814
3 0.6215260416666666 0.17674074074074073 0.032151041666666665 0.04063888888888889
3 0.7087812499999999 0.17871296296296296 0.017901041666666666 0.04019444444444444
5 0.5981822916666667 0.18613888888888888 0.017906250000000002 0.07253703703703704
3 0.7447812500000001 0.1865740740740741 0.044187500000000005 0.04282407407407408
3 0.6119427083333334 0.19225925925925924 0.010036458333333333 0.035833333333333335
3 0.4951979166666666 0.2106111111111111 0.03272916666666667 0.0699074074074074
3 0.7084166666666667 0.21475925925925926 0.030505208333333332 0.03975925925925926
3 0.5706562500000001 0.21716666666666665 0.04199479166666666 0.056805555555555554
5 0.49433333333333335 0.22525 0.014208333333333333 0.04412962962962963
3 0.5591041666666666 0.22939814814814816 0.04544270833333333 0.043694444444444445
3 0.5369635416666667 0.24468518518518517 0.03901041666666667 0.0620462962962963
1 0.7340260416666666 0.2488425925925926 0.09732291666666668 0.05324074074074074
3 0.5273802083333333 0.2543055555555555 0.044911458333333334 0.05942592592592593
3 0.5147239583333333 0.26587962962962963 0.044182291666666665 0.062481481481481485
1 0.635375 0.2682037037037037 0.1195625 0.15930555555555556
3 0.4891666666666667 0.2809537037037037 0.045171875 0.05592592592592593
3 0.47344270833333335 0.28838888888888886 0.045671875 0.06903703703703704
3 0.4110260416666666 0.28991666666666666 0.04421875 0.054620370370370375
1 0.7008229166666666 0.29555555555555557 0.16112500000000002 0.08481481481481482
3 0.463859375 0.3047685185185185 0.046656249999999996 0.059861111111111115
3 0.43118229166666666 0.32639814814814816 0.046713541666666664 0.05942592592592593
5 0.2900989583333333 0.38078703703703703 0.032385416666666667 0.0625
1 0.6695729166666666 0.42592592592592593 0.22622916666666668 0.21296296296296297
3 0.21980729166666665 0.44100925925925927 0.015755208333333333 0.026574074074074073
3 0.20288541666666668 0.4535462962962963 0.014072916666666666 0.030583333333333334
5 0.5576302083333334 0.46875 0.057026041666666666 0.2013888888888889
5 0.44696874999999997 0.4826388888888889 0.04144270833333333 0.18287037037037038
5 0.118828125 0.5395462962962964 0.028729166666666663 0.08725000000000001
3 0.09921875 0.5510833333333333 0.014333333333333333 0.021064814814814814
3 0.09470312500000001 0.5743981481481482 0.027307291666666667 0.05164814814814815
3 0.07990104166666666 0.6057314814814815 0.024770833333333336 0.04913888888888889
5 0.059182291666666664 0.6277962962962963 0.03241666666666667 0.1514351851851852
5 0.040005208333333334 0.6353240740740741 0.027911458333333337 0.13839814814814816
2 0.3398645833333333 0.6428425925925926 0.20815104166666665 0.3412685185185185
3 0.10641666666666666 0.6513703703703704 0.06096875 0.13337962962962965
3 0.05620833333333333 0.6621481481481482 0.031552083333333335 0.05465740740740741
3 0.01940625 0.6784444444444445 0.03184375 0.11131481481481481
3 0.008130208333333333 0.709537037037037 0.015489583333333333 0.07722222222222223
3 0.7311927083333334 0.07592592592592592 0.021046875 0.014814814814814815
1 0.6563645833333334 0.779787037037037 0.36741145833333333 0.3990185185185185
3 0.72559375 0.08912037037037036 0.029645833333333333 0.022685185185185187