3 0.7053020833333333 0.09382407407407407 0.013833333333333333 0.028398148148148148
5 0.7190208333333333 0.09444444444444444 0.013598958333333333 0.04197222222222222
3 0.7077343749999999 0.12284259259259259 0.019385416666666665 0.03950925925925926
0 0.6695520833333333 0.12808333333333335 0.05621354166666667 0.0734537037037037
3 0.7018333333333333 0.13271296296296298 0.010359375 0.035805555555555556
0 0.7537395833333334 0.13580555555555554 0.03569791666666667 0.08271296296296296
5 0.7237083333333333 0.14197222222222222 0.00978125 0.032101851851851854
5 0.750953125 0.15833333333333333 0.015552083333333333 0.03641666666666667
5 0.730828125 0.16296296296296298 0.013489583333333333 0.07037037037037037
5 0.62484375 0.17252777777777778 0.021354166666666667 0.09351851851851851
5 0.6902604166666666 0.18287037037037038 0.01677604166666667 0.05555555555555555
5 0.6118281250000001 0.18557407407407406 0.01615625 0.09799074074074074
3 0.4894947916666667 0.18826851851851853 0.024895833333333332 0.03498148148148148
5 0.5994166666666667 0.19089814814814815 0.016854166666666667 0.1087962962962963
5 0.64384375 0.2111111111111111 0.018385416666666664 0.10740740740740741
5 0.5249270833333334 0.21123148148148146 0.016838541666666665 0.06597222222222222
3 0.49615625 0.21175 0.03617708333333333 0.051250000000000004
5 0.6759427083333333 0.21875 0.014177083333333333 0.10648148148148148
3 0.5747552083333333 0.21885185185185185 0.038072916666666665 0.04713888888888888
5 0.6633541666666667 0.2285925925925926 0.018526041666666666 0.1284722222222222
5 0.5508020833333334 0.24691666666666667 0.02396875 0.10493518518518519
1 0.7319114583333334 0.2494259259259259 0.10268229166666668 0.06597222222222222
3 0.5193697916666667 0.26178703703703704 0.036671875 0.06397222222222222
3 0.4718958333333333 0.27925 0.042578125 0.04924074074074074
3 0.4966302083333333 0.2798796296296296 0.04138541666666666 0.06228703703703704
3 0.4631354166666667 0.2843055555555556 0.037375000000000005 0.040824074074074075
3 0.41021875 0.2922962962962963 0.04564583333333334 0.07365740740740741
1 0.6961041666666666 0.30787037037037035 0.17559895833333333 0.09722222222222222
3 0.4533125 0.3148148148148148 0.04755729166666667 0.06734259259259259
1 0.668109375 0.42998148148148146 0.232890625 0.2326388888888889
5 0.5655520833333333 0.4506203703703704 0.06041666666666667 0.21604629629629632
3 0.23703125 0.4711666666666667 0.05296354166666666 0.09049074074074075
5 0.40187500000000004 0.47453703703703703 0.024640625000000003 0.07407407407407407
3 0.21584895833333334 0.4829537037037037 0.04421354166666667 0.08880555555555555
3 0.2008125 0.5018981481481481 0.06055208333333333 0.0845925925925926
3 0.18353645833333332 0.5235648148148149 0.04635416666666667 0.08754629629629629
3 0.160796875 0.5267222222222222 0.043484375 0.0787037037037037
5 0.44125520833333337 0.5314444444444445 0.04740625 0.21875
3 0.13890104166666667 0.5587129629629629 0.05225 0.08712037037037038
5 0.48226562500000003 0.5700277777777778 0.04478645833333333 0.19328703703703703
3 0.1215 0.5812314814814815 0.054859375 0.08249074074074074
3 0.10327604166666667 0.6016388888888888 0.04965625 0.09133333333333334
3 0.08280208333333333 0.6163703703703703 0.048484375 0.08712037037037038
5 0.41801041666666666 0.6265462962962962 0.072625 0.23456481481481484
3 0.067296875 0.6298425925925926 0.04209895833333333 0.08796296296296297
5 0.31950520833333335 0.6311759259259259 0.0544375 0.23148148148148148
3 0.04219791666666666 0.6506759259259259 0.03782291666666667 0.10100925925925926
5 0.20014583333333333 0.652287037037037 0.06441666666666666 0.18084259259259258
3 0.024328125 0.6725555555555556 0.041380208333333335 0.09763888888888889
5 0.19408854166666664 0.6975277777777779 0.06923958333333333 0.22839814814814813
3 0.009182291666666667 0.7051759259259259 0.017713541666666666 0.08038888888888888
5 0.7417604166666667 0.0728425925925926 0.008401041666666666 0.020990740740740744
5 0.75078125 0.07715740740740741 0.007567708333333333 0.020990740740740744
1 0.6554062500000001 0.7760462962962963 0.36893750000000003 0.40162037037037035