3 0.7178749999999999 0.11198148148148147 0.023401041666666667 0.04803703703703704
3 0.7349947916666667 0.11481481481481481 0.011510416666666667 0.04321296296296297
3 0.71190625 0.1259259259259259 0.012453125 0.03333333333333333
3 0.7038697916666667 0.1291388888888889 0.008963541666666667 0.044833333333333336
0 0.7516770833333334 0.1309537037037037 0.03853645833333333 0.07142592592592592
0 0.6687291666666667 0.13558333333333333 0.05865625 0.09656481481481483
3 0.633703125 0.16471296296296295 0.033109375 0.022416666666666668
3 0.6186302083333334 0.17641666666666667 0.03640625 0.037037037037037035
3 0.7075833333333333 0.18031481481481482 0.02461979166666667 0.03899074074074074
3 0.60040625 0.18055555555555555 0.029010416666666667 0.03557407407407408
3 0.7448541666666666 0.18494444444444444 0.043244791666666664 0.0385
3 0.5875208333333333 0.19225 0.0295625 0.0385
3 0.49388020833333335 0.2101111111111111 0.03234895833333333 0.061250000000000006
3 0.706875 0.21388888888888888 0.023994791666666668 0.04259259259259259
3 0.5561406249999999 0.22125 0.04465104166666667 0.03606481481481482
3 0.536140625 0.23148148148148148 0.04154166666666667 0.048435185185185185
3 0.5263281249999999 0.24359259259259258 0.04194791666666667 0.03988888888888889
5 0.682125 0.25330555555555556 0.025916666666666664 0.06481481481481481
3 0.5143072916666667 0.2628240740740741 0.04595833333333333 0.06267592592592593
1 0.6304114583333333 0.26851851851851855 0.124875 0.1534351851851852
3 0.4882708333333333 0.2702962962962963 0.0435625 0.04772222222222222
3 0.4716510416666667 0.276712962962963 0.047177083333333335 0.05341666666666667
3 0.4095625 0.28738888888888886 0.045598958333333335 0.05341666666666667
1 0.6958749999999999 0.30225 0.17097395833333331 0.10185185185185185
3 0.4644375 0.3041296296296296 0.047177083333333335 0.06267592592592593
3 0.43058854166666666 0.32513888888888887 0.054000000000000006 0.06481481481481481
5 0.52259375 0.38039814814814815 0.038734375 0.15894444444444444
5 0.23206770833333332 0.40491666666666665 0.02875 0.05057407407407407
1 0.6705520833333334 0.41821296296296295 0.22874999999999998 0.22530555555555556
5 0.137734375 0.49786111111111114 0.023578125000000002 0.06695370370370371
5 0.6853229166666667 0.529324074074074 0.043015625 0.10802777777777778
5 0.7469427083333334 0.5339537037037037 0.055140625000000006 0.2098796296296296
5 0.11730208333333333 0.5388148148148147 0.026786458333333332 0.07621296296296297
5 0.444265625 0.5459074074074074 0.043541666666666666 0.13657407407407407
5 0.055614583333333335 0.6004259259259259 0.03321875 0.10113888888888889
3 0.10247916666666666 0.6253518518518518 0.06284375 0.09116666666666666
2 0.293015625 0.6358055555555555 0.27575520833333333 0.41975
1 0.5915625 0.7515462962962962 0.3450729166666667 0.39814814814814814
3 0.7303072916666667 0.07777777777777778 0.022166666666666668 0.014814814814814815
2 0.09396354166666666 0.7854907407407408 0.18792708333333333 0.4043240740740741
3 0.745234375 0.08673148148148148 0.010359375 0.024074074074074074