5 0.40482031249999995 0.21469444444444447 0.025312499999999998 0.08680555555555555
5 0.52784375 0.2152777777777778 0.029171875000000003 0.07870833333333334
5 0.37813281249999997 0.23495833333333332 0.0215390625 0.125
5 0.35819531250000003 0.23877777777777776 0.025937500000000002 0.114125
3 0.52621875 0.2488472222222222 0.053492187499999996 0.07870833333333334
5 0.39635937499999996 0.2662083333333333 0.0267578125 0.09722222222222222
5 0.40746874999999994 0.3265 0.0323046875 0.12384722222222222
4 0.25559375 0.06041666666666667 0.08753125 0.12083333333333333
5 0.20696093750000003 0.08715277777777777 0.008953125000000001 0.022916666666666665
5 0.19368749999999998 0.09652777777777778 0.011351562499999999 0.03333333333333333
3 0.20910937500000001 0.10520833333333333 0.007781250000000001 0.024305555555555556
3 0.1956328125 0.11388888888888889 0.006617187500000001 0.019444444444444445