5 0.04144140625 0.7893541666666667 0.076734375 0.2546319444444445
1 0.482734375 0.8229166666666666 0.49578125 0.3541666666666667
1 0.81466796875 0.08349999999999999 0.021601562499999998 0.042305555555555555
1 0.84910546875 0.08424305555555556 0.0453828125 0.018555555555555554
5 0.7160703125000001 0.08750694444444444 0.00809375 0.02652083333333333
5 0.79734375 0.08795833333333333 0.00616015625 0.043791666666666666
5 0.8040234375 0.0898125 0.00448828125 0.04602083333333333
5 0.68719140625 0.09450000000000001 0.0072890625 0.017354166666666667
1 0.8522343749999999 0.10020138888888888 0.05164453125 0.028208333333333332
4 0.76202734375 0.12053472222222222 0.053902343750000005 0.10703472222222223
1 0.86809765625 0.1269236111111111 0.042453125 0.03117361111111111
3 0.6606132812500001 0.13524305555555555 0.03387109375 0.021694444444444443
5 0.61283203125 0.1465972222222222 0.01290625 0.07645138888888889
5 0.8683085937499999 0.14770833333333333 0.01365234375 0.06383333333333334
5 0.67503125 0.14881944444444445 0.01037890625 0.027465277777777776
3 0.5808984374999999 0.1603263888888889 0.030867187499999997 0.034145833333333334
4 0.7123984375 0.1938263888888889 0.10978125000000001 0.18418055555555557
5 0.40271093750000003 0.3530069444444444 0.03364453125 0.10416666666666667
3 0.40597265625 0.4120416666666667 0.06138671875 0.10647916666666668