3 0.7217083333333334 0.09525925925925925 0.021942708333333335 0.02510185185185185
3 0.7164947916666667 0.10524074074074073 0.023708333333333335 0.02737962962962963
3 0.707109375 0.11892592592592592 0.02034375 0.026805555555555555
3 0.7139270833333333 0.12063888888888888 0.022104166666666664 0.03821296296296296
3 0.700375 0.12562962962962965 0.012328125 0.04135185185185185
0 0.6698020833333334 0.13016666666666668 0.05375 0.08235185185185186
0 0.7540937499999999 0.1340740740740741 0.03440104166666667 0.08548148148148148
3 0.7482760416666667 0.1748611111111111 0.0359375 0.027324074074074077
1 0.5899635416666666 0.17525925925925925 0.12194791666666666 0.11417592592592593
3 0.7329114583333334 0.1855925925925926 0.02804166666666667 0.02537037037037037
3 0.49207291666666664 0.1996388888888889 0.03422395833333333 0.06096296296296297
3 0.6744427083333334 0.20424074074074075 0.016838541666666665 0.04333333333333333
3 0.7216041666666667 0.2058888888888889 0.042755208333333336 0.02537037037037037
3 0.6775260416666666 0.2235925925925926 0.041859375000000004 0.04275
5 0.37688020833333336 0.28250000000000003 0.025046875000000003 0.09788888888888889
3 0.4189114583333333 0.2850740740740741 0.045359375 0.0738425925925926
2 0.6774479166666667 0.30188888888888893 0.19926041666666666 0.19366666666666665
5 0.5528958333333333 0.33552777777777776 0.041276041666666666 0.14591666666666667
5 0.23047916666666665 0.43077777777777776 0.02197395833333333 0.082
5 0.19940625 0.4444444444444444 0.021317708333333334 0.09031481481481482
5 0.25855208333333335 0.44741666666666663 0.023302083333333334 0.07487037037037036
5 0.17233854166666665 0.4492037037037037 0.02868229166666667 0.10933333333333334
3 0.23713541666666668 0.4664351851851852 0.03261458333333333 0.07487037037037036
3 0.20810416666666667 0.4816851851851852 0.034645833333333334 0.07410185185185185
3 0.15926041666666665 0.5237592592592593 0.039447916666666666 0.0934074074074074
5 0.7628385416666668 0.5258518518518518 0.04122395833333334 0.2341111111111111
3 0.118671875 0.5596574074074073 0.03034375 0.10652777777777778
5 0.091109375 0.5876481481481481 0.025322916666666664 0.07011111111111111
3 0.5260520833333333 0.6230092592592593 0.115953125 0.1694537037037037
5 0.06304166666666668 0.6256759259259259 0.023994791666666668 0.07011111111111111
3 0.022203125 0.6779444444444443 0.02852604166666667 0.09603703703703703
3 0.6477760416666667 0.7112962962962963 0.151140625 0.17230555555555555
3 0.7359010416666667 0.07814814814814815 0.014395833333333333 0.018250000000000002
3 0.7290833333333333 0.08470370370370371 0.015203125000000001 0.022814814814814816