3 0.7492968750000001 0.09365740740740741 0.022348958333333332 0.046296296296296294
3 0.7446927083333333 0.10541666666666666 0.009130208333333334 0.034185185185185187
5 0.7306718750000001 0.10719444444444444 0.016348958333333333 0.03632407407407407
3 0.7100416666666667 0.10968518518518518 0.022364583333333334 0.034185185185185187
3 0.70303125 0.11930555555555555 0.028374999999999997 0.04487037037037037
3 0.691015625 0.12962962962962962 0.03078125 0.04273148148148148
3 0.7324791666666666 0.13675 0.020104166666666666 0.04558333333333333
3 0.681203125 0.14174074074074075 0.01996875 0.04273148148148148
5 0.6451875 0.15219444444444444 0.018296875 0.08835185185185185
0 0.5854739583333333 0.17766666666666667 0.06240104166666667 0.1099537037037037
3 0.7250729166666667 0.2126111111111111 0.046140625000000005 0.06624074074074075
1 0.5054427083333334 0.2515462962962963 0.14852604166666666 0.1450648148148148
5 0.37038541666666663 0.2824074074074074 0.024687499999999998 0.11187962962962963
2 0.6879166666666666 0.32407407407407407 0.19055208333333334 0.2530833333333333
5 0.25311458333333337 0.41898148148148145 0.052640624999999996 0.09027777777777778
5 0.2547447916666667 0.45081481481481483 0.023348958333333333 0.06828703703703703
5 0.23055208333333335 0.46296296296296297 0.029296875 0.14814814814814814
3 0.242703125 0.4849537037037037 0.020098958333333337 0.06018518518518518
5 0.15581250000000002 0.5283611111111111 0.03259375 0.13310185185185186
3 0.1714270833333333 0.5491944444444444 0.025984375 0.06365740740740741
5 0.08417187500000001 0.6122685185185185 0.029859375 0.0787037037037037
5 0.055531250000000004 0.6458333333333334 0.03767708333333333 0.08564814814814815
3 0.021364583333333336 0.6684074074074075 0.03716145833333333 0.11689814814814815
3 0.6516770833333333 0.7102592592592593 0.158890625 0.1736111111111111
3 0.7142499999999999 0.08618518518518518 0.014750000000000001 0.014240740740740741