1 0.84820703125 0.09067361111111111 0.04561328125 0.02720138888888889
5 0.7991875 0.0929375 0.0087734375 0.03173611111111111
1 0.8581757812499999 0.10695138888888889 0.06415234375 0.03915277777777778
3 0.79814453125 0.11106944444444444 0.01132421875 0.023493055555555555
5 0.8645546875000001 0.11189583333333333 0.0079375 0.057284722222222216
5 0.67666796875 0.13291666666666668 0.00814453125 0.06470833333333334
5 0.6518671875 0.14734027777777778 0.0113828125 0.03997916666666667
5 0.639234375 0.15208333333333332 0.012535156250000002 0.07665972222222223
3 0.5813671874999999 0.163 0.028449218749999998 0.041624999999999995
5 0.58054296875 0.1709375 0.01591796875 0.035520833333333335
3 0.6490820312500001 0.18525694444444443 0.014582031249999999 0.04575
4 0.71515234375 0.19844444444444445 0.11849218749999998 0.1867013888888889
5 0.49163671875 0.30699305555555556 0.023558593750000002 0.1302361111111111
5 0.5235000000000001 0.30699305555555556 0.035910156250000005 0.1302361111111111
5 0.4416953125 0.32897916666666666 0.030234375 0.1403888888888889
5 0.10780468750000001 0.5031944444444445 0.039859375 0.12347222222222223
2 0.7348515625 0.06614583333333333 0.05536328124999999 0.049048611111111105
5 0.793046875 0.06738888888888889 0.00947265625 0.03338194444444444