4 0.7245234375 0.15654166666666666 0.0191171875 0.034138888888888885
5 0.74665625 0.16316666666666668 0.0054453125 0.015000000000000001
5 0.736046875 0.16680555555555554 0.00453125 0.012986111111111111
3 0.746359375 0.17202777777777778 0.0046875 0.012
3 0.7357109375 0.17613888888888887 0.006101562499999999 0.01136111111111111
5 0.6901875000000001 0.17794444444444446 0.00709375 0.017944444444444443
5 0.7053203124999999 0.1848888888888889 0.0093671875 0.014472222222222221
3 0.6899140625 0.1953888888888889 0.0060859375 0.019569444444444445
1 0.7842421875000001 0.19559722222222223 0.0356953125 0.03819444444444445
1 0.7656875000000001 0.19849999999999998 0.0415625 0.03125
3 0.7032265625 0.20233333333333334 0.00715625 0.02336111111111111
5 0.66203125 0.23755555555555555 0.01328125 0.07002777777777779
5 0.64559375 0.2452638888888889 0.0194765625 0.0777638888888889
5 0.5969375 0.26330555555555557 0.017210937500000002 0.08448611111111111
5 0.5619531249999999 0.265625 0.0176015625 0.10301388888888889
3 0.5486015625 0.2693888888888889 0.0110234375 0.0515
5 0.6150078125 0.2708333333333333 0.018265625 0.08333333333333333