5 0.7302239583333333 0.1030462962962963 0.012348958333333333 0.05967592592592593
3 0.7132239583333334 0.10619444444444444 0.02022916666666667 0.04688888888888889
3 0.7070208333333333 0.11073148148148149 0.02022916666666667 0.051222222222222225
3 0.7015885416666666 0.1156574074074074 0.021333333333333333 0.045314814814814815
0 0.67084375 0.13143518518518518 0.05053125 0.08375925925925926
3 0.7001510416666666 0.13299074074074074 0.010473958333333333 0.033490740740740745
0 0.7540625 0.13850925925925925 0.032260416666666666 0.08847222222222222
5 0.6769427083333334 0.1457962962962963 0.02275 0.08612962962962963
5 0.634390625 0.14856481481481482 0.013083333333333334 0.06090740740740741
5 0.5843958333333333 0.15410185185185185 0.017598958333333335 0.058444444444444445
5 0.6603385416666666 0.1577962962962963 0.018604166666666665 0.07812962962962963
5 0.5982395833333333 0.16271296296296295 0.014234374999999999 0.0732037037037037
5 0.6163958333333334 0.17010185185185187 0.016546875 0.09412037037037038
5 0.7523645833333333 0.17071296296296296 0.021338541666666665 0.062129629629629625
3 0.5894375000000001 0.18835185185185185 0.03551041666666667 0.07250925925925926
3 0.5851145833333333 0.19643518518518518 0.03750520833333334 0.061074074074074065
5 0.6421770833333333 0.19747222222222224 0.010104166666666666 0.06643518518518518
5 0.6300625 0.1980925925925926 0.015505208333333333 0.05537037037037037
5 0.6541093750000001 0.19839814814814816 0.011838541666666667 0.07689814814814815
3 0.5756979166666666 0.19899999999999998 0.037723958333333335 0.059111111111111114
3 0.48825520833333336 0.19958333333333333 0.024651041666666665 0.05871296296296296
3 0.6749947916666666 0.20805555555555555 0.030973958333333333 0.05516666666666666
3 0.5008854166666666 0.20963888888888887 0.02908854166666667 0.07250925925925926
3 0.6961562499999999 0.21238888888888888 0.051578125 0.06620370370370371
3 0.5545260416666667 0.2149537037037037 0.033515625 0.061074074074074065
3 0.542453125 0.22677777777777777 0.040380208333333334 0.05713888888888889
3 0.5338072916666667 0.24174999999999996 0.03816145833333333 0.06737962962962962
1 0.7302760416666667 0.2429814814814815 0.10044270833333332 0.08271296296296296
3 0.518953125 0.25534259259259257 0.03905729166666667 0.07801851851851853
3 0.4965572916666667 0.2715 0.04217708333333334 0.07723148148148148
3 0.4953541666666667 0.27169444444444446 0.04325520833333333 0.07841666666666666
3 0.47228125 0.28175 0.044041666666666666 0.07801851851851853
3 0.4721927083333333 0.2831296296296296 0.04435416666666667 0.0792037037037037
3 0.41421874999999997 0.2835185185185185 0.05292708333333333 0.07211111111111111
3 0.4625416666666667 0.29297222222222224 0.047703125 0.0792037037037037
3 0.46266666666666667 0.29337037037037034 0.047453125 0.07999074074074074
1 0.60765625 0.3011388888888889 0.14770833333333336 0.14906481481481482
1 0.694390625 0.30544444444444446 0.17383854166666665 0.10942592592592593
5 0.42475 0.31940740740740736 0.0393125 0.12037037037037036
3 0.4268645833333334 0.3256851851851852 0.048130208333333334 0.06501851851851852
1 0.6699166666666667 0.432537037037037 0.22860416666666666 0.2326388888888889
1 0.48869270833333334 0.4502037037037037 0.15889583333333332 0.20592592592592593
3 0.237421875 0.46338888888888885 0.057416666666666664 0.1065
3 0.215109375 0.4713148148148148 0.04496354166666667 0.10876851851851851
3 0.20130208333333333 0.4879351851851852 0.063234375 0.0966851851851852
5 0.69675 0.49871296296296297 0.05544270833333333 0.1764351851851852
3 0.18240104166666665 0.5147499999999999 0.046677083333333334 0.1004537037037037
3 0.16179687499999998 0.5223055555555556 0.04201041666666667 0.11556481481481481
5 0.22858854166666667 0.5397037037037037 0.060093749999999994 0.1914722222222222
3 0.140984375 0.5472314814814815 0.04371875 0.11102777777777778
3 0.12250520833333334 0.5706388888888888 0.047546875 0.1004537037037037
3 0.10381770833333334 0.5933055555555555 0.04670833333333334 0.10348148148148148
5 0.36337499999999995 0.5972777777777777 0.052145833333333336 0.20973148148148146
5 0.4246979166666666 0.6062407407407407 0.06689583333333333 0.23667592592592593
3 0.08491145833333333 0.6091666666666666 0.04034375 0.09592592592592591
3 0.07005208333333333 0.626537037037037 0.038661458333333336 0.1004537037037037
3 0.015171875 0.637212962962963 0.020151041666666664 0.06674074074074074
3 0.03925520833333333 0.6444537037037037 0.045723958333333335 0.12026851851851851
3 0.008567708333333333 0.7014351851851851 0.017135416666666667 0.09318518518518519
5 0.30616145833333336 0.7336574074074075 0.079421875 0.22491666666666665
5 0.05797395833333333 0.7515925925925926 0.08313541666666667 0.18037962962962964
1 0.6576354166666667 0.779324074074074 0.369984375 0.39814814814814814
5 0.046218749999999996 0.785324074074074 0.0641875 0.1880925925925926
5 0.7466614583333333 0.0830462962962963 0.013604166666666667 0.03690740740740741