1 0.48456640625 0.8222222222222222 0.5060703125 0.35555555555555557
3 0.78681640625 0.08368055555555555 0.0038203125 0.029861111111111113
1 0.85360546875 0.08784722222222222 0.050101562499999995 0.01597222222222222
5 0.69444921875 0.09697222222222221 0.01212109375 0.017361111111111112
1 0.85711328125 0.10277777777777777 0.05456640625 0.029166666666666667
1 0.8705859374999999 0.12777777777777777 0.03855078125 0.03333333333333333
5 0.63371484375 0.1388888888888889 0.014027343749999999 0.07083333333333333
5 0.7920859375 0.1486111111111111 0.014363281250000002 0.06805555555555555
5 0.65324609375 0.15625 0.013238281250000001 0.075
3 0.5805976562499999 0.1642361111111111 0.029667968750000002 0.035416666666666666
4 0.71701953125 0.20052083333333334 0.12278906249999999 0.1892361111111111
5 0.78681640625 0.06111111111111111 0.0069453125 0.016666666666666666