3 0.7149010416666666 0.09806481481481481 0.028119791666666668 0.02273148148148148
3 0.6803489583333333 0.11384259259259259 0.010213541666666666 0.01810185185185185
0 0.7583020833333334 0.12674074074074074 0.033067708333333334 0.08680555555555555
5 0.7370364583333333 0.13025925925925927 0.009046875000000001 0.05176851851851851
0 0.6990677083333333 0.16898148148148148 0.059125 0.11342592592592593
3 0.7535937500000001 0.17892592592592593 0.045572916666666664 0.029953703703703705
1 0.5926354166666666 0.1834537037037037 0.12621354166666668 0.1261574074074074
3 0.49275520833333336 0.20328703703703704 0.032515625 0.0713425925925926
3 0.709640625 0.2192222222222222 0.020166666666666666 0.053925925925925926
5 0.5072760416666667 0.2561574074074074 0.028166666666666666 0.08449074074074074
5 0.43244791666666665 0.28809259259259257 0.03286979166666667 0.08080555555555555
5 0.5007916666666666 0.3042407407407407 0.040296875 0.09375
2 0.6821302083333334 0.32060185185185186 0.20493750000000002 0.2361111111111111
3 0.43727083333333333 0.3312314814814815 0.021322916666666667 0.051555555555555556
3 0.503484375 0.3449074074074074 0.059296875 0.09736111111111112
5 0.27133854166666665 0.40123148148148147 0.048374999999999994 0.12962962962962962
5 0.25640104166666666 0.44907407407407407 0.033171874999999997 0.07407407407407407
5 0.22739062499999999 0.4675925925925926 0.029838541666666666 0.1574074074074074
5 0.19647395833333334 0.47164814814814815 0.031802083333333335 0.15162037037037038
5 0.22088541666666667 0.5023148148148148 0.025932291666666666 0.07407407407407407
5 0.11536458333333334 0.5302037037037037 0.03405729166666667 0.1962037037037037
3 0.16197395833333333 0.5320185185185186 0.05264583333333333 0.11187962962962963
5 0.07276041666666666 0.5826759259259259 0.039338541666666664 0.17857407407407408
3 0.020072916666666666 0.6759259259259259 0.034468750000000006 0.12037037037037036
3 0.6540677083333333 0.716824074074074 0.15411979166666667 0.17592592592592593
3 0.7319479166666666 0.07807407407407407 0.015333333333333334 0.012203703703703703
3 0.7194010416666666 0.08796296296296297 0.021963541666666666 0.02188888888888889