3 0.7102708333333333 0.09522222222222222 0.019817708333333333 0.02226851851851852
3 0.712875 0.12625 0.009822916666666666 0.03428703703703704
3 0.7018958333333334 0.1346388888888889 0.010953125000000001 0.03353703703703704
5 0.635296875 0.1361111111111111 0.01708854166666667 0.04814814814814815
0 0.6713541666666667 0.1376388888888889 0.053234374999999994 0.09508333333333333
0 0.754671875 0.1388888888888889 0.03947395833333334 0.09512037037037037
5 0.5923333333333333 0.15138888888888888 0.013463541666666667 0.058333333333333334
5 0.58090625 0.1597222222222222 0.012494791666666666 0.06018518518518518
5 0.6618541666666666 0.16018518518518518 0.026453125 0.08518518518518518
3 0.7256770833333334 0.16119444444444445 0.018421874999999997 0.041249999999999995
5 0.611859375 0.16805555555555557 0.021265625 0.09166666666666666
5 0.7492291666666666 0.16856481481481483 0.021963541666666666 0.06271296296296297
5 0.4798541666666667 0.17175925925925925 0.019755208333333333 0.04537037037037037
3 0.5793645833333334 0.18939814814814815 0.032140625 0.031990740740740736
5 0.629046875 0.19212962962962962 0.022302083333333333 0.05648148148148148
5 0.6532604166666667 0.19212962962962962 0.01864583333333333 0.07314814814814814
3 0.5733333333333334 0.2068611111111111 0.03380208333333334 0.032407407407407406
3 0.6744322916666667 0.20875 0.02908854166666667 0.02946296296296296
3 0.55309375 0.2112777777777778 0.031677083333333335 0.040407407407407406
3 0.49806249999999996 0.2117037037037037 0.04045833333333334 0.036194444444444446
3 0.6950208333333333 0.22200925925925927 0.052281249999999994 0.033249999999999995
3 0.5324479166666667 0.23425925925925925 0.03222916666666667 0.037037037037037035
1 0.7311041666666667 0.2518518518518518 0.10245833333333333 0.06851851851851852
3 0.47047916666666667 0.26851851851851855 0.041625 0.03333333333333333
5 0.510984375 0.27116666666666667 0.034828125 0.12698148148148147
3 0.4040885416666667 0.29398148148148145 0.03071875 0.06944444444444445
1 0.606640625 0.29768518518518516 0.148328125 0.1398148148148148
3 0.46396875000000004 0.30092592592592593 0.04527604166666667 0.06481481481481481
1 0.6985520833333333 0.3055555555555556 0.17172395833333332 0.10185185185185185
5 0.42580729166666664 0.3101851851851852 0.031140624999999998 0.11508333333333334
5 0.41083333333333333 0.37407407407407406 0.030661458333333332 0.09259259259259259
1 0.670140625 0.4305555555555556 0.22844791666666667 0.23148148148148148
1 0.4891875 0.45092592592592595 0.16029687499999998 0.21666666666666667
3 0.23637499999999997 0.47129629629629627 0.05305208333333333 0.09444444444444444
3 0.21623958333333335 0.48456481481481484 0.050281250000000006 0.09382407407407407
5 0.6228333333333332 0.4965277777777778 0.050859375000000005 0.17824074074074073
3 0.20148437500000002 0.5040092592592593 0.056187499999999994 0.08826851851851851
3 0.18065625000000002 0.5225277777777778 0.047864583333333335 0.09197222222222222
3 0.16188541666666667 0.5324074074074074 0.04713020833333333 0.09197222222222222
3 0.14070833333333335 0.5580277777777778 0.05269270833333333 0.09506481481481481
3 0.12334895833333334 0.5790092592592593 0.05061458333333334 0.08641666666666667
3 0.10304166666666667 0.5996944444444444 0.04958333333333333 0.09321296296296297
3 0.08186458333333334 0.6132685185185186 0.04889583333333333 0.08826851851851851
3 0.06519791666666667 0.6283981481481481 0.04820833333333333 0.09382407407407407
3 0.04227604166666667 0.6586388888888889 0.04263541666666667 0.09506481481481481
3 0.024395833333333335 0.6712962962962963 0.04506770833333333 0.10308333333333333
3 0.009989583333333333 0.7101851851851851 0.01834375 0.07592592592592592
1 0.6551354166666666 0.7766203703703703 0.36719270833333334 0.39737962962962964