3 0.7132708333333333 0.10218518518518518 0.027463541666666664 0.021824074074074076
3 0.7065781250000001 0.11607407407407408 0.024494791666666668 0.025796296296296296
0 0.670296875 0.12757407407407406 0.053135416666666664 0.09464814814814815
3 0.6980208333333333 0.12797222222222224 0.014822916666666667 0.023148148148148147
0 0.7536145833333333 0.13271296296296298 0.035744791666666664 0.08025
1 0.589578125 0.16461111111111112 0.11739583333333334 0.09053703703703704
3 0.746421875 0.16898148148148148 0.04201041666666667 0.027777777777777776
3 0.7331875 0.18171296296296297 0.029432291666666666 0.023916666666666666
3 0.7279791666666667 0.20062037037037037 0.03897916666666667 0.02160185185185185
5 0.630046875 0.20112962962962963 0.024723958333333334 0.0730462962962963
3 0.49296354166666667 0.20164814814814816 0.029489583333333333 0.051444444444444445
3 0.6746041666666667 0.2025462962962963 0.014697916666666666 0.03626851851851852
3 0.67959375 0.21682407407407406 0.044640624999999996 0.02623148148148148
3 0.7193020833333333 0.21682407407407406 0.03290625 0.02623148148148148
5 0.5961979166666667 0.22067592592592594 0.019526041666666667 0.06275925925925926
5 0.41076041666666663 0.26646296296296296 0.019026041666666667 0.09464814814814815
5 0.57715625 0.2824074074074074 0.03358333333333333 0.1111111111111111
3 0.41480729166666663 0.2916666666666667 0.04215625 0.046296296296296294
2 0.6861927083333333 0.31121296296296297 0.19256770833333334 0.19855555555555554
5 0.6755052083333334 0.33385185185185184 0.0369375 0.18003703703703702
5 0.22615104166666666 0.4269537037037037 0.023640625000000002 0.08230555555555556
5 0.5765 0.4351851851851852 0.050505208333333336 0.2037037037037037
5 0.19577604166666665 0.44136111111111115 0.028864583333333336 0.08025
5 0.25710416666666663 0.44392592592592595 0.025364583333333336 0.08127777777777778
5 0.3430677083333334 0.4526759259259259 0.031781250000000004 0.10082407407407408
5 0.6279270833333332 0.4537037037037037 0.04136979166666667 0.2222222222222222
5 0.17147395833333334 0.4537037037037037 0.033499999999999995 0.10082407407407408
5 0.6604687499999999 0.47800925925925924 0.04396354166666667 0.19675925925925927
3 0.21341145833333333 0.48148148148148145 0.03288541666666667 0.07407407407407407
3 0.3520052083333333 0.5082314814814815 0.05660416666666667 0.08848148148148148
3 0.16420312499999998 0.5324074074074074 0.036328125 0.07922222222222222
3 0.12399479166666666 0.5632685185185186 0.038078125 0.11008333333333334
5 0.09365104166666667 0.5936203703703704 0.029484375 0.06378703703703703
5 0.06296354166666666 0.6193425925925926 0.020192708333333333 0.07407407407407407
3 0.5230104166666666 0.6198518518518519 0.11389583333333334 0.1265462962962963
3 0.016375 0.668212962962963 0.028864583333333336 0.10596296296296297
3 0.6517447916666667 0.7021574074074074 0.14682291666666666 0.20267592592592593
3 0.7393333333333333 0.07229629629629629 0.016583333333333332 0.009259259259259259
3 0.7284166666666666 0.07799074074074075 0.023197916666666665 0.017092592592592593
3 0.71978125 0.09225925925925926 0.02783333333333333 0.021824074074074076