5 0.640890625 0.2725740740740741 0.004713541666666667 0.02507407407407407
5 0.648484375 0.27391666666666664 0.005578125000000001 0.029324074074074075
5 0.659765625 0.2743055555555556 0.0060104166666666665 0.023148148148148147
5 0.6536927083333333 0.27469444444444446 0.004708333333333333 0.02546296296296296
5 0.6816927083333333 0.2841388888888889 0.006895833333333334 0.014277777777777778
5 0.6937395833333333 0.2847222222222222 0.007541666666666667 0.02237962962962963
5 0.6750624999999999 0.2856851851851852 0.005354166666666666 0.027388888888888886
5 0.7025260416666667 0.2876111111111111 0.008192708333333333 0.0297037037037037
5 0.7100104166666666 0.2881944444444444 0.006671875 0.03395370370370371
5 0.6668177083333333 0.29012037037037036 0.007526041666666666 0.04089814814814815
2 0.5969531250000001 0.30188888888888893 0.028380208333333334 0.02662037037037037
3 0.6668333333333333 0.31905555555555554 0.017098958333333334 0.027777777777777776
1 0.5485416666666667 0.325 0.05316666666666667 0.03888888888888889
3 0.7020885416666667 0.3283148148148148 0.026416666666666665 0.029324074074074075
1 0.6042187499999999 0.3410462962962963 0.04291666666666667 0.059416666666666666
3 0.6940624999999999 0.36593518518518514 0.014703125000000001 0.046685185185185184
0 0.5761197916666667 0.37017592592592596 0.043578125 0.08294444444444445
3 0.6161927083333333 0.3958333333333333 0.023744791666666668 0.06018518518518518
3 0.57134375 0.40219444444444447 0.05399479166666667 0.04050925925925926
0 0.7222083333333333 0.4048981481481482 0.047338541666666664 0.1284722222222222
3 0.7640520833333333 0.4340277777777778 0.05399479166666667 0.03780555555555555
3 0.5849479166666666 0.4359537037037037 0.06194270833333334 0.037037037037037035
3 0.768609375 0.44887962962962963 0.05919791666666666 0.04359259259259259
3 0.7804375 0.45678703703703705 0.05377083333333333 0.041666666666666664
3 0.5803906249999999 0.4699074074074074 0.06758854166666667 0.08950925925925926
3 0.7795677083333333 0.4702962962962963 0.05984375 0.03317592592592592
3 0.5467604166666666 0.48187037037037034 0.08018229166666666 0.03780555555555555
3 0.832953125 0.5135000000000001 0.06809375000000001 0.04321296296296297
3 0.8340364583333333 0.5181296296296297 0.06765625 0.05787037037037037
3 0.863328125 0.5435925925925926 0.06808333333333333 0.05015740740740741
3 0.5300520833333333 0.5501574074074074 0.08409375000000001 0.13117592592592592
3 0.870703125 0.5599907407407407 0.07371875 0.06442592592592593
3 0.8105 0.5632685185185186 0.03750520833333334 0.057101851851851855
3 0.4773229166666667 0.5748425925925926 0.09496354166666668 0.11728703703703704
5 0.536046875 0.5895092592592592 0.04306770833333333 0.2037037037037037
3 0.8829635416666667 0.5947129629629629 0.060046875000000006 0.08603703703703704
3 0.469296875 0.6099537037037037 0.10494791666666667 0.16589814814814813
3 0.8320833333333333 0.6253888888888889 0.08197916666666667 0.10802777777777778
3 0.434578125 0.6253888888888889 0.12752604166666667 0.1674351851851852
3 0.9260520833333333 0.6475740740740741 0.08763020833333333 0.13773148148148148
3 0.3647395833333333 0.6961851851851851 0.13404166666666667 0.19714814814814813
3 0.864625 0.7021574074074074 0.10930729166666667 0.1574074074074074
2 0.6462447916666666 0.7330277777777777 0.3051302083333333 0.5339444444444444
3 0.8720208333333334 0.7505740740740741 0.10738541666666666 0.16782407407407407
3 0.9004375 0.8061296296296296 0.1331875 0.16937037037037037