3 0.72203125 0.09618518518518518 0.025437500000000002 0.022657407407407407
3 0.7138958333333334 0.10100925925925926 0.027067708333333333 0.024592592592592593
3 0.70725 0.10535185185185185 0.025171875 0.02748148148148148
3 0.7019635416666666 0.11547222222222221 0.02490104166666667 0.026518518518518518
0 0.7548385416666666 0.11667592592592593 0.036270833333333335 0.07136111111111111
3 0.6970833333333334 0.11885185185185186 0.021109375 0.024592592592592593
5 0.7563177083333333 0.12360185185185187 0.010395833333333333 0.038453703703703705
3 0.6936927083333334 0.12825 0.02138020833333333 0.031824074074074074
3 0.6843385416666667 0.13162962962962962 0.020572916666666666 0.02025
3 0.6806770833333334 0.14392592592592593 0.019760416666666666 0.03037962962962963
5 0.74859375 0.16040740740740742 0.013484375 0.06152777777777778
1 0.5941875 0.17284259259259258 0.12115625000000001 0.1111111111111111
3 0.7479270833333334 0.1837037037037037 0.043609375 0.023138888888888886
3 0.49354166666666666 0.2048611111111111 0.032213541666666665 0.0725925925925926
3 0.7198645833333334 0.21841666666666665 0.03521354166666667 0.04532407407407408
2 0.6817447916666667 0.3285277777777778 0.202828125 0.25046296296296294
5 0.2860416666666667 0.39837962962962964 0.038182291666666666 0.1291388888888889
5 0.31668749999999996 0.4070185185185185 0.033166666666666664 0.1373425925925926
5 0.2727760416666667 0.43749074074074074 0.043854166666666666 0.13987037037037037
5 0.25322395833333333 0.45112037037037034 0.020234375000000002 0.07251851851851851
5 0.230984375 0.4569814814814815 0.034942708333333336 0.12924074074074074
5 0.191890625 0.4780925925925926 0.05142708333333333 0.11197222222222222
3 0.24406770833333333 0.48465740740740737 0.026406250000000003 0.0748148148148148
3 0.19454687499999998 0.512 0.025249999999999998 0.07471296296296297
3 0.15839583333333335 0.5224351851851852 0.03700520833333333 0.09778703703703703
5 0.13648958333333333 0.5709907407407407 0.04864583333333334 0.17900925925925928
3 0.11236458333333334 0.5806666666666667 0.035166666666666666 0.10657407407407407
5 0.07650520833333332 0.6048425925925927 0.021541666666666667 0.07361111111111111
5 0.049317708333333335 0.6356018518518519 0.028968749999999998 0.08679629629629629
3 0.016567708333333334 0.6735092592592592 0.028984375 0.11426851851851852
3 0.6523333333333333 0.7175925925925926 0.15411458333333333 0.18826851851851853
3 0.73965625 0.0730462962962963 0.019463541666666664 0.01687962962962963
3 0.72528125 0.08510185185185185 0.024348958333333334 0.01590740740740741