3 0.72310546875 0.07102083333333332 0.024792968749999998 0.025881944444444447
1 0.80824609375 0.08506944444444445 0.02448828125 0.036458333333333336
1 0.8492539062500001 0.09027777777777778 0.05086328125 0.029513888888888888
5 0.7000390624999999 0.09248611111111112 0.0070703125 0.028409722222222218
5 0.69240625 0.09690972222222223 0.008136718749999999 0.02336111111111111
3 0.71991015625 0.10069444444444445 0.022664062500000002 0.03345833333333333
1 0.8106796875000001 0.1015625 0.02335546875 0.043402777777777776
1 0.85803125 0.10373611111111111 0.060441406249999996 0.035590277777777776
1 0.870484375 0.12456944444444444 0.03846484375 0.028645833333333332
5 0.66463671875 0.16261805555555556 0.011984375 0.08102083333333333
1 0.616859375 0.16627777777777777 0.0762890625 0.07793055555555556
4 0.71783984375 0.1993611111111111 0.1229453125 0.19270833333333334
5 0.09108984375 0.4913194444444444 0.03495703125 0.09375
5 0.8227265625 0.5167847222222222 0.05030078125 0.13310416666666666
5 0.258703125 0.5208333333333334 0.048558593750000004 0.20833333333333334
5 0.77130078125 0.5289375 0.050324218750000003 0.125
5 0.7728242187500001 0.06060416666666667 0.0049140625 0.027777777777777776