5 0.459515625 0.23958333333333334 0.012463541666666666 0.05478703703703704
4 0.324546875 0.24768518518518517 0.11840104166666668 0.19599074074074072
1 0.41202083333333334 0.27738888888888885 0.07893229166666667 0.09799074074074074
5 0.5595677083333332 0.2843333333333333 0.019859375000000002 0.07175925925925926
5 0.3666770833333333 0.2889629629629629 0.023838541666666668 0.09799074074074074
5 0.6539479166666666 0.2970648148148148 0.02372916666666667 0.08950925925925926
5 0.22973958333333336 0.31983333333333336 0.03034375 0.10725
5 0.5986197916666666 0.32484259259259257 0.023317708333333336 0.14969444444444444
3 0.5548177083333333 0.33988888888888885 0.025125 0.0625
3 0.5760833333333333 0.3418240740740741 0.02425 0.0787037037037037
5 0.6276927083333333 0.3449074074074074 0.02678125 0.1512314814814815
5 0.5189375 0.34964814814814815 0.03216666666666666 0.17063888888888887
5 0.47429166666666667 0.3680555555555556 0.039421875 0.19444444444444445
3 0.6800104166666666 0.3742314814814815 0.06456770833333333 0.08950925925925926
3 0.6956302083333333 0.38502777777777775 0.05761979166666666 0.08025
3 0.7208020833333334 0.3915925925925926 0.04459375 0.09645370370370371
5 0.306328125 0.3923611111111111 0.032484374999999996 0.10262037037037038
5 0.27378125 0.3958333333333333 0.029890625 0.0941388888888889
3 0.73121875 0.4043240740740741 0.022020833333333333 0.10802777777777778
2 0.8510729166666666 0.48456481481481484 0.22753125000000002 0.24074074074074073
3 0.9767343749999999 0.5023148148148148 0.029229166666666664 0.1712962962962963
3 0.9921927083333333 0.5290648148148148 0.015609375 0.1260277777777778
5 0.8345989583333334 0.6496944444444444 0.074203125 0.3611111111111111
5 0.4840885416666667 0.6737222222222222 0.10880729166666667 0.3932962962962963
3 0.176515625 0.7646574074074074 0.11914583333333333 0.22530555555555556
5 0.11858333333333333 0.8410462962962963 0.13869270833333333 0.3117314814814815