5 0.14339583333333333 0.21708333333333332 0.007484375 0.05009259259259259
5 0.2688125 0.22842592592592592 0.011338541666666667 0.033277777777777774
4 0.19464062499999998 0.25199074074074074 0.08677604166666668 0.15638888888888888
3 0.2693229166666667 0.2663425925925926 0.016651041666666665 0.031731481481481486
5 0.43541145833333333 0.27241666666666664 0.016984375 0.047712962962962964
3 0.47085416666666663 0.2749074074074074 0.054218749999999996 0.06480555555555555
5 0.12441145833333334 0.2856574074074074 0.030104166666666664 0.19866666666666666
4 0.32675 0.29097222222222224 0.09803645833333333 0.23795370370370372
3 0.2542083333333333 0.32478703703703704 0.033734375 0.0801574074074074
3 0.5637135416666667 0.3260092592592592 0.040296875 0.08296296296296296
3 0.5793854166666667 0.33528703703703705 0.033276041666666666 0.08442592592592593
5 0.42792708333333335 0.33850925925925923 0.026151041666666666 0.08606481481481482
3 0.5933177083333334 0.33977777777777773 0.03474479166666666 0.0875
3 0.6138489583333333 0.3403240740740741 0.03911979166666667 0.09574074074074075
3 0.6326197916666667 0.3448240740740741 0.042354166666666665 0.09087037037037037
3 0.6513229166666666 0.3579814814814815 0.04604166666666667 0.08890740740740741
5 0.6872760416666667 0.35947222222222225 0.026135416666666668 0.17029629629629628
3 0.6579166666666667 0.3772222222222222 0.0261875 0.07971296296296297
3 0.6877291666666667 0.37867592592592597 0.059598958333333334 0.09831481481481483
5 0.3270572916666667 0.38860185185185186 0.03772916666666667 0.1610740740740741
5 0.5312916666666667 0.3890925925925926 0.036625 0.18981481481481483
5 0.853 0.39333333333333337 0.026515624999999998 0.09088888888888888
5 0.8717916666666666 0.3986851851851852 0.025125 0.11127777777777778
3 0.7479375 0.4018055555555555 0.050562499999999996 0.10522222222222222
3 0.8966927083333334 0.4060648148148148 0.025177083333333336 0.04633333333333333
3 0.9094114583333333 0.408287037037037 0.020588541666666668 0.04188888888888889
3 0.7683854166666666 0.41190740740740744 0.045989583333333334 0.10768518518518519
3 0.802484375 0.4229907407407407 0.04516145833333333 0.11212037037037037
3 0.816625 0.4365462962962963 0.052921875 0.11606481481481482
3 0.9229531249999999 0.4592685185185185 0.02480729166666667 0.0941388888888889
5 0.944484375 0.467 0.030630208333333336 0.14262037037037037
5 0.190484375 0.47579629629629633 0.04413541666666666 0.27225925925925926
5 0.9699010416666667 0.5041111111111112 0.029052083333333333 0.20382407407407407
3 0.8771197916666666 0.5049166666666666 0.10627083333333333 0.14985185185185185
3 0.9458958333333333 0.5165185185185186 0.023505208333333336 0.09303703703703704
5 0.9783489583333334 0.5298518518518519 0.04330208333333333 0.23229629629629628
5 0.11801041666666667 0.5545740740740741 0.050979166666666666 0.3010740740740741
5 0.19688541666666665 0.6162314814814814 0.00006770833333333333 0.004388888888888889
3 0.24751562500000002 0.8450555555555556 0.106578125 0.3076574074074074