3 0.7450885416666666 0.9490740740740741 0.10121875 0.10185185185185185
5 0.5821875 0.2490740740740741 0.004942708333333334 0.024657407407407406
5 0.6462864583333333 0.25242592592592594 0.0035260416666666665 0.020787037037037038
5 0.6509427083333333 0.254537037037037 0.002932291666666667 0.017962962962962962
5 0.6651041666666667 0.2548888888888889 0.004708333333333333 0.02149074074074074
5 0.6549010416666667 0.2564722222222222 0.0033229166666666667 0.01902777777777778
5 0.6419270833333334 0.27867592592592594 0.004322916666666667 0.022546296296296297
5 0.63984375 0.28096296296296297 0.0033333333333333335 0.016555555555555556
5 0.6683749999999999 0.2883611111111111 0.006093749999999999 0.04192592592592593
5 0.6633229166666667 0.28924074074074074 0.003916666666666666 0.0380462962962963
5 0.656390625 0.2897685185185185 0.003916666666666666 0.039101851851851846
5 0.6516354166666667 0.29187962962962966 0.003921875 0.039101851851851846
5 0.6449947916666667 0.2932962962962963 0.0057083333333333335 0.03981481481481482
5 0.6241927083333334 0.29487962962962966 0.007697916666666666 0.029592592592592594
5 0.6353854166666667 0.2971666666666667 0.007494791666666667 0.03205555555555555
5 0.5823854166666667 0.30333333333333334 0.006526041666666666 0.037342592592592594
1 0.6046927083333333 0.30871296296296297 0.026567708333333332 0.021546296296296296
1 0.5540677083333333 0.3170462962962963 0.06446354166666667 0.044675925925925924
5 0.6350885416666666 0.3220092592592592 0.0053124999999999995 0.018324074074074072
5 0.6927135416666667 0.3222037037037037 0.0070572916666666674 0.03873148148148148
1 0.6077239583333333 0.32933333333333337 0.034734375 0.03935185185185185
1 0.5538802083333334 0.32971296296296293 0.06558854166666667 0.05400925925925926
1 0.5400104166666666 0.330712962962963 0.039343750000000004 0.045342592592592594
5 0.7538645833333334 0.3426111111111111 0.0085625 0.030851851851851853
5 0.6257760416666667 0.3449074074074074 0.0072968749999999995 0.06482407407407408
5 0.6361770833333333 0.35088888888888886 0.007890625 0.0612962962962963
5 0.6435104166666666 0.3547685185185185 0.007885416666666667 0.0669351851851852
5 0.7556927083333334 0.35803703703703704 0.005822916666666666 0.037342592592592594
0 0.5753177083333333 0.3635277777777778 0.0458125 0.07401851851851851
5 0.696140625 0.3904444444444444 0.011770833333333335 0.10035185185185184
0 0.72509375 0.3925462962962963 0.04053645833333333 0.11447222222222221
5 0.6716770833333333 0.3995462962962963 0.022661458333333332 0.1161574074074074
3 0.578734375 0.40217592592592594 0.033213541666666666 0.011407407407407408
5 0.5832708333333334 0.4131851851851852 0.01646875 0.06524074074074074
3 0.5854791666666667 0.4135925925925926 0.0414375 0.014333333333333333
3 0.5844895833333333 0.42880555555555555 0.0414375 0.014925925925925928
3 0.7600104166666667 0.43275 0.04608333333333334 0.012675925925925926
3 0.5820208333333333 0.4472407407407407 0.05230208333333333 0.023703703703703706
5 0.623703125 0.44752777777777775 0.037828125 0.13580555555555554
3 0.766578125 0.4491018518518518 0.04645833333333334 0.010675925925925926
3 0.767328125 0.4527685185185185 0.04495833333333333 0.007342592592592592
3 0.7814010416666667 0.46011111111111114 0.04307291666666667 0.008675925925925925
5 0.7168802083333333 0.46114814814814814 0.017713541666666666 0.1087962962962963
3 0.7791510416666667 0.46978703703703706 0.05358333333333333 0.010675925925925926
3 0.5802083333333333 0.4728425925925926 0.05921354166666667 0.042138888888888885
5 0.7273802083333333 0.4818518518518518 0.010401041666666666 0.15669444444444444
3 0.7765208333333333 0.4827962962962963 0.05358333333333333 0.007342592592592592
3 0.5513697916666668 0.4869351851851852 0.06959895833333334 0.03443518518518518
3 0.7834635416666667 0.4931388888888889 0.05470833333333334 0.010675925925925926
3 0.7926614583333333 0.5048148148148148 0.06258333333333334 0.020685185185185185
5 0.7134531249999999 0.507425925925926 0.018166666666666668 0.13314814814814815
3 0.5477552083333334 0.5123703703703704 0.07406770833333334 0.03403703703703703
3 0.8356302083333333 0.5215000000000001 0.052432291666666665 0.02335185185185185
3 0.7800885416666666 0.5258425925925926 0.048703125 0.03737037037037037
3 0.49918229166666667 0.5306018518518518 0.017411458333333334 0.027694444444444445
3 0.8476510416666667 0.5408518518518518 0.05320833333333333 0.02335185185185185
3 0.8585364583333334 0.554537037037037 0.059958333333333336 0.022685185185185187
3 0.44383854166666664 0.5579999999999999 0.024734375 0.03235185185185185
3 0.7913489583333334 0.5678796296296296 0.047947916666666666 0.04937962962962963
3 0.8666041666666667 0.5735555555555556 0.059578125 0.01400925925925926
3 0.4200625 0.5760185185185185 0.0268125 0.04778703703703704
3 0.872046875 0.596574074074074 0.053197916666666664 0.022685185185185187
3 0.39959895833333337 0.6076296296296296 0.021447916666666667 0.03896296296296296
3 0.8136875 0.6202592592592593 0.06785416666666667 0.05405555555555556
3 0.9219739583333334 0.6262685185185185 0.051703124999999996 0.04471296296296296
3 0.3865572916666667 0.6384629629629629 0.032135416666666666 0.04964814814814814
3 0.8514010416666667 0.6542962962962963 0.07572395833333333 0.048712962962962965
3 0.746140625 0.6629722222222222 0.04536458333333333 0.12612037037037038
3 0.9623125 0.6673055555555556 0.06632291666666666 0.06673148148148147
3 0.022578125 0.6724537037037037 0.04431770833333334 0.15046296296296297
3 0.8868802083333333 0.6883333333333334 0.05658333333333333 0.05538888888888889
3 0.35120833333333334 0.703675925925926 0.101796875 0.13935185185185187
3 0.824578125 0.7166851851851852 0.097140625 0.08808333333333333
3 0.9655208333333333 0.7357037037037036 0.043453125 0.07540740740740741
2 0.551640625 0.7561759259259259 0.3312083333333333 0.46296296296296297
3 0.8666145833333334 0.7617314814814814 0.09188541666666666 0.06072222222222222
3 0.98090625 0.7650648148148148 0.028432291666666668 0.07407407407407407
3 0.98109375 0.814787037037037 0.03647916666666667 0.06539814814814815
3 0.8662395833333334 0.835138888888889 0.12641145833333334 0.11277777777777777
3 0.7615364583333334 0.8478148148148148 0.04613020833333333 0.24489814814814817