4 0.726671875 0.15091666666666667 0.0238671875 0.04861111111111111
5 0.751171875 0.17083333333333334 0.00546875 0.019444444444444445
5 0.636328125 0.175 0.00703125 0.025
5 0.73828125 0.17847222222222223 0.00625 0.034722222222222224
5 0.746484375 0.17847222222222223 0.00390625 0.034722222222222224
5 0.64921875 0.18888888888888888 0.009375 0.05277777777777778
1 0.766796875 0.2 0.04296875 0.03888888888888889
3 0.646875 0.20277777777777778 0.0203125 0.027777777777777776
5 0.71015625 0.20625 0.0078125 0.04583333333333333
5 0.614453125 0.20694444444444443 0.01328125 0.06388888888888888
5 0.71796875 0.20694444444444443 0.00625 0.041666666666666664
0 0.503515625 0.27291666666666664 0.06015625 0.12638888888888888