5 0.6410729166666667 0.24981481481481482 0.0034895833333333333 0.016981481481481483
2 0.5595 0.32037037037037036 0.06653645833333334 0.046296296296296294
5 0.5415364583333333 0.33475925925925926 0.012911458333333332 0.05555555555555555
5 0.6735208333333333 0.3478981481481482 0.020151041666666664 0.07158333333333333
5 0.6166874999999999 0.3488981481481481 0.013921875 0.07812962962962963
1 0.6972864583333334 0.3490740740740741 0.029614583333333333 0.1
5 0.6406822916666666 0.35245370370370366 0.019197916666666665 0.0834074074074074
0 0.7272291666666667 0.3712962962962963 0.031161458333333333 0.11666666666666667
5 0.6292604166666667 0.37424999999999997 0.014958333333333332 0.09010185185185185
3 0.5686197916666667 0.3799814814814815 0.022505208333333335 0.040601851851851854
5 0.585015625 0.3849351851851852 0.023828125 0.08825000000000001
3 0.7656666666666666 0.44292592592592595 0.058520833333333334 0.05731481481481481
3 0.575640625 0.45046296296296295 0.044661458333333334 0.05277777777777778
3 0.7792135416666667 0.46219444444444446 0.07200520833333333 0.047842592592592596
3 0.7835520833333334 0.4718333333333333 0.07634375 0.05015740740740741
3 0.7863749999999999 0.48340740740740745 0.078515625 0.03780555555555555
3 0.7915833333333333 0.5042407407407408 0.08458854166666667 0.04552777777777778
3 0.55325 0.5097222222222222 0.08528645833333333 0.08611111111111111
3 0.8540520833333333 0.5370370370370371 0.077515625 0.07222222222222222
3 0.54465625 0.537962962962963 0.094140625 0.10555555555555556
3 0.7798489583333333 0.5537037037037037 0.057234375 0.09074074074074075
3 0.5360625 0.562037037037037 0.09466666666666666 0.11296296296296296
3 0.799375 0.5708333333333333 0.06608333333333333 0.0824074074074074
3 0.47669791666666667 0.5740740740740741 0.10614583333333334 0.15185185185185185
3 0.8772239583333333 0.5879629629629629 0.07490104166666667 0.06666666666666667
3 0.45716666666666667 0.6083333333333333 0.11188020833333333 0.15
3 0.9266927083333333 0.6226851851851852 0.07280208333333334 0.06759259259259259
3 0.813171875 0.6296296296296297 0.09367708333333334 0.11296296296296296
3 0.8522239583333333 0.6439814814814815 0.08949479166666667 0.08981481481481482
3 0.441546875 0.6449074074074074 0.11709375 0.13425925925925927
3 0.023161458333333333 0.668212962962963 0.04159895833333334 0.1388888888888889
3 0.9638958333333334 0.674074074074074 0.07220833333333333 0.1259259259259259
3 0.4264427083333333 0.6791666666666667 0.12334895833333334 0.1638888888888889
3 0.87096875 0.6828703703703703 0.120734375 0.11018518518518519
3 0.36160937499999996 0.6828703703703703 0.13743229166666668 0.17685185185185184
3 0.8785208333333333 0.7245370370370371 0.11604166666666667 0.09537037037037037
3 0.8751354166666666 0.7851851851851852 0.13739583333333333 0.1574074074074074
3 0.979 0.7958333333333333 0.042 0.10462962962962963