5 0.6377343750000001 0.9333333333333333 0.07471875 0.13333333333333333
5 0.7172447916666667 0.10030555555555555 0.012989583333333334 0.04218518518518519
5 0.7037083333333333 0.12078703703703703 0.014083333333333333 0.07828703703703703
5 0.6897447916666667 0.12962962962962962 0.015510416666666667 0.07407407407407407
0 0.671515625 0.1313148148148148 0.053859375 0.08249074074074074
0 0.7543593749999999 0.13973148148148148 0.034895833333333334 0.08417592592592592
5 0.6469010416666666 0.14057407407407407 0.014104166666666666 0.050509259259259254
5 0.7250104166666667 0.14141666666666666 0.021651041666666666 0.04882407407407407
5 0.6767239583333333 0.14856481481481482 0.02071875 0.04292592592592592
5 0.6324635416666666 0.16035185185185186 0.019317708333333336 0.09343518518518518
5 0.7519947916666666 0.17087962962962963 0.019744791666666664 0.05724074074074074
5 0.57184375 0.18308333333333332 0.016453125 0.04461111111111111
5 0.6161302083333333 0.1839259259259259 0.019796875 0.09175
5 0.7150677083333333 0.18434259259259259 0.038697916666666665 0.026935185185185184
5 0.688796875 0.19318518518518518 0.017401041666666665 0.05976851851851851
5 0.6016927083333333 0.1940277777777778 0.022171875 0.10353703703703702
3 0.49326041666666665 0.20749074074074075 0.038260416666666665 0.06649999999999999
5 0.7103333333333333 0.21380555555555555 0.032072916666666666 0.03872222222222222
5 0.5299479166666666 0.2175925925925926 0.021677083333333333 0.05976851851851851
5 0.6757760416666667 0.22096296296296294 0.021666666666666667 0.09848148148148148
5 0.6573125 0.2230648148148148 0.024515625 0.11279629629629628
3 0.5865208333333333 0.2239074074074074 0.01834375 0.04713888888888888
3 0.5531406249999999 0.23358333333333334 0.03681770833333333 0.06649999999999999
1 0.7285520833333333 0.24831481481481482 0.103546875 0.07575925925925925
0 0.5469895833333334 0.25925925925925924 0.01788020833333333 0.05724074074074074
3 0.518109375 0.26599074074074075 0.043458333333333335 0.07575925925925925
3 0.4707708333333333 0.27525 0.04347395833333333 0.05218518518518518
3 0.4946770833333333 0.2777777777777778 0.0439375 0.06397222222222222
3 0.40496875 0.28662037037037036 0.04066145833333333 0.07323148148148148
3 0.46461458333333333 0.3030277777777778 0.050104166666666665 0.07744444444444444
1 0.69375 0.3076574074074074 0.17504166666666665 0.11026851851851852
3 0.4508854166666667 0.31565740740740744 0.05389583333333334 0.05892592592592592
1 0.6667604166666667 0.4288703703703704 0.23375520833333333 0.23148148148148148
1 0.47615104166666666 0.44599074074074074 0.15244791666666666 0.1989351851851852
3 0.23898958333333334 0.47053703703703703 0.05339583333333333 0.08417592592592592
5 0.5806718750000001 0.4765277777777778 0.03390625 0.23250925925925928
5 0.6076041666666666 0.47685185185185186 0.043468749999999994 0.14730555555555555
5 0.7061562499999999 0.48250925925925925 0.04994791666666667 0.22633333333333333
3 0.22644791666666667 0.4987407407407407 0.021687500000000002 0.06818518518518518
5 0.1888125 0.5218888888888888 0.032588541666666665 0.1632962962962963
3 0.161828125 0.5281944444444445 0.043958333333333335 0.09680555555555555
5 0.20971875 0.5339537037037037 0.02899479166666667 0.16049074074074074
3 0.14431249999999998 0.5585 0.05438020833333333 0.09343518518518518
3 0.12158854166666666 0.5791203703703705 0.04965625 0.09427777777777777
3 0.10478125 0.59975 0.048239583333333336 0.09848148148148148
3 0.08253645833333333 0.6195277777777778 0.03972916666666667 0.08080555555555555
3 0.067859375 0.6308888888888889 0.03594791666666666 0.0867037037037037
5 0.324625 0.633638888888889 0.056338541666666665 0.11789814814814814
3 0.7356145833333334 0.06558333333333333 0.009796875 0.018000000000000002
3 0.04486458333333333 0.6557222222222222 0.042041666666666665 0.10100925925925926
3 0.025927083333333333 0.6742407407407407 0.042046875000000004 0.11279629629629628
5 0.7526875000000001 0.07047222222222223 0.009791666666666667 0.02262962962962963
3 0.009598958333333333 0.7108611111111112 0.018859375 0.08501851851851851
3 0.7256354166666666 0.07201851851851852 0.010671874999999999 0.019546296296296294
1 0.6462395833333333 0.7391944444444445 0.3641510416666666 0.37962962962962965
5 0.7473333333333334 0.08307407407407408 0.012395833333333333 0.028296296296296295