5 0.6544479166666667 0.25294444444444447 0.0034583333333333332 0.012490740740740741
5 0.6395729166666667 0.25534259259259257 0.004114583333333334 0.022231481481481484
5 0.648734375 0.2562685185185185 0.0034375 0.015935185185185188
5 0.5625833333333333 0.25857407407407407 0.0047552083333333335 0.03581481481481481
5 0.6451718750000001 0.2593611111111111 0.004583333333333333 0.013962962962962963
3 0.648765625 0.2618425925925926 0.0032291666666666666 0.00949074074074074
3 0.6545052083333334 0.2632222222222222 0.0043124999999999995 0.007592592592592592
5 0.667203125 0.2737222222222222 0.005369791666666667 0.026351851851851852
5 0.5440625 0.27717592592592594 0.0066302083333333334 0.03572222222222222
5 0.6456770833333334 0.2781388888888889 0.0066302083333333334 0.033185185185185186
5 0.54125 0.27825 0.006734375 0.03507407407407408
5 0.552265625 0.2788055555555556 0.006473958333333333 0.03874074074074074
5 0.6306354166666667 0.2945277777777778 0.007380208333333333 0.03966666666666667
5 0.6616145833333333 0.29641666666666666 0.0056927083333333335 0.026314814814814815
5 0.6634791666666667 0.29921296296296296 0.005572916666666666 0.020722222222222222
5 0.5825833333333333 0.3035555555555555 0.008796875000000001 0.04382407407407407
1 0.5523645833333333 0.31092592592592594 0.06160416666666667 0.030694444444444444
1 0.549484375 0.3159259259259259 0.056666666666666664 0.028981481481481483
2 0.7084166666666667 0.31733333333333336 0.0830625 0.09367592592592593
5 0.6136822916666667 0.3281851851851852 0.012328125 0.04938888888888889
1 0.5494166666666668 0.328537037037037 0.056531250000000005 0.03738888888888889
5 0.6311458333333333 0.3357685185185185 0.014442708333333333 0.06752777777777778
5 0.6441822916666666 0.3370092592592593 0.011979166666666667 0.06777777777777778
5 0.663921875 0.3381574074074074 0.015588541666666667 0.07781481481481482
3 0.6902447916666666 0.36526851851851855 0.007848958333333333 0.03560185185185186
3 0.696890625 0.36837037037037035 0.010104166666666666 0.03754629629629629
0 0.57659375 0.3718888888888889 0.04615625 0.08712037037037038
5 0.6089270833333333 0.3767407407407407 0.01686979166666667 0.0884537037037037
5 0.5843020833333333 0.39323148148148146 0.024651041666666665 0.06097222222222222
0 0.723640625 0.4064814814814815 0.0463125 0.1378611111111111
3 0.696203125 0.4190740740740741 0.010723958333333334 0.04788888888888889
3 0.584359375 0.44453703703703706 0.05653645833333333 0.059833333333333336
3 0.7675572916666666 0.4541296296296296 0.057317708333333335 0.05497222222222222
3 0.7801197916666667 0.45444444444444443 0.050942708333333336 0.033990740740740745
3 0.5820052083333334 0.4680277777777778 0.06529166666666666 0.09601851851851852
3 0.7783697916666666 0.47051851851851856 0.05884375 0.030657407407407408
3 0.5539375 0.4839259259259259 0.07166145833333333 0.07780555555555556
3 0.8092239583333334 0.5056851851851851 0.030125000000000002 0.04063888888888889
3 0.8303489583333333 0.5094074074074074 0.06414583333333333 0.03662962962962963
3 0.831171875 0.5209537037037038 0.07213020833333333 0.05821296296296296
3 0.5374375 0.5308148148148147 0.103125 0.1271851851851852
3 0.8577135416666667 0.5561666666666666 0.06466145833333334 0.07301851851851852
3 0.8711249999999999 0.5620555555555555 0.07871354166666666 0.06716666666666667
3 0.8107604166666668 0.5627962962962964 0.034708333333333334 0.07531481481481482
3 0.879328125 0.5974537037037037 0.07170312499999999 0.09248148148148148
3 0.49415624999999996 0.6282222222222222 0.07258854166666667 0.09635185185185186
3 0.43890625 0.6296851851851851 0.13638541666666668 0.16081481481481483
5 0.4380520833333333 0.6403981481481481 0.04421875 0.23746296296296293
3 0.921109375 0.6409537037037037 0.09340104166666667 0.11527777777777778
3 0.8297864583333333 0.6461388888888889 0.08361979166666668 0.14926851851851852
3 0.36271354166666664 0.687037037037037 0.13040625 0.17930555555555555
2 0.644453125 0.7322592592592593 0.29636979166666666 0.5354907407407408
3 0.9733906250000001 0.7338981481481481 0.05321875 0.14187962962962963
3 0.888296875 0.7760555555555555 0.13086458333333334 0.16010185185185186
3 0.9785520833333333 0.7815555555555556 0.042895833333333334 0.12485185185185185
5 0.8766822916666667 0.7854444444444444 0.07514583333333333 0.3061666666666667
5 0.31872395833333333 0.8867962962962963 0.1019375 0.22641666666666665