3 0.7123385416666667 0.0985462962962963 0.0151875 0.018518518518518517
5 0.7316197916666667 0.11471296296296296 0.013744791666666667 0.07099074074074074
3 0.7082499999999999 0.1154074074074074 0.01816145833333333 0.02712037037037037
0 0.6705729166666666 0.12551851851851853 0.05601041666666667 0.06996296296296296
5 0.7243854166666667 0.12757407407407406 0.015484375 0.06789814814814815
3 0.6991354166666667 0.12996296296296297 0.014817708333333334 0.03373148148148148
0 0.753890625 0.1378611111111111 0.031671875 0.08641666666666667
5 0.6757864583333333 0.1450648148148148 0.018979166666666665 0.06996296296296296
1 0.5930364583333334 0.17387037037037037 0.12546875 0.11522222222222223
3 0.73075 0.19080555555555556 0.028942708333333334 0.04299074074074074
3 0.6935572916666667 0.20866666666666667 0.010359375 0.025796296296296296
3 0.70453125 0.20866666666666667 0.01146875 0.025796296296296296
3 0.49447395833333335 0.20868518518518517 0.0359375 0.05840740740740741
5 0.6760729166666667 0.21296296296296297 0.02186979166666667 0.07818518518518518
5 0.37731250000000005 0.28026851851851853 0.025166666666666667 0.10042592592592592
3 0.4169635416666667 0.2866851851851852 0.04758333333333333 0.07193518518518519
2 0.6861822916666667 0.32355555555555554 0.19717708333333334 0.21707407407407406
5 0.22736979166666668 0.4311388888888889 0.0271875 0.08912037037037036
5 0.255359375 0.44039814814814815 0.02196875 0.07291666666666667
5 0.16716145833333332 0.44734259259259257 0.030463541666666667 0.08217592592592593
5 0.20133333333333334 0.4479166666666667 0.023291666666666665 0.10648148148148148
3 0.20783854166666668 0.48785185185185187 0.04802083333333333 0.08217592592592593
3 0.16065104166666666 0.5214166666666666 0.04218229166666666 0.10300925925925926
5 0.10206770833333333 0.5272037037037037 0.023984375 0.061342592592592594
3 0.12322395833333334 0.5677129629629629 0.02853125 0.08912037037037036
3 0.5261822916666666 0.6239722222222223 0.10981770833333333 0.13271296296296298
5 0.06366666666666666 0.6267407407407407 0.029203125 0.07060185185185185
3 0.01875 0.6608796296296297 0.03443229166666666 0.12268518518518519
3 0.7408177083333333 0.0699074074074074 0.020515625 0.014814814814814815
3 0.65159375 0.7118055555555556 0.15309375 0.1667037037037037
3 0.7354843750000001 0.08101851851851852 0.014526041666666666 0.018518518518518517
3 0.7171770833333333 0.08663888888888888 0.016671875 0.014546296296296297