3 0.7194166666666667 0.09699074074074074 0.030473958333333332 0.01990740740740741
3 0.7162343750000001 0.09972222222222223 0.025427083333333333 0.027712962962962964
3 0.7350052083333334 0.10285185185185185 0.010713541666666666 0.03863888888888889
3 0.7144791666666667 0.11085185185185185 0.02059895833333333 0.026537037037037036
3 0.7096510416666667 0.11416666666666667 0.01708854166666667 0.026935185185185184
3 0.7055885416666666 0.1206111111111111 0.019505208333333336 0.024203703703703703
0 0.67303125 0.12875 0.049921875 0.08426851851851852
3 0.7001041666666666 0.1309537037037037 0.014239583333333333 0.03863888888888889
0 0.7533333333333334 0.13368518518518518 0.03463020833333333 0.07923148148148147
5 0.6638229166666666 0.16444444444444445 0.017010416666666663 0.08310185185185186
1 0.5920625 0.16912962962962963 0.122359375 0.11587037037037037
3 0.7165729166666667 0.17003703703703701 0.03164583333333333 0.032907407407407406
3 0.7505052083333333 0.17676851851851852 0.035 0.029416666666666667
3 0.7192395833333334 0.1929722222222222 0.048749999999999995 0.025925925925925925
3 0.6754947916666667 0.20519444444444446 0.013994791666666668 0.04837037037037037
3 0.7244270833333334 0.20718518518518517 0.041177083333333336 0.032407407407407406
3 0.6808177083333333 0.2303703703703704 0.038671875 0.032907407407407406
2 0.45969791666666665 0.27271296296296293 0.122296875 0.1381111111111111
5 0.379734375 0.2826574074074074 0.026885416666666665 0.09949074074074074
5 0.571734375 0.2975555555555556 0.028083333333333335 0.14524074074074075
5 0.5454218750000001 0.3039814814814815 0.03821354166666667 0.14524074074074075
2 0.6840260416666666 0.3149537037037037 0.19855729166666666 0.1953148148148148
5 0.22884374999999998 0.42703703703703705 0.02721875 0.10089814814814815
5 0.7325677083333333 0.42737037037037034 0.05620833333333333 0.22749999999999998
5 0.25620312500000003 0.44775925925925925 0.021125 0.09910185185185186
5 0.17716145833333333 0.45496296296296296 0.02723958333333333 0.09910185185185186
5 0.20401562499999998 0.4558611111111111 0.026213541666666666 0.12252777777777779
3 0.24143229166666666 0.47285185185185186 0.024166666666666666 0.06788888888888889
3 0.20983333333333334 0.4757777777777778 0.03603125 0.07607407407407407
3 0.158828125 0.521425925925926 0.04196875 0.08544444444444445
5 0.08807812500000001 0.5389814814814815 0.03347395833333333 0.11352777777777778
3 0.12097395833333334 0.5524444444444444 0.0360625 0.11938888888888889
5 0.042328125 0.6004351851851852 0.04468229166666667 0.1264074074074074
3 0.5290781250000001 0.6182500000000001 0.11628645833333334 0.1439537037037037
3 0.01565625 0.6706574074074073 0.028208333333333332 0.1147037037037037
3 0.6501510416666666 0.723 0.15310416666666665 0.18123148148148147
3 0.7343437500000001 0.07825925925925925 0.02080729166666667 0.01912962962962963
3 0.7263333333333333 0.09055555555555556 0.026302083333333334 0.014833333333333334