5 0.16801041666666666 0.20422222222222222 0.009213541666666667 0.025722222222222223
5 0.15961979166666668 0.2098796296296296 0.007484375 0.037037037037037035
5 0.14602604166666666 0.2175925925925926 0.009223958333333334 0.04424074074074074
5 0.2730208333333334 0.24279629629629632 0.00975 0.08025
5 0.5066822916666667 0.26678703703703704 0.018104166666666664 0.08217592592592593
5 0.523609375 0.2708333333333333 0.012890625 0.0625
1 0.4201197916666667 0.2725740740740741 0.09107291666666667 0.10300925925925926
4 0.32421875 0.28205555555555556 0.117703125 0.2421666666666667
5 0.39814062499999997 0.2835648148148148 0.018187500000000002 0.0933611111111111
5 0.6284010416666667 0.28530555555555553 0.011546875000000002 0.04513888888888889
3 0.5561875000000001 0.28958333333333336 0.0215625 0.029166666666666667
5 0.5408541666666667 0.2899351851851852 0.014838541666666667 0.11226851851851852
5 0.6098489583333334 0.2899351851851852 0.022619791666666667 0.08680555555555555
5 0.655046875 0.2965833333333333 0.024463541666666665 0.08277777777777778
3 0.238875 0.30833333333333335 0.03324479166666667 0.07962962962962963
3 0.5813072916666666 0.3104166666666667 0.04368229166666667 0.033796296296296297
3 0.6740104166666666 0.3167962962962963 0.018140625 0.026453703703703705
3 0.5654114583333333 0.3202129629629629 0.038510416666666665 0.07375000000000001
5 0.6371875 0.32407407407407407 0.020005208333333333 0.08796296296296297
5 0.32355208333333335 0.33837962962962964 0.029338541666666666 0.15487962962962964
5 0.49398958333333337 0.3420185185185185 0.01876041666666667 0.15162037037037038
3 0.6792135416666666 0.34576851851851853 0.056078125 0.04602777777777778
3 0.5867760416666666 0.34703703703703703 0.037432291666666666 0.06445370370370371
5 0.4728333333333333 0.34837962962962965 0.024630208333333334 0.19907407407407407
3 0.6231354166666667 0.38101851851851853 0.07611979166666667 0.0962962962962963
3 0.69596875 0.3826759259259259 0.050093750000000006 0.09603703703703703
3 0.7204999999999999 0.39072222222222225 0.048625 0.10155555555555557
3 0.7463854166666667 0.4022314814814815 0.04384375 0.10604629629629629
5 0.5288385416666667 0.4027777777777778 0.041703124999999994 0.18518518518518517
3 0.7705625 0.40902777777777777 0.051270833333333335 0.11435185185185186
3 0.8038489583333334 0.418287037037037 0.049401041666666666 0.11963888888888889
3 0.8310052083333334 0.4387037037037037 0.046411458333333336 0.11418518518518518
3 0.85109375 0.4471296296296296 0.05309375 0.11252777777777778
3 0.881640625 0.45813888888888893 0.03559895833333333 0.12417592592592594
3 0.8979322916666667 0.4734166666666667 0.033979166666666664 0.1253611111111111
3 0.9186145833333333 0.47529629629629633 0.03191145833333334 0.1516388888888889
3 0.9481875 0.4853148148148148 0.03301041666666667 0.1544814814814815
3 0.9758072916666667 0.5062685185185185 0.022942708333333332 0.14107407407407407
3 0.1462395833333333 0.7777777777777778 0.18736979166666667 0.25