4 0.11923958333333333 0.20697222222222222 0.043015625 0.07213888888888889
1 0.2934114583333333 0.2259074074074074 0.037473958333333335 0.021314814814814814
5 0.438078125 0.25632407407407404 0.016911458333333334 0.08954629629629629
1 0.26164583333333336 0.26107407407407407 0.056265625 0.04760185185185185
4 0.19580208333333332 0.2700925925925926 0.08505729166666667 0.11937037037037036
3 0.471234375 0.2727962962962963 0.05603125 0.06393518518518518
4 0.32500520833333335 0.2825462962962963 0.11745833333333335 0.2301574074074074
3 0.6474635416666668 0.31372222222222224 0.02500520833333333 0.04972222222222222
3 0.5668020833333334 0.32275925925925925 0.04572916666666667 0.09080555555555556
3 0.58309375 0.32728703703703704 0.039947916666666666 0.0940925925925926
3 0.2523020833333333 0.3276296296296296 0.034708333333333334 0.08158333333333333
3 0.6579791666666667 0.3305740740740741 0.05158854166666667 0.05547222222222222
5 0.3112291666666666 0.3369166666666667 0.0326875 0.14999074074074076
5 0.6061614583333333 0.36153703703703705 0.03322395833333333 0.1723796296296296
5 0.7991145833333333 0.36300925925925925 0.04307291666666667 0.10217592592592592
3 0.6759010416666666 0.3677592592592593 0.06330208333333334 0.1019074074074074
3 0.6132500000000001 0.37227777777777776 0.058192708333333336 0.08464814814814815
3 0.6913802083333334 0.3759722222222222 0.0600625 0.1019074074074074
5 0.8531770833333333 0.38922222222222225 0.029447916666666667 0.07932407407407407
3 0.748578125 0.39569444444444446 0.050109375 0.11340740740740742
5 0.871703125 0.3986388888888889 0.02565625 0.11293518518518518
5 0.9412708333333334 0.40435185185185185 0.027151041666666667 0.06924074074074074
3 0.7668541666666666 0.41028703703703706 0.04273958333333334 0.11135185185185185
3 0.8079895833333333 0.41994444444444445 0.05705729166666666 0.11587037037037037
3 0.8205833333333333 0.4324722222222222 0.058666666666666666 0.1236851851851852
5 0.9734114583333333 0.47224074074074074 0.030328124999999997 0.16469444444444445
5 0.9057291666666667 0.4816574074074075 0.035479166666666666 0.22923148148148148
5 0.6398489583333333 0.49529629629629623 0.053031249999999995 0.25632407407407404
3 0.8630572916666667 0.49657407407407406 0.069859375 0.10372222222222222
5 0.9420260416666667 0.5031666666666667 0.028661458333333334 0.22654629629629627
3 0.9949375 0.5338703703703704 0.010125 0.1015925925925926
5 0.17236979166666666 0.5437962962962962 0.053911458333333336 0.29471296296296295
3 0.25015625 0.8446851851851852 0.10313541666666667 0.3051759259259259