3 0.7173020833333333 0.10130555555555555 0.022000000000000002 0.02723148148148148
3 0.7084166666666667 0.10893518518518519 0.025067708333333334 0.02287962962962963
3 0.70275 0.11737037037037037 0.027213541666666667 0.04085185185185185
3 0.6901510416666666 0.13337962962962965 0.033192708333333334 0.03482407407407408
3 0.6814947916666667 0.1335925925925926 0.028171875000000002 0.026907407407407408
0 0.7563645833333333 0.13877777777777778 0.03430729166666667 0.08720370370370371
3 0.6804010416666666 0.14179629629629628 0.02032291666666667 0.025175925925925928
5 0.7246666666666666 0.15975 0.015557291666666667 0.08012037037037037
3 0.6878437500000001 0.16942592592592592 0.0166875 0.05232407407407407
3 0.7471145833333334 0.18300925925925926 0.04271354166666667 0.03213888888888889
1 0.5917239583333332 0.18442592592592594 0.12178125 0.11980555555555554
3 0.4944635416666667 0.2117037037037037 0.035083333333333334 0.06337037037037037
3 0.7095989583333334 0.21989814814814815 0.017864583333333333 0.05162037037037037
5 0.41233333333333333 0.27646296296296297 0.019244791666666667 0.09726851851851852
3 0.41972916666666665 0.2879907407407407 0.04522916666666667 0.0495
5 0.3611510416666667 0.2917962962962963 0.020739583333333332 0.091
2 0.6839270833333334 0.3175925925925926 0.20093750000000002 0.23991666666666667
5 0.31415624999999997 0.33900925925925923 0.013552083333333333 0.014824074074074076
5 0.27108333333333334 0.3549259259259259 0.020046875000000002 0.038981481481481485
0 0.3004739583333333 0.45425 0.132015625 0.21507407407407408
5 0.22613541666666667 0.4661018518518518 0.027119791666666667 0.1449351851851852
5 0.20004687499999999 0.47461111111111115 0.024348958333333334 0.14658333333333334
5 0.128546875 0.5144166666666667 0.04132291666666667 0.13395370370370369
3 0.162203125 0.5349999999999999 0.047484375 0.08728703703703704
5 0.071421875 0.5767222222222222 0.038239583333333334 0.15097222222222223
3 0.019708333333333335 0.6699907407407407 0.03244791666666667 0.11719444444444443
3 0.653296875 0.7124907407407407 0.15202604166666667 0.1723796296296296