5 0.6385677083333333 0.2510925925925926 0.004244791666666667 0.017425925925925925
5 0.6430104166666666 0.25735185185185183 0.002802083333333333 0.02124074074074074
5 0.6483697916666666 0.25925925925925924 0.0049479166666666664 0.017425925925925925
5 0.645015625 0.2769351851851852 0.007494791666666667 0.018518518518518517
5 0.628 0.2990185185185185 0.008234375 0.04030555555555556
5 0.6457239583333333 0.29966666666666664 0.009859375 0.031990740740740736
5 0.5756666666666667 0.3034537037037037 0.010838541666666666 0.024407407407407405
5 0.6092760416666666 0.3080833333333334 0.009875 0.04376851851851852
5 0.6185052083333333 0.30892592592592594 0.011291666666666667 0.04376851851851852
5 0.6644270833333333 0.31060185185185185 0.008432291666666668 0.04713888888888888
2 0.7081354166666666 0.31084259259259256 0.076453125 0.09259259259259259
1 0.5508072916666666 0.3139722222222222 0.06244791666666667 0.04713888888888888
3 0.64675 0.3175925925925926 0.006666666666666667 0.018518518518518517
1 0.5451250000000001 0.3219722222222222 0.04824479166666666 0.04292592592592592
1 0.5370781250000001 0.32533333333333336 0.03783333333333334 0.036194444444444446
0 0.5759010416666667 0.36448148148148146 0.04729166666666666 0.09259259259259259
5 0.60975 0.3952037037037037 0.024083333333333335 0.06312962962962963
0 0.7245052083333333 0.39947222222222223 0.04669270833333334 0.12434259259259259
3 0.5527083333333334 0.4010925925925926 0.026473958333333332 0.02609259259259259
5 0.6942447916666666 0.4234814814814815 0.024515625 0.09343518518518518
3 0.5889166666666666 0.4238240740740741 0.054390625000000005 0.024407407407407405
5 0.6477604166666667 0.4284537037037037 0.026239583333333334 0.10689814814814814
3 0.5858541666666667 0.43584259259259256 0.060578125000000003 0.03306481481481482
3 0.7696666666666666 0.45 0.051453125 0.027777777777777776
3 0.5817604166666667 0.4550277777777778 0.068015625 0.039685185185185184
3 0.7811197916666667 0.46944444444444444 0.051453125 0.022222222222222223
3 0.5525677083333334 0.47850925925925925 0.07583333333333334 0.041666666666666664
3 0.7983072916666667 0.4787037037037037 0.038947916666666665 0.027777777777777776
3 0.8021666666666667 0.49722222222222223 0.031859375 0.03148148148148148
3 0.5458697916666666 0.5046296296296297 0.081796875 0.0582037037037037
3 0.8321927083333333 0.5169722222222223 0.059270833333333335 0.03765740740740741
3 0.8308020833333334 0.5339537037037037 0.06830208333333333 0.032101851851851854
3 0.5295 0.5472870370370371 0.08775 0.09325
3 0.8658750000000001 0.5506203703703704 0.048171874999999996 0.03086111111111111
3 0.812234375 0.5561759259259259 0.0401875 0.04814814814814815
3 0.8736875000000001 0.575925925925926 0.05545833333333334 0.03456481481481481
3 0.46525 0.5958981481481482 0.10854166666666668 0.07804629629629631
3 0.873859375 0.607712962962963 0.06621875 0.052472222222222226
3 0.8222968749999999 0.6148148148148148 0.07211979166666667 0.07900925925925925
3 0.44553645833333333 0.6375648148148149 0.11375520833333333 0.12434259259259259
3 0.9204218750000001 0.6483055555555555 0.09614062500000001 0.1200648148148148
5 0.42173958333333333 0.6534351851851852 0.04383854166666667 0.17725000000000002
3 0.35097395833333334 0.667 0.09761458333333332 0.1316111111111111
3 0.8648281250000001 0.6836388888888889 0.09955208333333333 0.06851851851851852
2 0.6445104166666666 0.7354537037037037 0.300390625 0.5290925925925926
3 0.9823072916666666 0.7374351851851851 0.03104166666666667 0.05687962962962963
3 0.867953125 0.7618055555555555 0.11690625 0.13225
3 0.4297239583333334 0.7928240740740741 0.17030208333333335 0.17889814814814817
3 0.9800729166666666 0.799601851851852 0.029557291666666666 0.07275
3 0.8979791666666667 0.8053981481481481 0.11446354166666667 0.13549074074074074