3 0.7154375000000001 0.11388888888888889 0.020270833333333335 0.05185185185185185
3 0.7367916666666667 0.11458333333333333 0.013583333333333333 0.04490740740740741
3 0.7253333333333334 0.11875 0.011411458333333334 0.03657407407407407
3 0.705296875 0.12705555555555556 0.017812500000000002 0.05040740740740741
0 0.7541822916666666 0.13374074074074074 0.035729166666666666 0.07612962962962963
0 0.6697083333333332 0.1388888888888889 0.053119791666666666 0.10082407407407408
3 0.631234375 0.1651203703703704 0.038671875 0.038064814814814815
5 0.5756875 0.16769444444444445 0.022489583333333334 0.04114814814814815
3 0.7440572916666667 0.18210185185185185 0.045572916666666664 0.04114814814814815
3 0.7073177083333333 0.1836388888888889 0.024177083333333335 0.046296296296296294
3 0.49236979166666667 0.2109074074074074 0.03409375 0.0535
3 0.5589062499999999 0.22685185185185186 0.046796874999999995 0.052472222222222226
3 0.535765625 0.24022222222222223 0.04448958333333333 0.048351851851851854
1 0.7327708333333334 0.24588888888888888 0.10401041666666666 0.04526851851851852
1 0.6320937499999999 0.26337037037037037 0.11678125 0.14814814814814814
3 0.517828125 0.26749074074074075 0.037557291666666666 0.061731481481481484
3 0.470671875 0.2865185185185185 0.04972395833333333 0.0730462962962963
3 0.41136458333333337 0.2890925925925926 0.05032291666666667 0.051444444444444445
3 0.46228125000000003 0.30247222222222225 0.04567708333333333 0.061731481481481484
1 0.6977604166666667 0.3035 0.16940625 0.10905555555555556
3 0.4321927083333333 0.32407407407407407 0.05147395833333333 0.07407407407407407
5 0.23242708333333334 0.4078703703703704 0.02177604166666667 0.06018518518518518
1 0.6627395833333334 0.42592592592592593 0.24437499999999998 0.2222222222222222
5 0.6410625 0.48148148148148145 0.051708333333333335 0.18518518518518517
5 0.13973958333333333 0.49907407407407406 0.023890625 0.07037037037037037
5 0.6801145833333333 0.5185185185185185 0.053432291666666666 0.1111111111111111
5 0.12125000000000001 0.5393518518518519 0.021296875 0.07314814814814814
5 0.057979166666666665 0.5925925925925926 0.032255208333333334 0.08518518518518518
2 0.2973489583333333 0.6188240740740741 0.298328125 0.39814814814814814
3 0.10614583333333334 0.6351851851851852 0.06504166666666666 0.06296296296296296
3 0.7309270833333333 0.07291666666666667 0.017921874999999997 0.018055555555555554
1 0.5941666666666666 0.7361111111111112 0.34333854166666666 0.39814814814814814
2 0.09049479166666667 0.7885833333333333 0.180984375 0.42283333333333334
3 0.7453802083333334 0.08541666666666667 0.013489583333333333 0.02361111111111111
3 0.7202552083333333 0.08657407407407407 0.020526041666666665 0.028703703703703703
3 0.7318385416666667 0.08842592592592592 0.013494791666666667 0.012962962962962963