3 0.7159531250000001 0.10787962962962963 0.028895833333333332 0.04458333333333333
3 0.7099010416666667 0.10992592592592593 0.031197916666666665 0.05893518518518518
3 0.6924583333333333 0.11172222222222222 0.03205729166666667 0.017425925925925925
3 0.7352552083333334 0.11417592592592593 0.006114583333333334 0.022055555555555557
3 0.6999531250000001 0.11530555555555555 0.03436458333333334 0.050222222222222224
0 0.7537291666666667 0.13016666666666668 0.03294791666666667 0.0737962962962963
3 0.68078125 0.13196296296296298 0.0311875 0.051759259259259255
3 0.6892864583333334 0.13452777777777777 0.03320833333333333 0.0374074074074074
3 0.6778958333333333 0.14272222222222222 0.023687499999999997 0.04561111111111111
3 0.746484375 0.17869444444444446 0.045671875 0.046425925925925926
1 0.5923854166666668 0.18300925925925926 0.12565104166666666 0.11121296296296296
3 0.49350520833333333 0.21000925925925926 0.04258854166666667 0.055064814814814816
3 0.723703125 0.21756481481481482 0.04869791666666667 0.055064814814814816
5 0.36476562500000004 0.28882407407407407 0.03291145833333333 0.10041666666666667
2 0.6815364583333333 0.321212962962963 0.20485937499999998 0.2472592592592593
5 0.2898854166666667 0.39537037037037037 0.03433854166666667 0.14087037037037037
5 0.25835416666666666 0.4472962962962963 0.026807291666666667 0.06786111111111112
5 0.23001041666666666 0.4565462962962963 0.031421875 0.13778703703703704
3 0.24128645833333331 0.4822592592592593 0.027375 0.06375
5 0.14930208333333334 0.5254444444444445 0.033125 0.14807407407407405
3 0.16839583333333333 0.5496111111111112 0.033130208333333334 0.06477777777777777
5 0.08219791666666666 0.606675925925926 0.03656770833333333 0.07814814814814815
5 0.05327083333333334 0.6406111111111111 0.03655208333333334 0.08020370370370371
3 0.015234375 0.6601481481481482 0.030463541666666667 0.10282407407407407
3 0.65221875 0.7120740740740741 0.15752083333333333 0.17377777777777778
3 0.7313020833333332 0.07135185185185186 0.015500000000000002 0.015296296296296296
5 0.026223958333333335 0.7254444444444444 0.05244791666666667 0.1388148148148148
3 0.042140625 0.7747962962962963 0.08427604166666666 0.14292592592592593
3 0.7464999999999999 0.07977777777777778 0.015682291666666667 0.014675925925925926
3 0.7236354166666668 0.08033333333333334 0.024963541666666665 0.0227037037037037
3 0.72175 0.08747222222222222 0.02459895833333333 0.021842592592592594