3 0.7188802083333333 0.09680555555555555 0.027192708333333333 0.020555555555555556
3 0.7123281250000001 0.11386111111111111 0.02519270833333333 0.03410185185185185
3 0.7028177083333333 0.11493518518518518 0.028395833333333335 0.031157407407407404
3 0.6934479166666667 0.12074074074074075 0.02978125 0.029388888888888888
0 0.7553593749999999 0.12760185185185186 0.03377083333333333 0.095
3 0.690515625 0.12796296296296295 0.028119791666666668 0.02515740740740741
3 0.6823645833333334 0.13337962962962965 0.027828125 0.02236111111111111
3 0.6783072916666666 0.1448425925925926 0.020364583333333335 0.03333333333333333
3 0.7475 0.17944444444444446 0.042505208333333336 0.03725925925925926
3 0.7237552083333333 0.21658333333333332 0.045307291666666666 0.054407407407407404
5 0.5725833333333333 0.23757407407407405 0.023828125 0.11257407407407408
1 0.5026406250000001 0.24874999999999997 0.14054166666666665 0.14727777777777779
2 0.6833906249999999 0.3187314814814815 0.19443229166666667 0.2328425925925926
5 0.2929479166666667 0.4013703703703704 0.03619270833333333 0.1433425925925926
5 0.22680208333333332 0.4310833333333333 0.02425 0.09015740740740741
5 0.254 0.44939814814814816 0.024765625 0.06856481481481481
3 0.24229166666666666 0.48462037037037037 0.025411458333333335 0.061092592592592594
5 0.15549479166666666 0.48696296296296293 0.026390625 0.0873425925925926
5 0.6500104166666667 0.4900462962962963 0.056651041666666666 0.22446296296296295
5 0.7455364583333334 0.5307777777777778 0.03683854166666667 0.2449074074074074
3 0.16764583333333333 0.5531759259259259 0.036953125 0.06762037037037037
5 0.08055208333333333 0.6128888888888888 0.028067708333333333 0.07210185185185186
5 0.04993229166666667 0.6342222222222222 0.028083333333333335 0.07946296296296296
3 0.01765625 0.6688055555555555 0.02975 0.11919444444444444
3 0.7377916666666666 0.0691574074074074 0.012505208333333333 0.015212962962962963
3 0.6520364583333333 0.7118981481481482 0.153078125 0.1765648148148148
3 0.7328072916666667 0.07437962962962963 0.012760416666666666 0.016351851851851854
3 0.7215052083333333 0.08692592592592592 0.025026041666666665 0.020324074074074074