3 0.72098828125 0.07219444444444444 0.026687499999999996 0.02673611111111111
5 0.77890234375 0.07263888888888889 0.00816015625 0.04545833333333333
1 0.85362109375 0.07486805555555556 0.03326171875 0.012479166666666666
5 0.7884296875000001 0.0753125 0.011171875000000001 0.04723611111111111
5 0.8052304687499999 0.07575694444444445 0.011679687499999999 0.04813194444444445
5 0.7791523437500001 0.07665277777777778 0.011671875 0.04634722222222222
5 0.7876796875000001 0.07754166666666666 0.00966796875 0.041
3 0.71421875 0.08645138888888888 0.03119921875 0.02317361111111111
1 0.8546250000000001 0.09536805555555557 0.061343749999999996 0.02673611111111111
3 0.7204843750000001 0.09625694444444445 0.025687500000000002 0.01782638888888889
3 0.70719921875 0.09759722222222221 0.03520703125 0.0169375
5 0.68337890625 0.09981944444444445 0.014640624999999999 0.01782638888888889
1 0.8611445312500001 0.10472222222222223 0.065359375 0.034756944444444444
5 0.6640703125 0.11140972222222223 0.0151328125 0.03565277777777778
5 0.8102421874999999 0.11274305555555555 0.00666796875 0.050805555555555555
3 0.6407578125 0.11541666666666665 0.0236484375 0.0169375
5 0.8014687500000001 0.11586805555555556 0.0111796875 0.04813194444444445
5 0.8318046875 0.11809027777777778 0.014699218750000001 0.05615277777777778
3 0.62897265625 0.12477777777777778 0.027152343750000002 0.01782638888888889
1 0.8686640625000001 0.1252222222222222 0.042296875 0.03832638888888889
4 0.7651171875 0.12611805555555555 0.05278125 0.10784722222222223
5 0.8207734375 0.14126388888888888 0.00968359375 0.03297916666666667
3 0.65078125 0.14260416666666667 0.00559765625 0.02673611111111111
5 0.8042265625 0.14438888888888887 0.009671875 0.0445625
3 0.576078125 0.14729861111111112 0.01763671875 0.041479166666666664
5 0.8140468750000001 0.16560416666666666 0.01405859375 0.0777361111111111
1 0.6181953124999999 0.16666666666666666 0.06676171875 0.07308333333333333
5 0.6686171875 0.171875 0.0178984375 0.10069444444444445
5 0.5973124999999999 0.17428472222222222 0.0159140625 0.08815277777777777
5 0.6534765625000001 0.17881944444444445 0.0188671875 0.09375
4 0.70342578125 0.19741666666666666 0.0936640625 0.19340277777777778
5 0.78015625 0.04813194444444445 0.007660156249999999 0.01782638888888889
5 0.26765625000000004 0.4991319444444444 0.05387109375 0.1753472222222222
5 0.08060546874999999 0.5512152777777778 0.05867578125 0.2065972222222222
5 0.8147578125000001 0.05748611111111111 0.0096796875 0.0205
5 0.7914375 0.06015972222222222 0.01217578125 0.04188888888888889
5 0.77313671875 0.06238888888888889 0.00866015625 0.041
5 0.83581640625 0.06327777777777778 0.00868359375 0.041
3 0.72725390625 0.06818055555555556 0.02117578125 0.015152777777777777