1 0.8101289062499999 0.08388194444444445 0.028398437500000002 0.0384375
1 0.8497539062499999 0.0863263888888889 0.043828125 0.023791666666666666
3 0.72606640625 0.09547916666666667 0.02156640625 0.02745138888888889
3 0.72263671875 0.097 0.025687500000000002 0.03660416666666667
3 0.70582421875 0.09883333333333333 0.022945312500000002 0.017083333333333336
1 0.80978515625 0.1021875 0.023597656249999998 0.04453472222222222
1 0.8555859375000001 0.1021875 0.057546875 0.026236111111111113
3 0.71662890625 0.10402083333333333 0.02808984375 0.02867361111111111
3 0.6747734375000001 0.10431944444444444 0.01987109375 0.012201388888888888
5 0.8476992187500001 0.107375 0.00901171875 0.056124999999999994
3 0.66825390625 0.11225694444444445 0.01987109375 0.012201388888888888
1 0.87102734375 0.12445833333333334 0.039015625 0.029284722222222222
3 0.6665351562499999 0.12628472222222223 0.030167968750000003 0.020743055555555556
3 0.65967578125 0.13513194444444446 0.03497265625 0.034770833333333334
4 0.7082539062500001 0.19156250000000002 0.095140625 0.1755
5 0.56465234375 0.22802083333333334 0.02104296875 0.10752083333333334
5 0.580640625 0.23667361111111113 0.02105078125 0.10504861111111112
5 0.429109375 0.28858333333333336 0.02348828125 0.12729861111111113
5 0.09026171875 0.4875625 0.027078124999999998 0.07786111111111112
5 0.24387109375 0.4955972222222222 0.04648828125 0.19527083333333334
5 0.8208593750000001 0.5073333333333333 0.0436640625 0.13471527777777778
5 0.774296875 0.5203125 0.05223828125 0.13100694444444444
0 0.8255664062499999 0.06375 0.01604296875 0.034770833333333334