3 0.7151510416666667 0.09286111111111112 0.022604166666666665 0.02124074074074074
5 0.6923333333333334 0.09531481481481481 0.003927083333333334 0.014157407407407407
5 0.7316927083333333 0.09749074074074075 0.012322916666666666 0.061
3 0.7137708333333334 0.10566666666666667 0.031489583333333335 0.046842592592592595
3 0.7027447916666667 0.1274537037037037 0.013729166666666666 0.037037037037037035
5 0.6369635416666667 0.12921296296296297 0.017901041666666666 0.049666666666666665
5 0.6840625 0.13341666666666668 0.018359375 0.05639814814814814
5 0.6542395833333334 0.13425925925925927 0.016473958333333334 0.06649999999999999
5 0.6672604166666667 0.13594444444444445 0.014104166666666666 0.06649999999999999
0 0.754125 0.1373425925925926 0.03639583333333333 0.09053703703703704
5 0.7240364583333334 0.1399166666666667 0.014421875 0.04526851851851852
5 0.7393697916666666 0.15637962962962962 0.014994791666666667 0.05658333333333333
5 0.7063697916666667 0.15663888888888888 0.016697916666666666 0.05092592592592592
5 0.6189739583333334 0.15993518518518518 0.021697916666666664 0.04882407407407407
5 0.7522447916666667 0.17052777777777778 0.01875 0.06121296296296296
5 0.5957760416666668 0.19191666666666668 0.023598958333333333 0.10269444444444444
5 0.5749479166666667 0.20160185185185184 0.020765625 0.0900648148148148
5 0.6897291666666666 0.2026111111111111 0.021390625 0.07734259259259259
3 0.4923125 0.20454629629629628 0.036369791666666665 0.06228703703703704
5 0.530921875 0.21422222222222223 0.018890625 0.05808333333333333
3 0.5548020833333334 0.2175925925925926 0.033505208333333335 0.05976851851851851
5 0.6676614583333333 0.21927777777777777 0.021604166666666664 0.10522222222222222
5 0.6414583333333332 0.22180555555555556 0.02405208333333333 0.09680555555555555
5 0.6226875 0.23821296296296296 0.018927083333333334 0.10774074074074073
3 0.517875 0.2588425925925926 0.04298958333333334 0.07323148148148148
3 0.46935416666666663 0.27146296296296296 0.050104166666666665 0.03956481481481481
3 0.495390625 0.2718888888888889 0.04725520833333333 0.0656574074074074
3 0.4634375 0.28450925925925924 0.046796874999999995 0.040407407407407406
3 0.6445104166666666 0.28703703703703703 0.050041666666666665 0.04713888888888888
3 0.4075729166666667 0.2874537037037037 0.04302604166666667 0.08164814814814815
1 0.693125 0.30710185185185185 0.17666666666666667 0.1388888888888889
3 0.4534947916666667 0.31523148148148145 0.04869270833333333 0.07660185185185185
5 0.54515625 0.42747222222222225 0.04914583333333333 0.20678703703703705
1 0.6757604166666666 0.42747222222222225 0.22527604166666665 0.2561759259259259
3 0.235921875 0.46717592592592594 0.053885416666666665 0.09090740740740741
3 0.215328125 0.4797962962962963 0.04773958333333333 0.09932407407407406
3 0.20633333333333334 0.5058888888888889 0.04774479166666667 0.0707037037037037
3 0.1578125 0.5168333333333333 0.039713541666666664 0.06228703703703704
3 0.183609375 0.5185185185185185 0.043015625 0.09259259259259259
5 0.47703124999999996 0.5586388888888889 0.05697916666666667 0.1913611111111111
2 0.102640625 0.6419814814814815 0.16883854166666667 0.2808611111111111
5 0.23314583333333333 0.6982962962962963 0.07095833333333333 0.18364814814814814
3 0.72434375 0.07053703703703704 0.008510416666666666 0.013620370370370371
5 0.7531354166666666 0.07135185185185186 0.007890625 0.023962962962962964
5 0.22359895833333335 0.7399722222222221 0.07790625000000001 0.21142592592592593
3 0.71346875 0.07462037037037038 0.013109375000000001 0.017425925925925925
1 0.6523177083333334 0.7638888888888888 0.35893749999999996 0.4228425925925926
5 0.74440625 0.08197222222222222 0.010036458333333333 0.03758333333333334
5 0.22967708333333334 0.8796296296296297 0.09872916666666667 0.23765740740740743