3 0.7137447916666667 0.09387037037037037 0.02596875 0.02510185185185185
5 0.7176145833333333 0.09625 0.0123125 0.03721296296296296
3 0.7127447916666667 0.10986111111111112 0.03321875 0.02776851851851852
3 0.707125 0.11130555555555555 0.022723958333333336 0.028435185185185185
3 0.7009375 0.11530555555555555 0.018604166666666665 0.023546296296296294
5 0.689828125 0.11712962962962963 0.00825 0.04685185185185185
0 0.6683802083333333 0.12930555555555556 0.050234375000000005 0.0727962962962963
0 0.7550833333333333 0.13877777777777778 0.033890624999999994 0.08462962962962964
5 0.676578125 0.13921296296296296 0.012770833333333334 0.05354629629629629
5 0.7224322916666667 0.14242592592592593 0.018942708333333332 0.04176851851851852
5 0.6475052083333334 0.1446574074074074 0.010651041666666666 0.05837037037037037
5 0.6312708333333333 0.14910185185185185 0.010302083333333333 0.06090740740740741
5 0.6987083333333334 0.14974074074074073 0.015270833333333334 0.06598148148148149
3 0.7261093750000001 0.16233333333333333 0.0195625 0.019712962962962963
5 0.7507395833333333 0.16371296296296298 0.016223958333333333 0.04471296296296296
5 0.6260989583333333 0.17099074074074072 0.010661458333333334 0.08312037037037037
5 0.585421875 0.17289814814814813 0.012817708333333334 0.03743518518518518
5 0.6189583333333334 0.17924074074074076 0.014947916666666667 0.07676851851851851
3 0.7523541666666667 0.1835277777777778 0.027682291666666668 0.020703703703703703
5 0.6032604166666666 0.18716666666666665 0.016380208333333333 0.09136111111111112
3 0.7142812500000001 0.18747222222222223 0.04913541666666667 0.028592592592592593
3 0.49203645833333337 0.18857407407407406 0.020708333333333332 0.021518518518518517
5 0.57096875 0.19098148148148147 0.011755208333333333 0.06852777777777778
3 0.5875989583333333 0.19603703703703704 0.026604166666666665 0.033805555555555554
3 0.7287916666666666 0.20045370370370372 0.033791666666666664 0.02760185185185185
3 0.575375 0.20613888888888887 0.030312500000000003 0.04171296296296296
5 0.644296875 0.2071574074074074 0.014223958333333333 0.10087962962962964
5 0.675875 0.20906481481481481 0.020276041666666668 0.07930555555555556
5 0.5264895833333333 0.21162962962962964 0.013541666666666667 0.04917592592592593
3 0.49203645833333337 0.21382407407407408 0.029104166666666667 0.029851851851851855
3 0.7038385416666666 0.2170462962962963 0.03380208333333334 0.034499999999999996
3 0.5556197916666666 0.21777777777777776 0.029828125 0.046537037037037036
5 0.6612447916666666 0.22301851851851853 0.015286458333333334 0.1148425925925926
3 0.5453749999999999 0.22852777777777777 0.030078125 0.039074074074074074
3 0.5348802083333334 0.2403888888888889 0.03576041666666666 0.04610185185185185
1 0.7307760416666667 0.24737962962962964 0.100015625 0.07637037037037038
3 0.480234375 0.25596296296296295 0.011583333333333333 0.023268518518518518
3 0.521421875 0.2597037037037037 0.03453125 0.05751851851851852
3 0.4173489583333333 0.2670185185185185 0.034895833333333334 0.03612962962962963
3 0.471265625 0.2751018518518519 0.035437500000000004 0.04203703703703703
5 0.49277604166666666 0.2814351851851852 0.01971875 0.09923148148148149
3 0.4653541666666667 0.28729629629629627 0.04008333333333333 0.04240740740740741
5 0.5116666666666666 0.29241666666666666 0.023416666666666665 0.10800925925925926
3 0.41035937499999997 0.29637037037037034 0.04378645833333333 0.06774074074074074
1 0.6950989583333332 0.3025 0.16987500000000003 0.08300925925925927
3 0.45173958333333336 0.3109444444444444 0.04874479166666667 0.05667592592592593
1 0.6708177083333333 0.43034259259259255 0.23039062500000002 0.1886111111111111
1 0.4884479166666667 0.43919444444444444 0.159953125 0.20548148148148146
3 0.238890625 0.4663425925925926 0.048078125 0.09506481481481481
5 0.5925833333333334 0.47737037037037033 0.037578125000000004 0.22493518518518518
3 0.21771875 0.47850925925925925 0.042770833333333334 0.09068518518518519
3 0.2029166666666667 0.49469444444444444 0.050208333333333334 0.09098148148148148
3 0.18396875000000001 0.518287037037037 0.044619791666666665 0.09593518518518518
3 0.16290104166666666 0.5333333333333333 0.047125 0.09734259259259259
3 0.14380729166666667 0.5558981481481482 0.04124479166666666 0.09517592592592593
3 0.12521875 0.5731759259259259 0.04396354166666667 0.09425
3 0.10540624999999999 0.5987870370370371 0.040427083333333336 0.08976851851851853
3 0.08125 0.6083888888888889 0.046265625 0.09375
3 0.0661875 0.6282407407407408 0.03989583333333333 0.08787037037037038
3 0.03833854166666666 0.64975 0.03644270833333333 0.11567592592592593
3 0.7366770833333334 0.06642592592592592 0.008348958333333333 0.016444444444444446
3 0.016734375000000003 0.6607222222222222 0.028380208333333334 0.09372222222222222
3 0.7309947916666667 0.0702037037037037 0.006729166666666666 0.017333333333333333
3 0.011244791666666667 0.7054722222222222 0.022494791666666666 0.09372222222222222
3 0.7229947916666667 0.07142592592592592 0.009979166666666667 0.015333333333333332
5 0.1791875 0.7464259259259259 0.06355208333333333 0.2499351851851852
5 0.22619791666666667 0.7544537037037037 0.081578125 0.22882407407407407
1 0.6515833333333333 0.769287037037037 0.36027604166666666 0.4088888888888889
3 0.7096250000000001 0.07798148148148148 0.007729166666666666 0.014222222222222221
5 0.7420572916666667 0.07808333333333334 0.006140624999999999 0.02851851851851852
5 0.7485625 0.08034259259259259 0.007020833333333334 0.027129629629629632
5 0.03930729166666667 0.8291759259259259 0.07352604166666667 0.20602777777777778
5 0.7355052083333333 0.0863425925925926 0.008885416666666666 0.03461111111111111