5 0.6398906249999999 0.2515462962962963 0.005166666666666667 0.016972222222222222
5 0.6563802083333333 0.25849074074074074 0.005161458333333333 0.012342592592592593
5 0.6715677083333333 0.25887037037037036 0.004286458333333334 0.02700925925925926
5 0.6652760416666667 0.26775 0.005588541666666667 0.02623148148148148
5 0.6542604166666667 0.2757962962962963 0.010364583333333333 0.02512962962962963
3 0.6563802083333333 0.2835648148148148 0.004291666666666667 0.016203703703703703
5 0.6337447916666666 0.29380555555555554 0.008385416666666668 0.040601851851851854
2 0.5550989583333333 0.31892592592592595 0.07043229166666666 0.06378703703703703
1 0.7074427083333333 0.3425925925925926 0.07357291666666667 0.10846296296296297
0 0.5982083333333333 0.4032962962962963 0.05247916666666667 0.14197222222222222
3 0.7589166666666666 0.4330462962962963 0.04238541666666666 0.014240740740740741
3 0.7681302083333333 0.451212962962963 0.05119270833333334 0.01211111111111111
3 0.5730364583333334 0.4526759259259259 0.046125 0.05761111111111111
3 0.7653229166666667 0.46064814814814814 0.05415625 0.013888888888888888
3 0.7736093749999999 0.46906481481481477 0.05083854166666667 0.010518518518518517
3 0.7755 0.4776944444444444 0.0645625 0.014305555555555556
3 0.5519166666666667 0.4871388888888889 0.06869791666666666 0.027777777777777776
3 0.7996458333333333 0.5008425925925926 0.06029166666666667 0.033666666666666664
3 0.7649739583333334 0.5018981481481481 0.03781770833333333 0.03409259259259259
3 0.5423697916666667 0.5159444444444444 0.07738020833333333 0.04424074074074074
3 0.8322031249999999 0.5214629629629629 0.06007291666666667 0.031148148148148147
3 0.84971875 0.533037037037037 0.05296354166666666 0.02399074074074074
3 0.77528125 0.5522592592592593 0.047552083333333335 0.08517592592592592
3 0.8564635416666667 0.5595555555555556 0.05840625 0.02062037037037037
3 0.5415 0.5685370370370371 0.08027604166666666 0.08769444444444444
3 0.7948072916666666 0.5734444444444445 0.05535416666666667 0.08038888888888888
3 0.8677083333333333 0.5801759259259259 0.06810416666666666 0.025675925925925925
3 0.47810416666666666 0.5905092592592592 0.09584375 0.10901851851851851
3 0.45963020833333335 0.5925925925925926 0.09708854166666667 0.06996296296296296
3 0.8745729166666667 0.60375 0.05390104166666666 0.031564814814814816
3 0.450375 0.6167685185185185 0.09246354166666666 0.052472222222222226
3 0.9203177083333334 0.6229722222222221 0.05329166666666666 0.04803703703703704
3 0.8060468749999999 0.6441203703703704 0.08493750000000001 0.09632407407407408
3 0.8469947916666667 0.6508796296296296 0.08255208333333333 0.04671296296296296
3 0.43938020833333336 0.6608796296296297 0.10403645833333333 0.11187037037037037
3 0.021067708333333334 0.6655092592592593 0.04213541666666667 0.14583333333333334
3 0.9623020833333332 0.6678240740740741 0.07019791666666667 0.06828703703703703
3 0.42491666666666666 0.6898148148148148 0.109828125 0.1265462962962963
3 0.3622708333333333 0.691574074074074 0.13384895833333335 0.17267592592592593
3 0.8615677083333334 0.7137037037037036 0.09334895833333333 0.06977777777777777
3 0.9650468750000001 0.7355277777777778 0.052994791666666666 0.08449074074074074
3 0.9795520833333333 0.7546296296296297 0.03113541666666667 0.06944444444444445
3 0.973859375 0.7988981481481481 0.035369791666666664 0.06771296296296296
3 0.8733645833333333 0.808037037037037 0.12572916666666667 0.14385185185185187
3 0.8759114583333333 0.9152777777777777 0.07748958333333333 0.1638888888888889