5 0.6377135416666667 0.25030555555555556 0.004953125 0.021842592592592594
5 0.656265625 0.2565462962962963 0.004447916666666666 0.018277777777777775
5 0.6492447916666666 0.26234259259259257 0.0054531250000000005 0.015601851851851853
5 0.6698020833333334 0.2746018518518518 0.005442708333333333 0.02675
5 0.6301927083333333 0.28797222222222224 0.00846875 0.024962962962962965
5 0.666921875 0.290425925925926 0.006697916666666666 0.037
5 0.5687708333333333 0.29487962962962966 0.0125 0.02451851851851852
5 0.6766979166666667 0.30112037037037037 0.006697916666666666 0.037
5 0.70565625 0.30268518518518517 0.006432291666666667 0.02763888888888889
5 0.6931197916666666 0.3055833333333333 0.0064375 0.020055555555555556
2 0.5567291666666667 0.3200648148148148 0.07016666666666667 0.03833333333333333
5 0.6077552083333334 0.3214074074074074 0.0077239583333333335 0.032990740740740744
5 0.6968802083333333 0.32563888888888887 0.0069375 0.02451851851851852
0 0.6277864583333332 0.3383055555555556 0.029541666666666667 0.07489814814814814
1 0.727734375 0.3761111111111111 0.06331770833333333 0.11368518518518518
0 0.5973854166666667 0.40587962962962965 0.04849479166666667 0.1332962962962963
3 0.7595208333333333 0.43851851851851853 0.052390625 0.05276851851851852
3 0.572140625 0.4542407407407407 0.048828125 0.06240740740740741
3 0.7660364583333333 0.45589814814814816 0.05963020833333333 0.04737037037037037
3 0.768640625 0.4676111111111111 0.054703125 0.06306481481481481
3 0.5547135416666666 0.4832222222222222 0.07315104166666667 0.03565740740740741
3 0.5486979166666667 0.48834259259259255 0.07365624999999999 0.04412962962962963
3 0.79934375 0.5033888888888889 0.07010416666666666 0.041962962962962966
3 0.7795833333333333 0.5093148148148148 0.07284375000000001 0.07542592592592592
3 0.8327656250000001 0.5202685185185185 0.059333333333333335 0.026962962962962963
3 0.8484947916666666 0.5345740740740741 0.06266666666666666 0.039796296296296295
3 0.5474583333333333 0.5367129629629629 0.087796875 0.10698148148148148
3 0.8608854166666667 0.5521666666666667 0.06377083333333333 0.036175925925925924
3 0.7776458333333333 0.5554629629629629 0.058604166666666666 0.08221296296296297
3 0.532015625 0.5670092592592593 0.09905729166666667 0.09485185185185185
3 0.871890625 0.5718981481481481 0.07023958333333334 0.0342037037037037
3 0.7924427083333333 0.5723981481481482 0.06673958333333332 0.07728703703703703
3 0.47656770833333334 0.5972314814814814 0.09919270833333332 0.09094444444444444
3 0.876421875 0.6019907407407408 0.055260416666666666 0.03913888888888889
3 0.45577083333333335 0.616175925925926 0.1030625 0.10030555555555555
3 0.440171875 0.6218148148148147 0.11265104166666666 0.04292592592592592
3 0.9232291666666667 0.6258333333333334 0.06710416666666667 0.07235185185185185
3 0.812609375 0.6403055555555556 0.09375 0.11181481481481483
3 0.026020833333333333 0.6529814814814815 0.038989583333333334 0.11114814814814815
3 0.9622291666666667 0.6707222222222222 0.075546875 0.08386111111111111
3 0.8511822916666667 0.6760648148148148 0.09514062499999999 0.12914814814814815
3 0.8612604166666666 0.6771111111111111 0.09289062499999999 0.07529629629629629
3 0.35951041666666667 0.6890092592592593 0.13686979166666668 0.17047222222222225
3 0.42518229166666666 0.6909722222222222 0.125078125 0.13190740740740742
5 0.017875 0.7128981481481481 0.03575 0.25702777777777774
3 0.875109375 0.7144074074074074 0.10372395833333334 0.06137962962962964
5 0.12592187500000002 0.749361111111111 0.050265625 0.23271296296296298
3 0.96990625 0.7526111111111111 0.06019270833333333 0.1259537037037037
3 0.8681822916666667 0.7615092592592592 0.10873958333333333 0.07993518518518518
3 0.9781354166666667 0.7790925925925926 0.043729166666666666 0.11641666666666667
3 0.9792447916666667 0.8001388888888888 0.04151041666666667 0.08024074074074074
3 0.8643645833333333 0.8467962962962963 0.14607291666666666 0.18555555555555556
3 0.8720989583333334 0.9097777777777777 0.08566145833333333 0.13595370370370372