5 0.168328125 0.20277777777777778 0.007239583333333333 0.01913888888888889
5 0.15721875000000002 0.2037037037037037 0.007244791666666667 0.018518518518518517
4 0.12014062499999999 0.2074074074074074 0.039531250000000004 0.08518518518518518
5 0.23286458333333335 0.24020370370370372 0.012567708333333334 0.07654629629629629
5 0.2653229166666667 0.24101851851851852 0.015682291666666667 0.07291666666666667
5 0.24176041666666667 0.24599074074074076 0.011697916666666667 0.07469444444444445
1 0.41522395833333337 0.27546296296296297 0.08648958333333333 0.09490740740740741
4 0.3250677083333333 0.28125 0.11581250000000001 0.23148148148148148
5 0.657078125 0.29074074074074074 0.019651041666666664 0.08518518518518518
5 0.41327604166666665 0.2968796296296296 0.03311458333333333 0.0798611111111111
5 0.4708802083333333 0.29803703703703704 0.035041666666666665 0.12152777777777778
3 0.478015625 0.31666666666666665 0.020234375000000002 0.06111111111111111
5 0.49877083333333333 0.31666666666666665 0.013463541666666667 0.08888888888888889
5 0.208234375 0.3246574074074074 0.027979166666666666 0.08449074074074074
3 0.6966458333333333 0.387037037037037 0.057130208333333335 0.0962962962962963
5 0.307828125 0.3894722222222222 0.027942708333333333 0.1284722222222222
3 0.7299739583333333 0.3925925925925926 0.07794791666666666 0.1259259259259259
5 0.27625520833333334 0.39467592592592593 0.031208333333333334 0.1111111111111111
3 0.75965625 0.4027777777777778 0.08314583333333332 0.11296296296296296
3 0.77371875 0.41759259259259257 0.057104166666666664 0.09814814814814815
3 0.8096458333333333 0.4222222222222222 0.06438020833333333 0.1111111111111111
2 0.586375 0.4228425925925926 0.15761458333333334 0.32099074074074074
3 0.8320416666666667 0.4287037037037037 0.055 0.1648148148148148
3 0.8554739583333333 0.44814814814814813 0.06852604166666666 0.11851851851851852
3 0.88203125 0.45092592592592595 0.03831770833333333 0.1537037037037037
3 0.9023385416666667 0.4638888888888889 0.035182291666666664 0.15
3 0.9190052083333333 0.48055555555555557 0.031010416666666665 0.16111111111111112
3 0.95025 0.49074074074074076 0.03308333333333333 0.16666666666666666
3 0.9742031250000001 0.49722222222222223 0.026822916666666665 0.1574074074074074
3 0.9928958333333333 0.512962962962963 0.014208333333333333 0.17037037037037037
3 0.14982291666666667 0.7962962962962963 0.19422916666666667 0.30247222222222225
5 0.961171875 0.8877314814814815 0.07765625 0.22453703703703703