5 0.47105078125000005 0.7164375000000001 0.0843984375 0.08564583333333334
5 0.467796875 0.8483819444444445 0.09090625 0.18286805555555555
5 0.895421875 0.3175486111111111 0.0062421875 0.04649999999999999
4 0.9355859375 0.3189444444444444 0.0345703125 0.08770833333333333
5 0.9030156249999999 0.31922222222222224 0.00639453125 0.042597222222222224
5 0.9124921875 0.32256250000000003 0.0037304687500000003 0.045937500000000006
1 0.9720703125 0.3314722222222222 0.037375000000000005 0.03425
5 0.8437929687500001 0.37101388888888887 0.013484375000000002 0.04580555555555555
5 0.683265625 0.40500694444444446 0.02438671875 0.057861111111111106
3 0.6763125 0.47263194444444445 0.0394375 0.06932638888888888
4 0.1349765625 0.5718194444444444 0.269953125 0.38861805555555556