3 0.7178229166666666 0.11168518518518519 0.02663541666666667 0.056712962962962965
3 0.7211875 0.12152777777777778 0.010796875000000001 0.041666666666666664
3 0.7152239583333333 0.1255740740740741 0.007979166666666667 0.04050925925925926
3 0.7048072916666667 0.1290462962962963 0.010151041666666666 0.049
0 0.6721979166666666 0.13657407407407407 0.05241666666666667 0.08950925925925926
0 0.7555156249999999 0.1400462962962963 0.03763020833333333 0.08873148148148148
3 0.7475468749999999 0.17612037037037037 0.0418125 0.032018518518518516
1 0.592234375 0.18055555555555555 0.12506770833333333 0.11420370370370371
3 0.71728125 0.18826851851851853 0.045515625 0.023148148148148147
3 0.6747552083333334 0.20350925925925925 0.019494791666666667 0.045907407407407404
3 0.4942447916666667 0.20525 0.039390625 0.07099074074074074
3 0.724546875 0.2152777777777778 0.04963541666666667 0.04861111111111111
3 0.6783333333333333 0.2227962962962963 0.04401041666666667 0.04976851851851852
5 0.376140625 0.2789351851851852 0.034015625 0.12731481481481483
3 0.41627604166666665 0.28858333333333336 0.04311458333333333 0.07099074074074074
5 0.353140625 0.29976851851851855 0.023609375 0.11034259259259259
2 0.6804270833333333 0.3202129629629629 0.20255729166666667 0.23302777777777778
5 0.673609375 0.3549351851851852 0.030875 0.1867222222222222
5 0.2599375 0.4444444444444444 0.023317708333333336 0.0787037037037037
5 0.23042708333333334 0.4537037037037037 0.028536458333333334 0.1265462962962963
5 0.172390625 0.4575648148148148 0.022697916666666665 0.10262037037037038
5 0.20005729166666666 0.4762777777777778 0.026807291666666667 0.15007407407407408
3 0.15962500000000002 0.5096481481481481 0.050703124999999995 0.11650925925925926
3 0.12447395833333334 0.5694444444444444 0.045510416666666664 0.11265740740740741
5 0.09147916666666665 0.5960648148148148 0.034213541666666666 0.07330555555555555
3 0.520203125 0.6184444444444444 0.09471875 0.13349074074074072
5 0.06392708333333333 0.6261574074074074 0.032052083333333335 0.0763888888888889
3 0.6503802083333333 0.7129629629629629 0.15802604166666667 0.17284259259259258
2 0.03629166666666667 0.7438240740740741 0.06675520833333333 0.25