5 0.7300052083333333 0.10208333333333333 0.012947916666666667 0.06620370370370371
3 0.7119114583333332 0.11226851851851852 0.027276041666666664 0.050462962962962966
3 0.7046197916666667 0.12175925925925926 0.024677083333333336 0.03796296296296296
5 0.5877135416666667 0.13078703703703703 0.016385416666666666 0.059722222222222225
5 0.575109375 0.13341666666666668 0.017 0.06481481481481481
3 0.7016249999999999 0.1335648148148148 0.011916666666666666 0.033796296296296297
0 0.7550052083333333 0.13495370370370371 0.03340625 0.07916666666666666
0 0.6710364583333334 0.13703703703703704 0.05081770833333333 0.08888888888888889
5 0.6564531250000001 0.13912037037037037 0.012718750000000001 0.038425925925925926
5 0.635234375 0.14351851851851852 0.009859375 0.04537037037037037
5 0.6308072916666667 0.14907407407407408 0.01819270833333333 0.058333333333333334
3 0.7277968749999999 0.1599537037037037 0.019072916666666665 0.04212962962962963
5 0.7477083333333333 0.1699074074074074 0.019192708333333332 0.040740740740740744
5 0.610234375 0.17453703703703705 0.019244791666666667 0.05462962962962963
5 0.5990416666666667 0.18287037037037038 0.013036458333333334 0.06666666666666667
5 0.6586666666666667 0.1865740740740741 0.013494791666666667 0.053703703703703705
5 0.653328125 0.19143518518518518 0.016885416666666667 0.06527777777777778
5 0.5890729166666666 0.19612962962962963 0.019359375 0.049666666666666665
5 0.6278125 0.19814814814814816 0.015333333333333334 0.05648148148148148
5 0.6440833333333333 0.19814814814814816 0.018187500000000002 0.06296296296296296
3 0.6764427083333333 0.20046296296296295 0.027692708333333333 0.041666666666666664
3 0.5613802083333332 0.20244444444444443 0.034046875000000004 0.031148148148148147
3 0.49343229166666663 0.20454629629629628 0.03403645833333333 0.06986111111111111
3 0.7063177083333334 0.2076388888888889 0.038593749999999996 0.06435185185185185
3 0.5545156250000001 0.21190740740740743 0.03168229166666667 0.035777777777777776
3 0.5365260416666667 0.22495370370370368 0.03216145833333333 0.02987962962962963
3 0.5298958333333333 0.23526851851851852 0.039265625 0.031990740740740736
1 0.7285729166666666 0.24602777777777776 0.10244270833333333 0.07142592592592592
3 0.516390625 0.25778703703703704 0.04018229166666667 0.05513888888888888
3 0.47153645833333335 0.27293518518518517 0.04138541666666666 0.03493518518518518
3 0.4961041666666667 0.2764537037037037 0.04523958333333333 0.06878703703703705
3 0.41230208333333335 0.2820740740740741 0.050708333333333334 0.07262037037037038
1 0.6061927083333334 0.2896851851851852 0.1508385416666667 0.14021296296296296
3 0.4607708333333333 0.2896851851851852 0.044515624999999996 0.037037037037037035
1 0.6932291666666667 0.3015833333333333 0.173125 0.10052777777777777
3 0.4499791666666667 0.3320092592592592 0.06906770833333334 0.06084259259259259
1 0.6688177083333334 0.42900925925925926 0.23221875 0.24691666666666667
1 0.4735520833333334 0.43363888888888885 0.14377083333333335 0.23765740740740743
3 0.2349375 0.46362037037037035 0.04969791666666667 0.07804629629629631
3 0.21299479166666666 0.4827222222222223 0.0445 0.08449074074074074
3 0.202203125 0.5006574074074075 0.060125 0.08333333333333333
3 0.18435416666666665 0.526287037037037 0.043765625 0.08167592592592592
3 0.1577552083333333 0.5328240740740741 0.05158854166666667 0.09209259259259259
3 0.13711458333333332 0.5548981481481481 0.050479166666666665 0.08068518518518518
3 0.12140104166666667 0.5768888888888889 0.050296875 0.08762962962962963
3 0.10159375 0.598462962962963 0.047890625 0.09143518518518519
3 0.08313541666666667 0.6207037037037038 0.04221875 0.07737962962962962
3 0.06681770833333332 0.6317777777777778 0.04232291666666667 0.08101851851851852
3 0.042640625 0.6507962962962963 0.037125 0.10582407407407408
3 0.02422916666666667 0.668324074074074 0.038989583333333334 0.10383333333333333
3 0.009229166666666667 0.7066018518518519 0.01846354166666667 0.0775462962962963
1 0.6427708333333333 0.7700648148148148 0.3606770833333333 0.4166666666666667
5 0.7512239583333333 0.08078703703703703 0.010598958333333333 0.031018518518518518
5 0.7419843749999999 0.08148148148148149 0.009302083333333332 0.040740740740740744
5 0.7195937499999999 0.08912037037037036 0.011390625 0.03935185185185185