5 0.7034322916666667 0.29359259259259257 0.006380208333333333 0.01312037037037037
5 0.7097291666666667 0.30594444444444446 0.008807291666666666 0.020833333333333332
5 0.6925885416666666 0.3063240740740741 0.012708333333333332 0.020064814814814817
2 0.5600208333333333 0.32083333333333336 0.06548958333333334 0.032407407407407406
5 0.6300989583333333 0.3263888888888889 0.015286458333333334 0.03086111111111111
0 0.669375 0.36203703703703705 0.032130208333333334 0.10555555555555556
0 0.5745989583333333 0.375 0.04778645833333333 0.10740740740740741
1 0.7264635416666666 0.37546296296296294 0.06817708333333333 0.11944444444444445
5 0.62928125 0.3824074074074074 0.0206875 0.09444444444444444
5 0.6506302083333334 0.3875 0.023802083333333335 0.11203703703703703
0 0.595171875 0.399537037037037 0.056630208333333334 0.11388888888888889
3 0.761875 0.43472222222222223 0.043166666666666666 0.017592592592592594
3 0.768125 0.449537037037037 0.05254166666666667 0.021296296296296296
3 0.7800989583333333 0.46064814814814814 0.053578125000000004 0.028703703703703703
3 0.583453125 0.4689814814814815 0.06653125 0.058333333333333334
3 0.5496041666666667 0.48518518518518516 0.07486979166666667 0.027777777777777776
3 0.7879114583333333 0.49722222222222223 0.07440104166666667 0.02962962962962963
3 0.5485625 0.5171296296296296 0.078 0.03981481481481482
3 0.8332135416666666 0.5263888888888889 0.06501041666666667 0.03796296296296296
3 0.7798385416666667 0.5541666666666667 0.05722395833333334 0.08796296296296297
3 0.5373645833333334 0.5694444444444444 0.09414583333333333 0.09259259259259259
3 0.474875 0.5736111111111111 0.093125 0.05277777777777778
3 0.8738333333333334 0.5768518518518518 0.073328125 0.046296296296296294
3 0.7962395833333333 0.5787037037037037 0.070234375 0.06851851851851852
3 0.456390625 0.5972222222222222 0.105109375 0.06111111111111111
3 0.9217395833333334 0.6226851851851852 0.06602083333333333 0.05277777777777778
3 0.4420677083333333 0.6310185185185185 0.11396875 0.08425925925925926
3 0.8151145833333333 0.6319444444444444 0.09079687500000001 0.10833333333333334
3 0.856125 0.649074074074074 0.10249479166666667 0.06296296296296296
3 0.02041666666666667 0.6666666666666666 0.04083333333333334 0.1388888888888889
3 0.9665 0.6680555555555555 0.06699999999999999 0.062037037037037036
3 0.862109375 0.675 0.10718229166666667 0.053703703703703705
3 0.43015624999999996 0.6975277777777779 0.10906770833333333 0.14814814814814814
3 0.873046875 0.7148148148148148 0.11759375 0.07407407407407407
3 0.36246354166666667 0.7175925925925926 0.126453125 0.1574074074074074
5 0.203640625 0.7330277777777777 0.06922916666666666 0.3117314814814815
3 0.872265625 0.7564814814814815 0.11394791666666666 0.07037037037037037
3 0.8717395833333333 0.8532407407407407 0.13790104166666667 0.15462962962962962