5 0.6398854166666667 0.25189814814814815 0.002234375 0.018685185185185187
5 0.643390625 0.25757407407407407 0.00346875 0.02198148148148148
5 0.6499843750000001 0.2612407407407407 0.00346875 0.01685185185185185
5 0.6480260416666667 0.28267592592592594 0.0045000000000000005 0.02821296296296296
5 0.673171875 0.28688888888888886 0.0065625 0.021249999999999998
3 0.6728802083333334 0.3013055555555556 0.005536458333333333 0.015018518518518518
5 0.7090260416666666 0.3035555555555555 0.0040729166666666665 0.02821296296296296
5 0.7001614583333333 0.30392592592592593 0.0053124999999999995 0.021620370370370373
5 0.6938802083333333 0.3075925925925926 0.00840625 0.025277777777777777
3 0.6826562500000001 0.30871296296296297 0.010973958333333334 0.011731481481481482
3 0.6852552083333333 0.31066666666666665 0.012473958333333333 0.01563888888888889
3 0.6931822916666667 0.3218796296296296 0.017677083333333333 0.013787037037037037
5 0.6991302083333333 0.3222407407407407 0.007786458333333333 0.019416666666666665
2 0.5554895833333333 0.32687962962962963 0.0721875 0.06606481481481481
5 0.6204114583333333 0.3392777777777778 0.016046875 0.07108333333333333
1 0.7257083333333333 0.35082407407407407 0.057640625 0.0670462962962963
5 0.6391614583333334 0.35118518518518516 0.015213541666666667 0.07730555555555554
0 0.575375 0.3605555555555555 0.045432291666666666 0.09897222222222223
0 0.723546875 0.3984537037037037 0.04878125 0.1183425925925926
0 0.5934427083333333 0.411962962962963 0.054098958333333336 0.13239814814814815
5 0.659828125 0.42663888888888885 0.02765625 0.07313888888888888
3 0.7574895833333334 0.4370277777777778 0.040072916666666666 0.016962962962962964
3 0.7695572916666666 0.4442962962962963 0.051359375 0.0135
3 0.7759531249999999 0.4546203703703704 0.049651041666666666 0.017601851851851855
3 0.5832395833333333 0.4704907407407407 0.061000000000000006 0.06949074074074074
3 0.775140625 0.470787037037037 0.059911458333333334 0.01087962962962963
3 0.7741510416666666 0.4816666666666667 0.052171875 0.015361111111111112
3 0.5536614583333334 0.4895462962962963 0.06372395833333333 0.02847222222222222
3 0.656203125 0.48969444444444443 0.012994791666666667 0.07076851851851852
3 0.7783802083333333 0.49623148148148144 0.056671875000000003 0.012481481481481482
3 0.549859375 0.50475 0.072953125 0.03571296296296296
3 0.7937708333333333 0.5059907407407408 0.06800520833333333 0.024324074074074074
3 0.5489114583333333 0.5153703703703704 0.07051041666666666 0.04053703703703704
3 0.8319270833333333 0.5242314814814815 0.05430729166666667 0.03776851851851852
3 0.8538385416666666 0.5308703703703704 0.04233854166666667 0.027083333333333334
3 0.778203125 0.5402314814814815 0.04947395833333333 0.04737037037037037
3 0.8596874999999999 0.5526574074074074 0.05138541666666666 0.018842592592592595
3 0.5390052083333334 0.5549351851851853 0.07892708333333333 0.06369444444444446
3 0.47752083333333334 0.5679629629629629 0.08896875 0.05694444444444444
3 0.8684062499999999 0.56875 0.06175520833333333 0.022768518518518518
3 0.7974322916666666 0.5716944444444444 0.06022916666666667 0.07183333333333333
3 0.46000520833333336 0.5937777777777777 0.08813020833333333 0.060314814814814814
3 0.8679739583333334 0.594462962962963 0.06493750000000001 0.028657407407407406
3 0.9210677083333334 0.6172222222222222 0.05624479166666666 0.04278703703703704
3 0.8096875 0.6291944444444444 0.079 0.07928703703703703
3 0.44032812499999996 0.6355185185185185 0.08623958333333334 0.0415
3 0.8499791666666667 0.65275 0.08495833333333333 0.06123148148148148
3 0.960046875 0.6623611111111112 0.06045833333333333 0.05062962962962963
3 0.019765625000000002 0.6678240740740741 0.039531250000000004 0.14583333333333334
3 0.42852083333333335 0.6724351851851852 0.11528125 0.1105
3 0.8625624999999999 0.6815925925925926 0.09113020833333334 0.051416666666666666
3 0.8673072916666666 0.7112314814814815 0.09046875 0.05809259259259259
3 0.35564062500000004 0.7173148148148148 0.12424479166666667 0.11147222222222222
3 0.9696510416666667 0.7261481481481482 0.052286458333333334 0.08792592592592592
3 0.9802447916666667 0.748712962962963 0.027114583333333334 0.03964814814814815
3 0.866421875 0.7583333333333333 0.10547916666666667 0.058879629629629636
3 0.7606614583333333 0.785324074074074 0.051812500000000004 0.2488425925925926
3 0.9764947916666666 0.7967962962962962 0.036828124999999996 0.08478703703703704
3 0.8681875 0.8374259259259259 0.1218125 0.10401851851851852
3 0.8875937500000001 0.893351851851852 0.07038020833333333 0.09337962962962962