5 0.6811875000000001 0.26462962962962966 0.0031979166666666666 0.015583333333333331
5 0.6847552083333334 0.2705462962962963 0.0034375 0.023935185185185188
5 0.68646875 0.2828611111111111 0.004546875000000001 0.016972222222222222
5 0.6890052083333333 0.2905277777777778 0.0036510416666666666 0.011953703703703704
5 0.6729166666666667 0.293 0.006020833333333334 0.02623148148148148
3 0.6833802083333332 0.3016759259259259 0.0069635416666666665 0.012842592592592591
5 0.7070052083333334 0.3026111111111111 0.006671875 0.026074074074074076
5 0.699375 0.3041111111111111 0.005953125 0.024944444444444446
3 0.67265625 0.3041203703703704 0.004182291666666667 0.016425925925925924
5 0.6929010416666667 0.3065462962962963 0.007119791666666667 0.024203703703703703
5 0.7153177083333334 0.31121296296296297 0.005625000000000001 0.014287037037037037
3 0.6790885416666667 0.31410185185185185 0.00678125 0.01771296296296296
2 0.5564374999999999 0.3180648148148148 0.07217708333333334 0.04956481481481482
3 0.6846458333333333 0.3188518518518519 0.007520833333333333 0.021722222222222223
5 0.6997135416666667 0.32580555555555557 0.008619791666666666 0.020814814814814814
3 0.6909114583333333 0.33169444444444446 0.010666666666666666 0.023916666666666666
0 0.5749322916666666 0.3697037037037037 0.04681770833333333 0.08675
0 0.5950624999999999 0.40085185185185185 0.05106770833333333 0.10980555555555556
0 0.725 0.41120370370370374 0.04515625 0.14469444444444446
5 0.6817135416666668 0.41441666666666666 0.022578125 0.10069444444444445
3 0.7613749999999999 0.4260648148148148 0.04669270833333334 0.02899074074074074
3 0.7647499999999999 0.43244444444444446 0.047036458333333336 0.033277777777777774
3 0.7688124999999999 0.44242592592592594 0.05365104166666667 0.030453703703703705
3 0.68434375 0.4507129629629629 0.014098958333333333 0.07391666666666666
3 0.7809947916666666 0.4509537037037037 0.051541666666666666 0.02549074074074074
5 0.7068125 0.45566666666666666 0.03259375 0.11966666666666667
3 0.582171875 0.46327777777777773 0.05991666666666667 0.09108333333333334
3 0.7787395833333334 0.46749999999999997 0.0535 0.022546296296296297
5 0.6162395833333334 0.47194444444444444 0.0324375 0.09980555555555556
3 0.7758385416666667 0.4738981481481481 0.060578125000000003 0.03180555555555556
3 0.5523854166666666 0.47876851851851854 0.07222916666666666 0.03925
3 0.548015625 0.4931666666666667 0.07810416666666667 0.05071296296296297
3 0.7975104166666667 0.4972037037037037 0.06980208333333333 0.04587037037037037
3 0.7093072916666666 0.5003240740740741 0.017296875 0.08519444444444445
3 0.7537864583333334 0.5125462962962962 0.014921875 0.04952777777777778
5 0.6516875 0.512925925925926 0.028687499999999998 0.17562037037037037
3 0.834265625 0.515287037037037 0.06466145833333334 0.048157407407407406
3 0.8457135416666667 0.5272037037037037 0.07238541666666666 0.05203703703703704
3 0.5471874999999999 0.53525 0.08485416666666666 0.10608333333333332
3 0.8611041666666667 0.5459351851851852 0.065140625 0.04836111111111111
5 0.6186458333333333 0.5468055555555555 0.04719270833333333 0.1989074074074074
3 0.7767552083333332 0.5507407407407408 0.055177083333333335 0.0909537037037037
3 0.8724166666666666 0.5601851851851852 0.07448958333333335 0.060175925925925924
3 0.5380416666666666 0.5628888888888889 0.09715104166666667 0.10437037037037036
3 0.4774114583333333 0.5769351851851852 0.09791666666666667 0.1329074074074074
3 0.7931406249999999 0.581287037037037 0.066078125 0.09117592592592592
3 0.8787083333333333 0.5854907407407408 0.06588020833333333 0.0500462962962963
3 0.45740625 0.599574074074074 0.10794270833333333 0.12946296296296295
3 0.92315625 0.6139444444444444 0.06592187499999999 0.055768518518518516
3 0.81234375 0.6392962962962964 0.09191145833333333 0.10980555555555556
3 0.8530260416666666 0.6424722222222222 0.09173437499999999 0.0985462962962963
3 0.44049479166666666 0.6495000000000001 0.11283854166666667 0.13277777777777777
3 0.02041666666666667 0.6631944444444444 0.04083333333333334 0.14583333333333334
3 0.8673802083333333 0.6665277777777778 0.10129687500000001 0.07733333333333332
3 0.42801562499999996 0.6723425925925925 0.11716145833333333 0.17063888888888887
3 0.9639427083333333 0.6869351851851851 0.07211458333333334 0.14575
3 0.36269270833333334 0.6884074074074075 0.13227083333333334 0.17248148148148149
3 0.8707916666666667 0.7133518518518518 0.11066145833333334 0.06851851851851852
3 0.971125 0.7504351851851853 0.05774479166666667 0.13292592592592592
3 0.981515625 0.7520092592592592 0.03500520833333333 0.04477777777777778
3 0.8730729166666666 0.7591018518518519 0.12369270833333333 0.10127777777777777
3 0.9807604166666667 0.8038148148148149 0.03847916666666666 0.07687037037037037
5 0.69821875 0.8382962962962963 0.0965 0.3234166666666667
3 0.8638958333333334 0.8469722222222222 0.14220833333333335 0.1874351851851852
5 0.47205729166666666 0.8647407407407407 0.09133854166666668 0.27051851851851855