5 0.22074999999999997 0.19212962962962962 0.005703125 0.028703703703703703
5 0.16555208333333335 0.2050925925925926 0.0067708333333333336 0.026851851851851852
5 0.25823958333333336 0.24027777777777778 0.015062500000000001 0.0787037037037037
5 0.2506875 0.24814814814814815 0.012463541666666666 0.06111111111111111
1 0.4121302083333333 0.2763888888888889 0.10736458333333333 0.09537037037037037
5 0.192625 0.2902777777777778 0.021338541666666665 0.0712962962962963
5 0.4373385416666667 0.2903425925925926 0.019973958333333333 0.10978703703703703
5 0.6582343749999999 0.2916666666666667 0.020708333333333332 0.07715740740740741
3 0.55625 0.29321296296296295 0.021802083333333333 0.04321296296296297
5 0.39873437500000003 0.2972222222222222 0.023802083333333335 0.10555555555555556
5 0.23871354166666667 0.3042314814814815 0.021536458333333335 0.12169444444444445
5 0.6083385416666667 0.3117314814814815 0.023536458333333333 0.12037037037037036
3 0.5671041666666666 0.32252777777777775 0.041765625 0.10185185185185185
5 0.33166666666666667 0.32546296296296295 0.020374999999999997 0.11388888888888889
5 0.6295989583333333 0.3325648148148148 0.024411458333333334 0.14969444444444444
3 0.5844583333333334 0.3418240740740741 0.027885416666666666 0.0663611111111111
5 0.485015625 0.35062037037037036 0.027817708333333333 0.16975
5 0.5238958333333333 0.3533981481481482 0.03266145833333333 0.19444444444444445
3 0.6739114583333333 0.37037037037037035 0.05383854166666667 0.09259259259259259
3 0.691703125 0.3765462962962963 0.05123958333333333 0.10802777777777778
3 0.7199114583333334 0.38349074074074074 0.04344270833333333 0.11574074074074074
3 0.7498541666666667 0.3912037037037037 0.061677083333333334 0.125
3 0.7715520833333334 0.4027777777777778 0.05300520833333333 0.1265462962962963
3 0.8097395833333334 0.41898148148148145 0.05649479166666667 0.11882407407407408
5 0.852828125 0.42592592592592593 0.04469270833333334 0.21604629629629632
3 0.8179791666666667 0.44675925925925924 0.019177083333333334 0.0941388888888889
3 0.8865468750000001 0.4529351851851852 0.04350520833333334 0.14351851851851852
5 0.5933229166666667 0.45678703703703705 0.056937499999999995 0.24690740740740744
3 0.83446875 0.4575648148148148 0.02265625 0.0941388888888889
3 0.9021666666666667 0.46219444444444446 0.04351041666666667 0.1527777777777778
3 0.9260364583333334 0.4760833333333333 0.04265104166666667 0.14969444444444444
3 0.9525052083333333 0.4837962962962963 0.04005729166666667 0.15586111111111112
3 0.9781093750000001 0.4961388888888889 0.03919791666666667 0.1527777777777778
3 0.994078125 0.5154351851851852 0.011838541666666667 0.11419444444444445
3 0.14461458333333335 0.7700648148148148 0.20464583333333333 0.2993796296296296
1 0.6115208333333333 0.7885833333333333 0.4231770833333333 0.4166666666666667