5 0.7171875 0.09932407407407406 0.011682291666666667 0.045453703703703704
3 0.7184739583333334 0.10802777777777778 0.022119791666666666 0.024694444444444446
3 0.7059791666666667 0.11265740740740741 0.020734375000000003 0.027777777777777776
0 0.6687239583333333 0.12367592592592593 0.05119791666666666 0.08068518518518518
3 0.7005989583333334 0.12839814814814815 0.014140624999999999 0.035805555555555556
5 0.72403125 0.13302777777777777 0.012395833333333333 0.04012037037037037
0 0.7557604166666666 0.13360185185185183 0.039260416666666666 0.08200925925925925
5 0.7396510416666667 0.13580555555555554 0.006140624999999999 0.020990740740740744
5 0.6419166666666667 0.13762962962962963 0.011713541666666666 0.04292592592592592
5 0.6781302083333334 0.1380462962962963 0.015958333333333335 0.06060185185185185
5 0.6542239583333332 0.14562037037037037 0.008869791666666666 0.05892592592592592
5 0.73340625 0.1549351851851852 0.009614583333333334 0.045675925925925925
5 0.7504166666666666 0.15586111111111112 0.009609375 0.04012037037037037
5 0.6114114583333333 0.16269444444444445 0.015442708333333333 0.0582037037037037
5 0.6248020833333333 0.16468518518518518 0.016927083333333332 0.09391666666666668
3 0.638625 0.16782407407407407 0.028833333333333332 0.03549074074074074
5 0.6883072916666666 0.17382407407407408 0.013588541666666667 0.03956481481481481
3 0.7108385416666666 0.1824074074074074 0.033229166666666664 0.024074074074074074
5 0.5972760416666667 0.18320370370370373 0.013958333333333333 0.08333333333333333
5 0.687125 0.19823148148148148 0.015958333333333335 0.05976851851851851
3 0.735140625 0.19845370370370372 0.024890625 0.020370370370370372
3 0.49353125000000003 0.20328703703703704 0.03596354166666667 0.05302777777777778
3 0.7087552083333333 0.21358333333333332 0.02490104166666667 0.032101851851851854
3 0.582890625 0.2139537037037037 0.025635416666666667 0.03901851851851852
5 0.5269791666666667 0.21494444444444444 0.011755208333333333 0.05687962962962963
3 0.5544375 0.21858333333333332 0.02453125 0.04299074074074074
5 0.5697552083333334 0.22287962962962965 0.019921875 0.09656481481481483
5 0.6110416666666667 0.22552777777777777 0.014697916666666666 0.09391666666666668
5 0.66653125 0.23189814814814813 0.015489583333333333 0.12037037037037036
3 0.5484843749999999 0.23809259259259258 0.020067708333333333 0.030425925925925926
3 0.5183854166666666 0.2474722222222222 0.026015625 0.050509259259259254
1 0.7345520833333333 0.25 0.10250000000000001 0.06878703703703705
5 0.6236822916666667 0.25727777777777777 0.026593750000000003 0.09656481481481483
5 0.541484375 0.26851851851851855 0.019932291666666668 0.12962962962962962
3 0.49400520833333333 0.26893518518518517 0.04164583333333333 0.05302777777777778
3 0.48230729166666664 0.2760462962962963 0.029249999999999998 0.04282407407407408
3 0.41059375000000004 0.28108333333333335 0.04535416666666667 0.04894444444444444
3 0.47091666666666665 0.2887777777777778 0.026000000000000002 0.047453703703703706
3 0.45594270833333334 0.3159722222222222 0.041630208333333335 0.06018518518518518
1 0.7018177083333333 0.3167962962962963 0.1724375 0.09391666666666668
5 0.4365572916666667 0.3472222222222222 0.028432291666666668 0.16203703703703703
5 0.4024114583333333 0.3690462962962963 0.03235416666666666 0.14288888888888887
1 0.6727916666666667 0.4383611111111111 0.221546875 0.21534259259259259
5 0.612953125 0.45816666666666667 0.040078125 0.20012962962962963
3 0.23399479166666665 0.46875 0.0488125 0.07822222222222222
5 0.5616249999999999 0.4771574074074074 0.047906250000000004 0.20575000000000002
3 0.21767708333333333 0.48100000000000004 0.038114583333333334 0.08423148148148148
3 0.20331770833333335 0.5023703703703704 0.05227604166666667 0.08052777777777778
5 0.44892708333333337 0.5104166666666666 0.04014583333333333 0.22453703703703703
5 0.41703125 0.5150462962962963 0.0440625 0.2013888888888889
3 0.18484375 0.5241296296296296 0.03909895833333333 0.08159259259259259
3 0.16407291666666665 0.5360185185185184 0.04026041666666667 0.08314814814814815
3 0.14016666666666666 0.5563148148148148 0.04615625 0.09725925925925927
3 0.12220833333333332 0.5773981481481482 0.05054166666666667 0.08471296296296296
3 0.07852604166666667 0.6018518518518519 0.031677083333333335 0.06296296296296296
3 0.10643229166666666 0.6024074074074074 0.042692708333333336 0.08444444444444445
3 0.06258333333333334 0.6207314814814815 0.033765625 0.05740740740740741
5 0.751125 0.06462037037037037 0.004270833333333333 0.0135
5 0.08711458333333333 0.6476851851851851 0.06135416666666667 0.17685185185185184
3 0.038515625000000005 0.6563148148148149 0.04019791666666667 0.09225925925925926
3 0.022322916666666668 0.6753055555555556 0.044640624999999996 0.08394444444444445
3 0.7333333333333333 0.06867592592592593 0.0060104166666666665 0.014657407407407407
3 0.009875 0.6996018518518519 0.019484374999999998 0.09179629629629629
3 0.722703125 0.07079629629629629 0.003411458333333333 0.010416666666666666
3 0.7165208333333334 0.0731111111111111 0.007104166666666667 0.00887037037037037
1 0.6526614583333333 0.7719907407407407 0.36168229166666666 0.3912037037037037
3 0.7085989583333333 0.07947222222222222 0.00471875 0.01312037037037037
5 0.7504739583333334 0.08062962962962963 0.005572916666666666 0.018518518518518517