5 0.6406458333333334 0.2651388888888889 0.005973958333333334 0.013564814814814816
5 0.5501302083333334 0.26621296296296293 0.008812500000000001 0.01712962962962963
2 0.6745572916666667 0.2737037037037037 0.05372916666666667 0.040685185185185185
5 0.6352239583333333 0.28762037037037036 0.0047708333333333335 0.04139814814814815
5 0.6450572916666667 0.29547222222222225 0.004364583333333334 0.04139814814814815
5 0.5613697916666667 0.2993981481481482 0.008010416666666667 0.017842592592592594
1 0.5507291666666667 0.31295370370370373 0.05979166666666667 0.030685185185185187
1 0.6964270833333334 0.3204537037037037 0.09586458333333334 0.06280555555555556
1 0.5420989583333333 0.3265185185185185 0.04333854166666666 0.034972222222222224
5 0.6843958333333333 0.3311574074074074 0.009973958333333333 0.06280555555555556
1 0.6061197916666666 0.33543518518518517 0.04291145833333333 0.052814814814814814
5 0.637234375 0.3379351851851852 0.008786458333333334 0.0706574074074074
3 0.6944374999999999 0.36291666666666667 0.014901041666666667 0.04638888888888889
3 0.6974479166666666 0.3664814814814815 0.008880208333333334 0.033546296296296296
5 0.6155572916666666 0.38004629629629627 0.014411458333333333 0.0835
3 0.6026718750000001 0.38575925925925925 0.0055000000000000005 0.05067592592592592
3 0.5691510416666666 0.4068055555555556 0.05969791666666667 0.03140740740740741
0 0.7237135416666667 0.4069814814814815 0.043479166666666666 0.13403703703703704
3 0.5797864583333333 0.4203703703703704 0.07133333333333333 0.014277777777777778
3 0.5835989583333333 0.4325 0.07173437499999999 0.018555555555555554
3 0.7628697916666667 0.44285185185185183 0.04969791666666667 0.014990740740740742
3 0.5829947916666666 0.4432037037037037 0.061697916666666665 0.01998148148148148
3 0.7684895833333333 0.4492777777777778 0.05852604166666667 0.006425925925925926
3 0.7763177083333334 0.45819444444444446 0.051703124999999996 0.015703703703703706
3 0.7759166666666667 0.47353703703703703 0.06053125 0.014990740740740742
3 0.5502812499999999 0.48281481481481486 0.07576041666666668 0.034972222222222224
3 0.57878125 0.48281481481481486 0.06451041666666667 0.06494444444444444
3 0.806421875 0.5070833333333333 0.022791666666666665 0.03212037037037037
3 0.5480729166666667 0.5102962962962962 0.08338541666666667 0.059953703703703703
3 0.832109375 0.5160092592592592 0.059708333333333335 0.02140740740740741
3 0.5456666666666667 0.526 0.08499479166666667 0.07137037037037038
3 0.8282968749999999 0.5320648148148148 0.06814062500000001 0.02212037037037037
3 0.8674322916666667 0.5531203703703704 0.069328125 0.014277777777777778
3 0.528203125 0.5552037037037038 0.09182291666666667 0.13572222222222224
3 0.8096354166666667 0.5645370370370371 0.034833333333333334 0.04425
3 0.4763177083333333 0.5650925925925926 0.10125 0.10947222222222222
3 0.87184375 0.5720277777777777 0.07575 0.02212037037037037
3 0.46965104166666666 0.608037037037037 0.10423958333333333 0.15787962962962962
3 0.8764635416666666 0.6144999999999999 0.053671875 0.058527777777777776
3 0.43778124999999996 0.6306018518518518 0.129359375 0.1771111111111111
3 0.8323072916666666 0.6309074074074074 0.08098437500000001 0.10420370370370372
3 0.9256510416666667 0.6508981481481482 0.08861979166666667 0.11419444444444445
3 0.3648385416666667 0.6907037037037037 0.1304114583333333 0.18302777777777776
5 0.03309895833333333 0.6979166666666666 0.06582291666666666 0.2662037037037037
3 0.8628333333333333 0.7151296296296297 0.10590104166666667 0.11562037037037037
2 0.646640625 0.7337037037037036 0.29838020833333334 0.5325833333333334
3 0.9816197916666667 0.7529537037037037 0.03676041666666666 0.0656574074074074
3 0.870859375 0.7547407407407407 0.10509895833333333 0.1591574074074074
3 0.9804166666666667 0.8039814814814814 0.03916666666666667 0.07350925925925926
3 0.8973593750000001 0.8057685185185185 0.12436979166666666 0.1612962962962963
3 0.8730781249999999 0.91425 0.0910625 0.13845370370370372