4 0.11688020833333333 0.21478703703703703 0.04205208333333333 0.07646296296296295
5 0.151390625 0.21653703703703706 0.007395833333333333 0.04087037037037037
5 0.14111979166666666 0.21887037037037035 0.007239583333333333 0.04187037037037037
4 0.1948645833333333 0.24408333333333335 0.06716145833333333 0.15009259259259258
4 0.32500520833333335 0.28158333333333335 0.115234375 0.23275
3 0.6226041666666667 0.33421296296296293 0.051265625 0.09416666666666666
3 0.6349270833333333 0.3446574074074074 0.053578125000000004 0.10137962962962963
3 0.6572708333333334 0.3538148148148148 0.05196354166666666 0.10064814814814815
5 0.80746875 0.3551759259259259 0.02538020833333333 0.12303703703703703
3 0.6778385416666667 0.3656666666666667 0.06174479166666667 0.10081481481481482
5 0.5331614583333333 0.3710462962962963 0.03063541666666667 0.1835
3 0.7143645833333333 0.3881574074074074 0.05547395833333334 0.10180555555555555
3 0.75065625 0.3996851851851852 0.05397395833333333 0.10658333333333334
5 0.88346875 0.40585185185185185 0.03490104166666667 0.1831851851851852
5 0.9371562499999999 0.42524074074074075 0.0318125 0.1713611111111111
3 0.8300104166666666 0.43117592592592596 0.06991666666666667 0.11690740740740742
3 0.994265625 0.5335555555555556 0.01146875 0.10604629629629629