5 0.7039609375 0.1753472222222222 0.009218750000000001 0.019680555555555555
5 0.684515625 0.17654166666666665 0.0068984375 0.03143055555555555
5 0.719578125 0.17881944444444445 0.006617187500000001 0.019680555555555555
0 0.65903125 0.18420833333333334 0.0176015625 0.04677777777777778
2 0.608265625 0.18494444444444444 0.054328125000000005 0.06725
3 0.702328125 0.1909722222222222 0.0085625 0.013888888888888888
1 0.7862734375 0.19444444444444445 0.0321875 0.029236111111111112
3 0.720234375 0.19559722222222223 0.007921875 0.01620833333333333
5 0.6637734375 0.21563888888888888 0.01228125 0.04825
5 0.6469140624999999 0.24415277777777777 0.01978125 0.07163888888888889
5 0.2966484375 0.36904166666666666 0.032234374999999996 0.14681944444444445