3 0.7319479166666666 0.9435185185185185 0.057265625 0.11296296296296296
5 0.65096875 0.2538148148148148 0.003921875 0.01961111111111111
5 0.6638333333333333 0.2554444444444444 0.005145833333333334 0.02178703703703704
5 0.6460677083333334 0.2614351851851852 0.004536458333333334 0.025055555555555553
4 0.620296875 0.2667407407407407 0.030375 0.07621296296296297
1 0.603078125 0.2970648148148148 0.024973958333333334 0.029324074074074075
5 0.67478125 0.2986111111111111 0.00653125 0.040574074074074075
1 0.5440572916666666 0.30169444444444443 0.04061979166666666 0.03549074074074074
5 0.6437708333333333 0.3029074074074074 0.010223958333333333 0.039685185185185184
3 0.6906979166666667 0.3063240740740741 0.023598958333333333 0.007712962962962963
1 0.6070052083333334 0.3147222222222222 0.024968749999999998 0.046296296296296294
1 0.5388489583333332 0.31636111111111115 0.042354166666666665 0.037037037037037035
3 0.689609375 0.31712962962962965 0.02272916666666667 0.016203703703703703
1 0.5327760416666666 0.32330555555555557 0.03194270833333333 0.029324074074074075
3 0.6989739583333333 0.32533333333333336 0.03397395833333334 0.027777777777777776
1 0.609921875 0.33061111111111113 0.03825 0.04030555555555556
5 0.6456302083333333 0.3339907407407407 0.013942708333333333 0.07010185185185185
5 0.5992031250000001 0.33850925925925923 0.007010416666666667 0.03322222222222222
5 0.6240625000000001 0.35450000000000004 0.014317708333333333 0.06349074074074074
5 0.6169895833333333 0.35648148148148145 0.011723958333333334 0.06216666666666667
3 0.6911666666666666 0.35732407407407407 0.011729166666666667 0.037879629629629624
0 0.5763385416666666 0.3627962962962963 0.04911979166666667 0.08754629629629629
5 0.6560468749999999 0.3637592592592593 0.0050104166666666665 0.039685185185185184
3 0.697796875 0.36489814814814814 0.012671874999999999 0.03450925925925926
5 0.6608802083333334 0.3816111111111111 0.011703125 0.05687962962962963
5 0.6985052083333334 0.39393518518518517 0.006520833333333333 0.09090740740740741
0 0.7235937499999999 0.40699074074074076 0.043432291666666664 0.1321574074074074
3 0.583203125 0.40950925925925924 0.039171874999999995 0.014305555555555556
5 0.5846302083333333 0.4126944444444444 0.012479166666666668 0.0661388888888889
3 0.5770520833333334 0.4221388888888889 0.040125 0.01936111111111111
3 0.65790625 0.4279074074074074 0.013192708333333332 0.04894444444444444
3 0.7612760416666667 0.43327777777777776 0.049901041666666666 0.016888888888888887
3 0.5742083333333333 0.44275925925925924 0.03349479166666667 0.030305555555555554
5 0.6114114583333333 0.44510185185185186 0.013958333333333333 0.12037037037037036
3 0.7654114583333332 0.4477129629629629 0.04836979166666667 0.010888888888888889
3 0.7753645833333334 0.45587962962962963 0.05296354166666666 0.01525
3 0.5805989583333333 0.46464814814814814 0.06047916666666667 0.03872222222222222
3 0.775515625 0.47303703703703703 0.05510416666666666 0.022333333333333334
3 0.5510104166666667 0.48569444444444443 0.069484375 0.02188888888888889
3 0.7813385416666667 0.4896481481481482 0.056328125 0.01961111111111111
3 0.797875 0.5038148148148148 0.06489583333333333 0.02723148148148148
3 0.5493541666666667 0.5084166666666667 0.07090624999999999 0.023564814814814813
3 0.5013072916666667 0.5206203703703703 0.024057291666666664 0.04292592592592592
3 0.8323385416666667 0.5272314814814815 0.06090104166666667 0.03159259259259259
3 0.7863906249999999 0.5291388888888889 0.05540625 0.058277777777777776
3 0.45183854166666665 0.5500833333333334 0.032125 0.05134259259259259
3 0.8611302083333333 0.5585555555555556 0.06640104166666666 0.02887037037037037
3 0.7935885416666667 0.5640000000000001 0.060609375 0.07135185185185186
3 0.8654166666666666 0.5675370370370371 0.06823958333333334 0.03267592592592593
3 0.7543854166666667 0.5699907407407407 0.026317708333333335 0.10621296296296295
3 0.42130729166666664 0.5774444444444444 0.026932291666666667 0.050509259259259254
3 0.872921875 0.5939537037037037 0.0611875 0.043027777777777776
3 0.3974010416666667 0.6047962962962963 0.030255208333333335 0.03450925925925926
3 0.80875 0.6171018518518518 0.08234895833333335 0.07298148148148148
3 0.9205520833333334 0.6187407407407407 0.05657291666666667 0.046842592592592595
3 0.38461979166666665 0.6376296296296297 0.034046875000000004 0.049666666666666665
3 0.8473437500000001 0.6574074074074074 0.08784895833333332 0.05446296296296296
3 0.7480989583333333 0.664212962962963 0.0670625 0.16612037037037036
3 0.019765625000000002 0.6736111111111112 0.039531250000000004 0.14814814814814814
3 0.9597447916666667 0.6756574074074074 0.08051041666666667 0.11819444444444445
3 0.97021875 0.7169722222222222 0.051296875 0.07592592592592592
3 0.8194687500000001 0.7189537037037037 0.09949999999999999 0.09259259259259259
3 0.86571875 0.7524722222222222 0.10827604166666666 0.08148148148148149
3 0.9785364583333334 0.7555555555555555 0.04292708333333333 0.06666666666666667
5 0.33467708333333335 0.7559537037037036 0.06019270833333333 0.2235462962962963
2 0.5478854166666667 0.7575000000000001 0.31673958333333335 0.48499999999999993
5 0.3692708333333333 0.7936481481481481 0.060921875 0.21693518518518518
3 0.9775104166666666 0.8012314814814815 0.035328125 0.0728425925925926
3 0.7665729166666666 0.8402777777777778 0.05985416666666667 0.24722222222222223
3 0.8603385416666666 0.8416666666666667 0.1343125 0.1265462962962963