1 0.603734375 0.2509074074074074 0.022291666666666664 0.013787037037037037
5 0.5558958333333333 0.25831481481481483 0.006750000000000001 0.03557407407407408
5 0.6483541666666667 0.26175 0.005046875 0.0202962962962963
5 0.6643645833333333 0.26762037037037034 0.004494791666666667 0.024722222222222222
5 0.6545208333333333 0.2685925925925926 0.005411458333333333 0.02050925925925926
3 0.6484270833333333 0.2719166666666667 0.0030677083333333333 0.007148148148148148
3 0.6543489583333333 0.277 0.002078125 0.012564814814814815
5 0.6844270833333332 0.2779351851851852 0.003401041666666667 0.017046296296296296
5 0.6955364583333333 0.28026851851851853 0.0034375 0.01412037037037037
5 0.6749479166666668 0.2811666666666667 0.006942708333333334 0.015537037037037038
5 0.6809218749999999 0.2828333333333333 0.0047239583333333335 0.00998148148148148
5 0.6983854166666668 0.2872314814814815 0.007598958333333333 0.01562962962962963
2 0.6011041666666667 0.29456481481481483 0.040578125 0.06560185185185184
5 0.6752083333333334 0.29476851851851854 0.011005208333333332 0.017944444444444443
5 0.684203125 0.3005925925925926 0.007463541666666667 0.02273148148148148
5 0.6972395833333334 0.30666666666666664 0.009026041666666667 0.022851851851851852
5 0.6697604166666667 0.31130555555555556 0.0051041666666666674 0.013962962962962963
5 0.6630572916666666 0.3119166666666667 0.008473958333333333 0.04457407407407407
1 0.5507760416666667 0.31683333333333336 0.057916666666666665 0.042111111111111106
1 0.5498385416666667 0.3202314814814815 0.057651041666666666 0.03674074074074074
5 0.6238072916666667 0.32582407407407404 0.012281249999999999 0.05444444444444444
3 0.68471875 0.3266203703703704 0.0057239583333333335 0.027777777777777776
3 0.703375 0.3269444444444445 0.031614583333333335 0.028027777777777776
3 0.6779791666666667 0.3284814814814815 0.009046875000000001 0.03220370370370371
1 0.5496354166666666 0.32960185185185187 0.05724479166666666 0.04044444444444444
3 0.623 0.3332222222222222 0.005729166666666666 0.02124074074074074
1 0.6034791666666667 0.3399537037037037 0.04101041666666667 0.058
5 0.6403229166666667 0.3617037037037037 0.014812500000000001 0.08142592592592593
5 0.6578541666666666 0.3620740740740741 0.017713541666666666 0.08317592592592593
3 0.6095624999999999 0.3624814814814815 0.021557291666666666 0.019703703703703706
3 0.6940208333333333 0.3645740740740741 0.015984375000000002 0.040018518518518516
3 0.69659375 0.3698240740740741 0.009854166666666667 0.03677777777777778
0 0.5760364583333334 0.370787037037037 0.046171875 0.0855925925925926
3 0.600796875 0.39416666666666667 0.009833333333333333 0.043731481481481475
3 0.6158958333333333 0.39502777777777776 0.021744791666666666 0.05588888888888889
3 0.5692708333333333 0.40326851851851847 0.05643229166666666 0.04335185185185185
0 0.7222291666666667 0.4069074074074074 0.043645833333333335 0.13783333333333334
5 0.6789427083333333 0.4136666666666667 0.02921354166666667 0.10039814814814815
3 0.7643802083333333 0.43480555555555556 0.05266666666666667 0.038
3 0.680171875 0.4350555555555556 0.021848958333333335 0.0663611111111111
3 0.5912708333333333 0.44111111111111106 0.06486458333333334 0.07069444444444443
3 0.5809166666666666 0.44925925925925925 0.06439062499999999 0.06114814814814815
3 0.7679427083333333 0.45243518518518516 0.05821354166666667 0.051398148148148144
3 0.7780468749999999 0.45425 0.04936979166666667 0.03409259259259259
3 0.5817447916666667 0.4701018518518518 0.06526041666666667 0.09242592592592593
3 0.79290625 0.47041666666666665 0.026984375 0.03560185185185186
3 0.554546875 0.4825277777777778 0.07121354166666666 0.07308333333333333
3 0.8092552083333333 0.4960185185185186 0.029963541666666666 0.0430462962962963
3 0.8332760416666667 0.5150555555555556 0.067734375 0.05609259259259259
3 0.8447552083333334 0.520537037037037 0.045031249999999995 0.060925925925925925
3 0.5480885416666667 0.5285925925925926 0.08184374999999999 0.1283425925925926
3 0.8588697916666667 0.5470277777777778 0.06647916666666667 0.05439814814814815
3 0.523828125 0.5538981481481482 0.10102604166666666 0.1394074074074074
3 0.8108072916666667 0.5604444444444444 0.03669791666666666 0.07275
3 0.8714322916666667 0.5636388888888889 0.07450520833333334 0.06947222222222223
3 0.47641145833333337 0.5726111111111111 0.10032291666666666 0.11869444444444444
3 0.87671875 0.5989444444444445 0.079234375 0.09807407407407408
3 0.46988541666666667 0.6090092592592593 0.10340624999999999 0.15648148148148147
3 0.4355677083333333 0.6246388888888889 0.13083854166666667 0.17653703703703702
3 0.8308489583333334 0.635787037037037 0.08690625 0.11310185185185186
3 0.9220208333333333 0.6467777777777778 0.09218229166666667 0.13275
3 0.021067708333333334 0.6724537037037037 0.04213541666666667 0.14583333333333334
3 0.36401041666666667 0.6891388888888889 0.13103125000000002 0.1886574074074074
3 0.8604531249999999 0.7089814814814815 0.10884895833333334 0.16527777777777777
2 0.6455416666666667 0.7347962962962963 0.2963125 0.5304074074074074
3 0.8721927083333333 0.7514351851851852 0.115234375 0.17966666666666667
3 0.9791822916666667 0.7769722222222222 0.04163541666666667 0.11401851851851852
3 0.899609375 0.8000185185185185 0.13597916666666665 0.1576851851851852
3 0.979953125 0.8037685185185186 0.040093750000000004 0.09040740740740741
3 0.8745677083333334 0.912712962962963 0.09237500000000001 0.1461111111111111