5 0.6419114583333333 0.25472222222222224 0.00415625 0.021324074074074075
5 0.550796875 0.26608333333333334 0.00825 0.021444444444444443
5 0.6653229166666667 0.2829351851851852 0.008520833333333333 0.02987962962962963
5 0.5637083333333333 0.2911203703703704 0.010645833333333334 0.04507407407407407
1 0.6951197916666667 0.31822222222222224 0.09405729166666667 0.05458333333333334
1 0.5491614583333334 0.327 0.0559375 0.038009259259259257
5 0.6879375 0.33025 0.014651041666666666 0.05925925925925926
5 0.6726614583333334 0.33178703703703705 0.011041666666666667 0.06111111111111111
5 0.6625052083333334 0.33611111111111114 0.015802083333333335 0.0734537037037037
1 0.6050677083333333 0.33747222222222223 0.0400625 0.054092592592592595
0 0.5747916666666666 0.36574074074074076 0.04615625 0.08538888888888889
3 0.6962708333333333 0.37252777777777774 0.011880208333333333 0.04382407407407407
5 0.6067916666666666 0.3794259259259259 0.02334375 0.08436111111111111
3 0.6222708333333333 0.38930555555555557 0.015036458333333334 0.06818518518518518
0 0.7243802083333333 0.40630555555555553 0.05167708333333333 0.14594444444444446
3 0.58484375 0.42298148148148146 0.0718125 0.031148148148148147
3 0.774046875 0.43687037037037035 0.05720833333333333 0.031990740740740736
3 0.5803489583333333 0.44023148148148145 0.07133854166666667 0.045453703703703704
3 0.7733333333333333 0.44528703703703704 0.051062500000000004 0.040407407407407406
3 0.783984375 0.4570740740740741 0.072359375 0.025249999999999998
5 0.6262864583333333 0.46880555555555553 0.03225 0.08782407407407407
3 0.5803489583333333 0.4818981481481482 0.06944791666666666 0.07996296296296296
3 0.7773541666666667 0.4818981481481482 0.06668229166666667 0.036194444444444446
3 0.5554947916666666 0.48779629629629634 0.08318229166666667 0.046296296296296294
3 0.833453125 0.5214629629629629 0.07565625 0.05639814814814814
3 0.5609375 0.5265185185185185 0.06471875 0.05302777777777778
5 0.5201041666666667 0.5419537037037037 0.04086979166666667 0.195
3 0.8651666666666666 0.5521851851851852 0.09173958333333333 0.06734259259259259
3 0.4776197916666666 0.5736574074074073 0.10072916666666668 0.1119537037037037
3 0.5583385416666666 0.579962962962963 0.040578125 0.10942592592592593
3 0.877953125 0.6102685185185186 0.056703125 0.06734259259259259
3 0.4600989583333333 0.6233148148148148 0.13387500000000002 0.14393518518518517
3 0.831890625 0.6375185185185185 0.08731249999999999 0.12689814814814815
3 0.9229583333333333 0.6512592592592593 0.09414583333333333 0.12194444444444444
3 0.4373697916666667 0.6570370370370371 0.13493229166666668 0.14328703703703705
3 0.021718750000000002 0.6701388888888888 0.043437500000000004 0.1550925925925926
5 0.13420833333333335 0.7037037037037037 0.06925520833333333 0.29012037037037036
3 0.36719270833333334 0.7145092592592592 0.12897395833333333 0.1512314814814815
3 0.8665885416666667 0.7192777777777778 0.12298437499999999 0.14057407407407407
2 0.6471145833333334 0.7303796296296295 0.3033958333333333 0.5392407407407407
3 0.9816197916666667 0.7352685185185186 0.03676041666666666 0.04798148148148148
3 0.8688697916666667 0.7777314814814815 0.107890625 0.14657407407407408
3 0.900171875 0.8027129629629629 0.13261458333333334 0.1786574074074074
3 0.9797239583333333 0.8042962962962963 0.040552083333333336 0.09848148148148148