3 0.7262395833333334 0.09594444444444444 0.018666666666666668 0.00675
3 0.71746875 0.1074537037037037 0.026291666666666665 0.051166666666666666
3 0.7212239583333333 0.12222222222222222 0.008718749999999999 0.03230555555555555
0 0.7551145833333333 0.12680555555555553 0.03519791666666667 0.08678703703703704
3 0.6989895833333333 0.12873148148148147 0.03311458333333333 0.0405
3 0.6922083333333333 0.13018518518518518 0.033052083333333336 0.04242592592592593
3 0.6913958333333333 0.13283333333333333 0.02871354166666667 0.03905555555555556
3 0.6829895833333333 0.13837962962962963 0.024921875 0.03953703703703704
3 0.6782447916666666 0.14681481481481481 0.016515625 0.03230555555555555
3 0.7465729166666667 0.18297222222222223 0.0398125 0.02940740740740741
3 0.7240677083333333 0.2208240740740741 0.04578645833333333 0.04436111111111111
1 0.5049375 0.2499814814814815 0.146 0.14592592592592593
2 0.6817864583333333 0.321675925925926 0.202015625 0.23602777777777778
5 0.29105729166666666 0.39775 0.030218750000000003 0.13205555555555556
5 0.25540625 0.44899074074074075 0.021911458333333335 0.06972222222222221
5 0.229265625 0.4585 0.025484375 0.13522222222222222
3 0.24290625 0.485962962962963 0.021864583333333333 0.05915740740740741
5 0.15707291666666665 0.5208333333333334 0.024916666666666667 0.1479074074074074
3 0.17071354166666666 0.551462962962963 0.023671875000000002 0.061277777777777785
5 0.08159374999999999 0.6148518518518519 0.03202083333333333 0.08028703703703703
5 0.05307291666666667 0.6433796296296297 0.023713541666666667 0.07817592592592593
3 0.019505208333333336 0.6756018518518518 0.030260416666666668 0.10036111111111111
3 0.6510989583333333 0.7115925925925926 0.15921354166666665 0.17207407407407407
3 0.7267864583333333 0.08650000000000001 0.025739583333333333 0.01998148148148148