1 0.25341145833333334 0.015027777777777779 0.029677083333333333 0.030055555555555558
5 0.4901041666666667 0.1675925925925926 0.040109375 0.1574074074074074
1 0.6553958333333333 0.20462962962962963 0.24933333333333335 0.2388888888888889
5 0.23713541666666668 0.022166666666666668 0.0165625 0.044333333333333336
3 0.8554166666666667 0.2916666666666667 0.08689062500000001 0.17592592592592593
4 0.201421875 0.031935185185185185 0.055015625 0.0638611111111111
3 0.8090572916666667 0.3509259259259259 0.09416666666666668 0.17222222222222222
5 0.8049791666666667 0.41782407407407407 0.028291666666666666 0.0763888888888889
5 0.30946874999999996 0.04814814814814815 0.026229166666666668 0.0962962962962963
5 0.20058854166666668 0.05277777777777778 0.025140625000000003 0.08333333333333333
5 0.3334322916666667 0.053703703703703705 0.02415625 0.09259259259259259
4 0.7049479166666667 0.6425925925925926 0.5901041666666667 0.7148148148148148
3 0.19746875 0.07327777777777778 0.04955729166666667 0.043916666666666666