5 0.25896354166666663 0.2013888888888889 0.012093749999999999 0.029324074074074075
5 0.248984375 0.21219444444444444 0.012963541666666667 0.057101851851851855
5 0.142484375 0.21566666666666665 0.005135416666666667 0.03780555555555555
1 0.10603645833333333 0.23071296296296295 0.041713541666666666 0.04321296296296297
5 0.26590625 0.24074074074074073 0.020770833333333336 0.058638888888888886
4 0.194296875 0.2492314814814815 0.08068229166666667 0.15586111111111112
5 0.6335208333333333 0.2530833333333333 0.013151041666666667 0.07612962962962963
5 0.6523229166666666 0.2530833333333333 0.01371875 0.08848148148148148
5 0.5397864583333334 0.26131481481481483 0.023604166666666666 0.07407407407407407
5 0.41828645833333333 0.2644074074074074 0.014395833333333333 0.059666666666666666
3 0.46341145833333336 0.2659444444444445 0.042145833333333334 0.048351851851851854
5 0.130296875 0.26775 0.0299375 0.17284259259259258
5 0.43130208333333336 0.2705740740740741 0.01496875 0.07201851851851852
4 0.328015625 0.27675 0.09311979166666666 0.2037037037037037
3 0.47903125 0.2777777777777778 0.043296875 0.0535
5 0.5114375 0.2813796296296296 0.024770833333333336 0.12242592592592592
3 0.425515625 0.3132685185185185 0.03927083333333334 0.07099074074074074
3 0.5794166666666667 0.3194444444444444 0.03920833333333333 0.06275925925925926
3 0.5484635416666667 0.3220185185185185 0.05021354166666667 0.06789814814814815
3 0.254734375 0.3256203703703704 0.03544791666666667 0.09259259259259259
3 0.6141354166666667 0.33025 0.03919270833333333 0.059666666666666666
3 0.5967760416666666 0.33178703703703705 0.043828125 0.06481481481481481
3 0.6326458333333334 0.3395092592592593 0.03686979166666667 0.059666666666666666
3 0.6517395833333333 0.3395092592592593 0.039177083333333335 0.04937962962962963
3 0.6731458333333333 0.34774074074074074 0.04958333333333333 0.04114814814814815
2 0.824453125 0.6319444444444444 0.35109375000000004 0.6435185185185185
3 0.2484375 0.8287037037037037 0.100109375 0.3101851851851852