5 0.30231250000000004 0.20767592592592593 0.011822916666666666 0.03438888888888889
5 0.29003645833333336 0.21561111111111111 0.009598958333333333 0.03175
5 0.23610416666666667 0.2235462962962963 0.011848958333333333 0.0582037037037037
5 0.26995312499999996 0.2301574074074074 0.011093750000000001 0.07672222222222222
5 0.24763541666666666 0.2361111111111111 0.008125 0.04894444444444444
5 0.17138541666666668 0.27182407407407405 0.016338541666666668 0.08068518518518518
5 0.5280625 0.2748333333333333 0.015067708333333334 0.06649999999999999
1 0.41018229166666664 0.2760925925925926 0.1116875 0.1060648148148148
3 0.47626041666666663 0.28021296296296294 0.04497916666666667 0.04863888888888889
4 0.32498958333333333 0.28505555555555556 0.10480208333333334 0.2526481481481482
5 0.6101979166666667 0.2874537037037037 0.019296874999999998 0.07154629629629629
5 0.6582447916666666 0.2937685185185185 0.024484375 0.08080555555555555
5 0.511734375 0.2988240740740741 0.020281249999999997 0.13299999999999998
5 0.25172395833333333 0.3148148148148148 0.025234375 0.11639814814814814
3 0.537765625 0.31580555555555556 0.03258333333333333 0.09288888888888888
3 0.5735104166666667 0.31607407407407406 0.027359375000000002 0.05302777777777778
3 0.5578854166666667 0.32875 0.031151041666666667 0.075
5 0.32090625 0.3412685185185185 0.037109375 0.1640185185185185
3 0.5848697916666666 0.3439537037037037 0.031140624999999998 0.06556481481481481
5 0.6262916666666667 0.34596296296296297 0.030645833333333334 0.14983333333333332
3 0.669640625 0.35059259259259257 0.04254166666666667 0.036194444444444446
3 0.6225104166666667 0.38287037037037036 0.07418229166666666 0.10582407407407408
3 0.6864479166666667 0.38569444444444445 0.0486875 0.08789814814814816
3 0.7193489583333333 0.39269444444444446 0.037786458333333335 0.09850925925925925
3 0.7420677083333334 0.40852777777777777 0.04061979166666666 0.09147222222222223
3 0.7721302083333333 0.4175 0.04865625 0.0959537037037037
3 0.801953125 0.42592592592592593 0.04674479166666667 0.10437962962962963
3 0.8289375 0.4452685185185185 0.04579166666666667 0.10096296296296296
3 0.8573385416666667 0.4556851851851852 0.06186979166666667 0.09991666666666667
3 0.8848385416666668 0.46825925925925926 0.04016666666666667 0.10487962962962963
3 0.9447187499999999 0.47726851851851854 0.033984375 0.08417592592592592
3 0.9186822916666666 0.4880092592592592 0.03872916666666667 0.12586111111111112
3 0.9752552083333333 0.4951759259259259 0.024979166666666667 0.1536388888888889
5 0.8603020833333334 0.6238425925925926 0.02695833333333333 0.3263888888888889
5 0.9872916666666666 0.6466018518518519 0.025416666666666664 0.2808611111111111
5 0.9410104166666666 0.6550925925925926 0.0555625 0.3333333333333333
5 0.8388177083333334 0.6967592592592593 0.03868229166666667 0.3101851851851852
5 0.7860937499999999 0.7245370370370371 0.07905729166666667 0.39351851851851855
3 0.15031770833333333 0.8111111111111111 0.181140625 0.26666666666666666