5 0.39921875 0.21190277777777777 0.023679687499999998 0.11822222222222223
5 0.37928125 0.21936111111111112 0.027015624999999998 0.105625
5 0.43253906249999996 0.22094444444444447 0.0235 0.11975
5 0.3628359375 0.22741666666666668 0.026945312500000002 0.11052777777777778
5 0.33489843750000003 0.23080555555555557 0.027000000000000003 0.12219444444444445
5 0.3126484375 0.24141666666666667 0.02484375 0.11355555555555556
5 0.95559375 0.671625 0.0484765625 0.25991666666666663
5 0.209015625 0.0784861111111111 0.0064140625000000005 0.015291666666666667
5 0.18953906250000002 0.08251388888888889 0.0073124999999999996 0.042666666666666665
5 0.2137734375 0.08654166666666667 0.0059609375 0.02334722222222222
3 0.19271093749999998 0.09941666666666667 0.016375 0.021736111111111112
1 0.172328125 0.10666666666666666 0.028140625000000002 0.0475
3 0.2151328125 0.11029166666666666 0.0159296875 0.020930555555555556