5 0.5608854166666667 0.254 0.005583333333333333 0.03285185185185185
5 0.5660000000000001 0.25781481481481483 0.00525 0.035787037037037034
5 0.6414010416666667 0.27187962962962964 0.0055000000000000005 0.03228703703703704
5 0.5940416666666667 0.274537037037037 0.005895833333333334 0.03285185185185185
5 0.6621666666666666 0.2757037037037037 0.006859375 0.035194444444444445
5 0.6280208333333334 0.2883148148148148 0.007203125 0.032259259259259265
5 0.6181249999999999 0.3106111111111111 0.004567708333333333 0.02052777777777778
1 0.5511250000000001 0.3144166666666667 0.059973958333333334 0.03639814814814815
5 0.7042343750000001 0.31940740740740736 0.009140625000000001 0.04282407407407408
1 0.6681406249999999 0.32263888888888886 0.07868750000000001 0.062185185185185184
1 0.5503177083333333 0.32401851851851854 0.058291666666666665 0.04416666666666667
5 0.6250520833333333 0.3249814814814815 0.007203125 0.0527962962962963
1 0.5500781250000001 0.3284814814814815 0.05721875 0.039842592592592596
1 0.6040260416666666 0.3398703703703704 0.04038541666666667 0.0605462962962963
3 0.6921875 0.35958333333333337 0.010807291666666666 0.04458333333333333
3 0.6113802083333333 0.3622314814814815 0.021802083333333333 0.025222222222222222
0 0.5755677083333333 0.36712962962962964 0.047296875 0.08055555555555556
3 0.6964739583333334 0.3694351851851852 0.012125 0.03493518518518518
3 0.6016822916666666 0.3935925925925926 0.009536458333333333 0.04275
3 0.616953125 0.39544444444444443 0.020932291666666665 0.056185185185185185
0 0.722953125 0.4021203703703704 0.04516666666666667 0.12962962962962962
3 0.5705989583333333 0.4077962962962963 0.052734375 0.04555555555555556
3 0.5903177083333334 0.4226388888888889 0.05455208333333333 0.024638888888888887
3 0.5885052083333334 0.4336203703703704 0.0664375 0.035611111111111114
3 0.7647499999999999 0.4417962962962963 0.050854166666666666 0.049324074074074076
3 0.5842864583333333 0.4424074074074074 0.061000000000000006 0.045537037037037036
3 0.7743645833333334 0.44816666666666666 0.04436458333333334 0.04424074074074074
3 0.7781197916666667 0.4601203703703704 0.05828125 0.04048148148148148
3 0.58271875 0.47579629629629633 0.07075520833333333 0.08297222222222222
3 0.7985104166666667 0.4768055555555556 0.022588541666666666 0.03805555555555556
3 0.5505833333333333 0.47704629629629636 0.07699479166666667 0.049777777777777775
3 0.8079947916666667 0.4957685185185185 0.02949479166666667 0.03637037037037037
3 0.8320208333333333 0.5105833333333333 0.06879166666666667 0.04942592592592593
3 0.844078125 0.5218703703703704 0.05111458333333333 0.056351851851851854
3 0.5471197916666667 0.527287037037037 0.08224999999999999 0.12519444444444444
3 0.8601666666666666 0.54375 0.061328125 0.04549074074074074
3 0.5258541666666666 0.5526203703703704 0.09891145833333333 0.13739814814814813
3 0.8725260416666667 0.5573981481481481 0.07282291666666667 0.058361111111111114
3 0.8120364583333333 0.5589166666666666 0.038364583333333334 0.061518518518518514
3 0.47629166666666667 0.5786851851851852 0.09759374999999999 0.12471296296296296
3 0.8768229166666667 0.5903796296296296 0.07308333333333333 0.07637037037037038
3 0.4688072916666667 0.6166111111111111 0.10546354166666667 0.1444351851851852
3 0.8192343750000001 0.6307314814814815 0.06278645833333334 0.08335185185185184
3 0.43358854166666666 0.6389537037037037 0.13598958333333336 0.15097222222222223
3 0.9231770833333334 0.6477777777777778 0.08889583333333334 0.12835185185185186
3 0.019765625000000002 0.6701388888888888 0.039531250000000004 0.15046296296296297
5 0.13247395833333334 0.6821018518518518 0.06578645833333334 0.2777777777777778
3 0.3624583333333333 0.6918055555555556 0.13543750000000002 0.17069444444444443
3 0.8623385416666667 0.7006018518518519 0.10813020833333334 0.14737037037037037
2 0.6455260416666667 0.7364999999999999 0.29398958333333336 0.527
3 0.8723645833333333 0.7505092592592593 0.11324479166666666 0.17710185185185187
3 0.9799895833333333 0.7653796296296297 0.039156250000000004 0.09801851851851852
3 0.8978229166666666 0.7999814814814815 0.12727083333333333 0.1590740740740741
3 0.9828125 0.8043611111111112 0.034375 0.07940740740740741
5 0.3798229166666667 0.8549351851851852 0.095203125 0.29012037037037036
3 0.8764114583333333 0.9124259259259259 0.09251041666666666 0.13799074074074075