1 0.6465677083333333 0.2569444444444444 0.014255208333333333 0.028935185185185185
5 0.6675625000000001 0.2688055555555556 0.005458333333333333 0.022574074074074073
5 0.5899375 0.2705462962962963 0.007119791666666667 0.03414814814814815
5 0.6750468749999999 0.27199074074074076 0.004807291666666667 0.018518518518518517
5 0.6596458333333334 0.2835648148148148 0.006328125 0.034722222222222224
5 0.6983177083333333 0.2881944444444444 0.004473958333333333 0.01273148148148148
5 0.7045 0.29398148148148145 0.0057708333333333335 0.015046296296296295
5 0.6988020833333334 0.30121296296296296 0.0034947916666666664 0.014472222222222223
5 0.6934322916666668 0.3020833333333333 0.004473958333333333 0.015046296296296295
3 0.6794479166666666 0.3075185185185185 0.0081875 0.015314814814814814
2 0.55559375 0.3155833333333333 0.07008333333333333 0.02984259259259259
3 0.6867552083333333 0.3180185185185185 0.009583333333333333 0.018518518518518517
2 0.7059635416666666 0.33246296296296296 0.034083333333333334 0.054981481481481485
1 0.7256458333333333 0.3556111111111111 0.06304166666666668 0.07001851851851852
3 0.6176614583333334 0.36053703703703704 0.012203125 0.028935185185185185
5 0.6492291666666666 0.3686388888888889 0.018046875 0.09606481481481481
0 0.5737239583333333 0.3819444444444444 0.050625 0.125
3 0.6137552083333334 0.39294444444444443 0.021317708333333334 0.04976851851851852
0 0.724671875 0.4085648148148148 0.04677083333333333 0.13773148148148148
3 0.7623125000000001 0.4326388888888889 0.04735416666666667 0.020833333333333332
3 0.7680416666666667 0.4425925925925926 0.0494375 0.025925925925925925
3 0.7690833333333333 0.4527777777777778 0.049958333333333334 0.024074074074074074
3 0.5847864583333333 0.4675925925925926 0.06623958333333334 0.07407407407407407
3 0.7759791666666668 0.46944444444444444 0.056984375 0.027777777777777776
3 0.5522395833333333 0.48553703703703704 0.068859375 0.04282407407407408
3 0.7964218750000001 0.5058796296296296 0.065859375 0.042379629629629635
3 0.7548697916666666 0.5062314814814814 0.017208333333333332 0.041666666666666664
3 0.5496354166666666 0.5144722222222222 0.07406770833333334 0.03819444444444445
3 0.8321822916666667 0.5245740740740741 0.064859375 0.03347222222222222
3 0.7780989583333333 0.5315185185185185 0.054848958333333336 0.05449074074074074
3 0.84259375 0.5393518518518519 0.07126562500000001 0.03169444444444444
3 0.8579166666666667 0.5575185185185185 0.07226041666666667 0.033120370370370376
3 0.8687291666666667 0.5681944444444444 0.07545833333333334 0.0409537037037037
3 0.5353125 0.5682870370370371 0.09359895833333334 0.09722222222222222
3 0.7527552083333333 0.5726851851851852 0.03430729166666667 0.08611111111111111
3 0.47868750000000004 0.5821759259259259 0.10013020833333333 0.08796296296296297
3 0.8755416666666667 0.5979351851851852 0.06784375 0.048435185185185185
3 0.45329687500000004 0.6082222222222222 0.10795312500000001 0.08217592592592593
3 0.921125 0.6169907407407408 0.06005208333333333 0.046648148148148154
3 0.813453125 0.6232222222222222 0.08990104166666667 0.07835185185185185
3 0.44190625 0.641787037037037 0.104703125 0.06828703703703703
3 0.851203125 0.6468981481481482 0.08728125 0.05662037037037037
3 0.7465052083333333 0.6481481481481481 0.06971875000000001 0.11481481481481481
3 0.9631822916666667 0.6597222222222222 0.07125000000000001 0.0495
3 0.017812500000000002 0.6701388888888888 0.035625000000000004 0.14583333333333334
3 0.8630208333333333 0.6785925925925926 0.086078125 0.05377777777777778
3 0.421078125 0.6869259259259259 0.12814583333333332 0.14467592592592593
3 0.3579375 0.7112314814814815 0.12686979166666668 0.13773148148148148
3 0.9699895833333334 0.7163425925925926 0.05963020833333333 0.06446296296296297
3 0.8666302083333334 0.7175925925925926 0.099703125 0.047009259259259265
3 0.9814114583333333 0.7443055555555556 0.03598958333333333 0.048435185185185185
3 0.8675312500000001 0.7567685185185185 0.11352083333333333 0.05698148148148148
3 0.7623854166666667 0.7898148148148149 0.067109375 0.23148148148148148
3 0.9777968749999999 0.798074074074074 0.04440104166666667 0.07692592592592593
3 0.8686302083333334 0.8404537037037038 0.13454687499999998 0.12037037037037036