1 0.72825390625 0.07029166666666667 0.04700390625 0.029090277777777777
1 0.48346875 0.8240763888888889 0.50534765625 0.35184722222222226
1 0.81405078125 0.08404166666666667 0.02562109375 0.042868055555555555
5 0.71853515625 0.08513888888888889 0.0092890625 0.025430555555555553
1 0.84640625 0.09025000000000001 0.0440078125 0.02707638888888889
5 0.6910703125000001 0.09521527777777779 0.00719921875 0.018312500000000002
1 0.85322265625 0.10463194444444443 0.0481328125 0.03891666666666667
1 0.8686093749999999 0.12578472222222223 0.03829296875 0.03271527777777778
3 0.66178125 0.13424305555555555 0.0332890625 0.028201388888888887
3 0.579640625 0.16403472222222223 0.0309375 0.04008333333333333
4 0.7046523437500001 0.19669444444444445 0.09466796875 0.1840763888888889
5 0.8032656250000001 0.05838194444444444 0.00532421875 0.03327777777777778
5 0.78978515625 0.06570833333333334 0.007546875 0.03665972222222222
0 0.828484375 0.0676875 0.01705078125 0.04173611111111111