3 0.7168489583333333 0.0993425925925926 0.029890625 0.016592592592592593
3 0.7209739583333333 0.12558333333333332 0.007760416666666667 0.03896296296296296
3 0.71196875 0.12808333333333335 0.011015625 0.03549074074074074
3 0.7026354166666666 0.13233333333333333 0.011890624999999998 0.04552777777777778
0 0.7510833333333333 0.13349074074074072 0.041479166666666664 0.08487962962962962
0 0.6673333333333333 0.13425925925925927 0.061468749999999996 0.10185185185185185
3 0.6352656250000001 0.16898148148148148 0.03469791666666667 0.03858333333333334
3 0.6211354166666666 0.16955555555555557 0.03421875 0.027388888888888886
3 0.6020416666666667 0.1803611111111111 0.024677083333333336 0.032018518518518516
3 0.7450989583333333 0.18210185185185185 0.0454375 0.032407407407407406
5 0.6215989583333333 0.18885185185185185 0.01777604166666667 0.02816666666666667
3 0.5790416666666667 0.19058333333333335 0.030328124999999997 0.020833333333333332
3 0.7094270833333333 0.19058333333333335 0.034546875 0.06326851851851852
5 0.5950416666666667 0.20833333333333334 0.015500000000000002 0.03956481481481481
3 0.49344791666666665 0.2104537037037037 0.03665104166666667 0.06520370370370371
3 0.573265625 0.21380555555555555 0.03444791666666667 0.05724074074074074
3 0.5519583333333333 0.21885185185185185 0.042026041666666666 0.037037037037037035
3 0.5382291666666668 0.23989814814814814 0.046765625000000005 0.06060185185185185
3 0.5266354166666667 0.24705555555555556 0.04534895833333333 0.032824074074074075
1 0.737625 0.2507685185185185 0.110046875 0.06326851851851852
1 0.63478125 0.2662037037037037 0.12136458333333335 0.1527777777777778
3 0.5143229166666666 0.26810185185185187 0.05008854166666667 0.06144444444444445
3 0.48686979166666666 0.2693611111111111 0.04536458333333333 0.03872222222222222
3 0.471484375 0.27440740740740743 0.04205729166666667 0.037037037037037035
3 0.4115989583333333 0.2891388888888889 0.04539583333333333 0.06312962962962963
5 0.36946875 0.29671296296296296 0.028369791666666665 0.1338425925925926
3 0.46154166666666663 0.3042962962962963 0.050583333333333334 0.07154629629629629
1 0.6976979166666666 0.3047870370370371 0.17254687500000002 0.11265740740740741
3 0.43171875 0.32996296296296296 0.04964583333333333 0.07407407407407407
1 0.336796875 0.3998333333333333 0.10791145833333333 0.2037037037037037
1 0.6681822916666668 0.42824074074074076 0.22983854166666667 0.2237685185185185
3 0.22722395833333334 0.4521574074074074 0.04236458333333334 0.07099074074074074
3 0.202921875 0.46064814814814814 0.04236979166666666 0.0787037037037037
5 0.663828125 0.48687962962962966 0.047515625 0.1836388888888889
3 0.17731770833333332 0.5046296296296297 0.031098958333333333 0.09259259259259259
3 0.16082812500000002 0.5254629629629629 0.04152083333333333 0.0941388888888889
3 0.22640625 0.5285462962962963 0.08933854166666667 0.125
3 0.14216666666666666 0.5671296296296297 0.052807291666666666 0.10339814814814816
3 0.12133854166666666 0.570212962962963 0.05628645833333333 0.0941388888888889
3 0.1018125 0.5787037037037037 0.03806770833333333 0.05555555555555555
5 0.061890625 0.6134259259259259 0.046765625000000005 0.1651203703703704
5 0.7208645833333333 0.06520370370370371 0.014921875 0.034722222222222224
3 0.11178645833333332 0.6512314814814815 0.08059375 0.13271296296296298
5 0.03606770833333333 0.6589537037037037 0.04720833333333333 0.15586111111111112
3 0.0195625 0.6940277777777777 0.024583333333333336 0.06986111111111111
3 0.008843750000000001 0.7095925925925926 0.017687500000000002 0.0707037037037037
1 0.6555520833333334 0.7754629629629629 0.37124479166666663 0.3966018518518518
3 0.7244427083333334 0.08584259259259258 0.03205729166666667 0.018907407407407407
3 0.03715104166666667 0.8834907407407407 0.047640625 0.11882407407407408