5 0.45543750000000005 0.26083333333333336 0.032625 0.12580555555555556
5 0.5279765624999999 0.3256527777777778 0.0303125 0.15540277777777778
5 0.5014062499999999 0.3335138888888889 0.0416015625 0.1618888888888889
5 0.6126953125 0.3684027777777778 0.0442890625 0.1723611111111111
5 0.8913125000000001 0.5895 0.0477265625 0.2029722222222222
5 0.35450781249999996 0.8030277777777777 0.06878125 0.2635
5 0.18950781249999998 0.094375 0.007000000000000001 0.02740277777777778
5 0.2331640625 0.10219444444444445 0.014953125000000001 0.03851388888888889
3 0.191671875 0.10794444444444444 0.01059375 0.02415277777777778
1 0.1714375 0.10918055555555556 0.0289921875 0.03863888888888889
3 0.232609375 0.11543055555555555 0.0151171875 0.03001388888888889
5 0.2593515625 0.12284722222222223 0.0187265625 0.06888888888888889