5 0.65228125 0.25230555555555556 0.005505208333333333 0.016046296296296295
5 0.6477708333333333 0.2543148148148148 0.004005208333333334 0.012037037037037037
3 0.6478645833333334 0.2631759259259259 0.0026927083333333334 0.006407407407407408
5 0.6792343750000001 0.28797222222222224 0.00625 0.03655555555555555
5 0.6981614583333333 0.28797222222222224 0.0069947916666666665 0.011592592592592592
5 0.6878802083333333 0.28975 0.0059947916666666665 0.016046296296296295
5 0.5977239583333334 0.3015648148148148 0.008723958333333334 0.020055555555555556
5 0.6994166666666667 0.30268518518518517 0.003484375 0.02139814814814815
5 0.7088125000000001 0.30580555555555555 0.008744791666666666 0.022287037037037036
3 0.6820260416666667 0.3062685185185185 0.011729166666666667 0.015685185185185187
5 0.6925208333333334 0.30780555555555555 0.007750000000000001 0.021842592592592594
5 0.6076250000000001 0.31092592592592594 0.00796875 0.04591666666666667
3 0.68496875 0.3137407407407407 0.008786458333333334 0.020166666666666666
3 0.6006041666666667 0.3218518518518519 0.009473958333333334 0.016935185185185185
2 0.556921875 0.3265185185185185 0.07378645833333333 0.057805555555555554
3 0.6919010416666667 0.3271851851851852 0.009625 0.021666666666666664
5 0.6989114583333333 0.3305462962962963 0.007994791666666666 0.033435185185185186
5 0.6496197916666666 0.3595 0.0201875 0.052259259259259255
0 0.5741875000000001 0.3707685185185185 0.042468750000000006 0.09920370370370371
5 0.6677291666666666 0.38007407407407406 0.022989583333333334 0.05591666666666667
3 0.6488854166666667 0.39782407407407405 0.012046875 0.044694444444444446
0 0.5950572916666667 0.4025277777777778 0.053697916666666665 0.11704629629629629
0 0.7239791666666666 0.40788888888888886 0.044083333333333335 0.13462037037037036
3 0.667859375 0.4295277777777778 0.011130208333333334 0.063
3 0.7592395833333333 0.43569444444444444 0.04051041666666667 0.016805555555555553
3 0.7648020833333333 0.45007407407407407 0.048703125 0.013444444444444445
3 0.7749947916666666 0.46071296296296294 0.045140625000000004 0.014564814814814815
3 0.5844166666666666 0.4724722222222222 0.06454166666666666 0.06423148148148149
3 0.7735260416666667 0.4792037037037037 0.0560625 0.017925925925925925
3 0.5505 0.4928148148148148 0.07539583333333333 0.03782407407407407
3 0.7955833333333333 0.5042314814814816 0.05647395833333334 0.020916666666666667
3 0.754203125 0.5085277777777778 0.01573958333333333 0.03473148148148148
3 0.535015625 0.5171851851851851 0.05540104166666667 0.045907407407407404
3 0.828453125 0.5236481481481481 0.054989583333333335 0.02763888888888889
3 0.522828125 0.5457685185185185 0.060333333333333336 0.057629629629629635
3 0.7763645833333332 0.5458796296296295 0.043666666666666666 0.04594444444444444
3 0.8563020833333332 0.555212962962963 0.05605729166666666 0.025768518518518517
3 0.8674322916666667 0.5742592592592592 0.06781770833333334 0.028009259259259258
3 0.796953125 0.578925925925926 0.05291666666666666 0.056768518518518524
3 0.475109375 0.5849537037037037 0.09602604166666667 0.07400925925925926
3 0.8758385416666666 0.599287037037037 0.05941145833333333 0.030250000000000003
3 0.45726041666666667 0.6046111111111111 0.09109375 0.05078703703703704
3 0.9188958333333334 0.6142222222222222 0.04972916666666667 0.030999999999999996
5 0.5728229166666666 0.6280833333333333 0.04718229166666667 0.2530833333333333
3 0.80678125 0.6432407407407408 0.07609895833333334 0.09350925925925925
3 0.4391302083333333 0.6466111111111111 0.10867708333333333 0.05664814814814815
3 0.021067708333333334 0.6481481481481481 0.04213541666666667 0.10648148148148148
3 0.8479010416666667 0.6549351851851852 0.08001041666666667 0.04594444444444444
3 0.95821875 0.6784814814814815 0.060296875 0.07585185185185185
3 0.8581875 0.6906111111111112 0.08084375 0.02912962962962963
3 0.42525 0.6930277777777778 0.11057291666666667 0.12270370370370372
3 0.3567239583333333 0.7076574074074073 0.10099999999999999 0.11427777777777778
3 0.8655416666666667 0.7141388888888889 0.08252083333333333 0.04034259259259259
3 0.9627708333333334 0.731675925925926 0.028822916666666667 0.04995370370370371
3 0.984359375 0.7483240740740741 0.022572916666666668 0.030527777777777775
3 0.8677447916666666 0.7583981481481482 0.09239062499999999 0.05415740740740741
3 0.9765572916666667 0.7938796296296297 0.03505729166666667 0.052259259259259255
3 0.8617604166666666 0.824324074074074 0.114875 0.0844074074074074
5 0.16186979166666668 0.8703703703703703 0.0728125 0.25