3 0.7438229166666667 0.9476203703703703 0.10006770833333332 0.10475925925925926
5 0.639859375 0.24305555555555555 0.002619791666666667 0.007527777777777778
5 0.6429791666666667 0.24390740740740743 0.003395833333333333 0.005685185185185185
5 0.6361770833333333 0.24768518518518517 0.0029791666666666664 0.014601851851851852
5 0.669625 0.25427777777777777 0.0057708333333333335 0.018518518518518517
3 0.6739270833333334 0.2662037037037037 0.004765625 0.013175925925925926
5 0.657625 0.2779537037037037 0.003510416666666667 0.03100925925925926
5 0.6610572916666667 0.27812037037037035 0.0033229166666666667 0.030351851851851852
5 0.6547447916666667 0.2786203703703704 0.0038802083333333336 0.030685185185185187
5 0.6796458333333334 0.2867962962962963 0.0038697916666666663 0.018833333333333334
5 0.6830625 0.28703703703703703 0.0033750000000000004 0.014074074074074074
1 0.67834375 0.289212962962963 0.020817708333333334 0.031203703703703706
5 0.666671875 0.2914814814814815 0.0060104166666666665 0.03265740740740741
5 0.645328125 0.29506481481481484 0.0046770833333333334 0.042898148148148144
5 0.676609375 0.3012222222222222 0.0058125 0.03967592592592593
5 0.5724374999999999 0.3027407407407407 0.006208333333333333 0.023925925925925927
2 0.5970416666666666 0.30917592592592597 0.04194791666666667 0.038481481481481485
5 0.6058958333333333 0.309287037037037 0.005817708333333334 0.013546296296296298
5 0.5912291666666667 0.32113888888888886 0.010010416666666666 0.019185185185185184
3 0.6805729166666666 0.3248240740740741 0.006760416666666667 0.021796296296296296
1 0.5439166666666666 0.32537962962962963 0.04541666666666667 0.03212037037037037
3 0.695796875 0.3277037037037037 0.027885416666666666 0.02861111111111111
5 0.6078020833333333 0.33344444444444443 0.009885416666666667 0.03476851851851852
5 0.6231666666666666 0.34157407407407403 0.008354166666666666 0.05462962962962963
0 0.5755625 0.3561944444444444 0.044244791666666665 0.06018518518518518
5 0.6323697916666667 0.3636944444444445 0.015078125 0.08398148148148149
5 0.576453125 0.3848888888888889 0.01378125 0.04906481481481482
5 0.6879322916666666 0.3873333333333333 0.011838541666666667 0.0935
5 0.615109375 0.3890648148148148 0.018817708333333336 0.059055555555555556
5 0.5833072916666667 0.39225925925925925 0.009807291666666666 0.03202777777777778
5 0.694125 0.402537037037037 0.012812500000000001 0.09921296296296298
5 0.5974270833333333 0.4137222222222222 0.019552083333333335 0.06962037037037037
5 0.6263906250000001 0.426787037037037 0.018406250000000002 0.07122222222222223
5 0.7496822916666667 0.42768518518518517 0.016619791666666668 0.06286111111111112
5 0.5775312499999999 0.44245370370370374 0.025567708333333335 0.09509259259259259
5 0.7353906250000001 0.45112962962962966 0.019567708333333333 0.12440740740740742
5 0.5502604166666667 0.45643518518518517 0.02850520833333333 0.08278703703703703
5 0.7690520833333333 0.45741666666666664 0.020307291666666668 0.05369444444444445
5 0.5918333333333333 0.4599722222222222 0.016572916666666666 0.046740740740740735
5 0.7409895833333333 0.4671018518518519 0.017213541666666665 0.08197222222222222
5 0.7786302083333333 0.4748333333333334 0.017953125 0.05237962962962963
5 0.7987239583333333 0.4981759259259259 0.020505208333333334 0.04875925925925926
5 0.74953125 0.5020648148148148 0.045197916666666664 0.09324074074074075
5 0.5694479166666666 0.512 0.0333125 0.15662037037037038
5 0.6204166666666667 0.518712962962963 0.021557291666666666 0.19241666666666668
5 0.5951406250000001 0.5371666666666667 0.059104166666666666 0.18608333333333332
5 0.7829739583333333 0.5423055555555556 0.03204166666666667 0.10950925925925925
3 0.8660052083333334 0.544787037037037 0.049390625 0.04990740740740741
5 0.818265625 0.5495555555555556 0.04974479166666667 0.12700925925925924
3 0.5384010416666667 0.555074074074074 0.09581250000000001 0.11746296296296296
3 0.876125 0.5609259259259259 0.06913020833333333 0.06409259259259259
5 0.8248802083333333 0.5734351851851851 0.030619791666666667 0.08775925925925926
3 0.4789322916666666 0.5772592592592594 0.09476562499999999 0.12902777777777777
5 0.7486979166666666 0.5853518518518518 0.049463541666666666 0.13575925925925927
3 0.87853125 0.5867129629629629 0.07325 0.07172222222222221
3 0.45837500000000003 0.5988888888888888 0.10020833333333333 0.13574074074074075
3 0.9215885416666667 0.6220833333333333 0.06685416666666667 0.0785
3 0.4458958333333333 0.6366666666666667 0.10100520833333333 0.16672222222222222
3 0.87125 0.6368425925925926 0.055296875 0.08751851851851851
3 0.019114583333333334 0.6666666666666666 0.03822916666666667 0.14814814814814814
5 0.7297656250000001 0.675611111111111 0.051796875 0.2666388888888889
5 0.35971354166666664 0.67925 0.04688020833333333 0.2821296296296296
5 0.45533854166666665 0.6821111111111111 0.04745833333333334 0.27012962962962966
3 0.8925052083333332 0.6826759259259259 0.05949479166666667 0.1121111111111111
3 0.9607135416666667 0.6838796296296297 0.078578125 0.14529629629629628
3 0.3255208333333333 0.6847962962962963 0.054364583333333334 0.18150000000000002
5 0.16390625 0.6849814814814814 0.05655208333333333 0.2821296296296296
5 0.8159270833333333 0.689287037037037 0.053890625 0.15118518518518517
3 0.4521145833333333 0.6946481481481481 0.065078125 0.11284259259259259
5 0.6122760416666666 0.6964537037037036 0.06154166666666667 0.21641666666666665
5 0.4000416666666667 0.72175 0.06769791666666666 0.3118518518518519
5 0.77190625 0.7262685185185185 0.05434895833333333 0.22023148148148147
5 0.8616510416666666 0.737212962962963 0.07219791666666667 0.17307407407407407
3 0.8742760416666666 0.7476018518518518 0.12444791666666667 0.08195370370370371
3 0.9708749999999999 0.7522314814814814 0.05824479166666666 0.12597222222222224
5 0.5726770833333333 0.7577314814814815 0.07796874999999999 0.3191574074074074
3 0.9778541666666667 0.7749907407407407 0.04429166666666667 0.11230555555555556
3 0.98025 0.8014814814814815 0.038953125000000005 0.07839814814814815
3 0.619765625 0.8299537037037037 0.053046875 0.13089814814814815
3 0.8723854166666667 0.8401481481481482 0.14563541666666666 0.2012962962962963
3 0.7634895833333334 0.8793518518518519 0.0720625 0.2288425925925926
3 0.8728437499999999 0.913787037037037 0.08814583333333334 0.14832407407407408