5 0.29986718749999997 0.8136597222222223 0.05452343750000001 0.21990972222222224
5 0.24763671875 0.8871527777777778 0.0798046875 0.22569444444444445
5 0.85046484375 0.32058333333333333 0.01003515625 0.05418055555555555
5 0.845640625 0.32600694444444445 0.00749609375 0.06321527777777777
5 0.8560507812499999 0.32826388888888886 0.009015625 0.06050694444444444
1 0.9723593749999999 0.32826388888888886 0.04353125 0.058701388888888886
5 0.8649374999999999 0.33368055555555554 0.009519531250000001 0.05327777777777778
5 0.8309101562500001 0.34722916666666664 0.01156640625 0.07495138888888889
5 0.722734375 0.3955416666666667 0.020753906250000002 0.10114583333333334
5 0.49661718749999995 0.5069444444444444 0.042609375 0.1736111111111111
4 0.13581640625 0.5509236111111111 0.26808984375 0.3935208333333333