5 0.6466770833333333 0.2589259259259259 0.004395833333333333 0.025796296296296296
5 0.6456510416666668 0.2881944444444444 0.009588541666666667 0.03935185185185185
5 0.6723489583333334 0.29200000000000004 0.006635416666666667 0.031083333333333334
5 0.7065625 0.30225 0.008838541666666666 0.027777777777777776
3 0.6716041666666667 0.30522222222222223 0.0073750000000000005 0.01786111111111111
3 0.6792291666666667 0.3082037037037037 0.009234375 0.026453703703703705
5 0.6921927083333334 0.3084537037037037 0.011520833333333334 0.03356481481481482
3 0.6831354166666667 0.3151481481481482 0.009604166666666667 0.02447222222222222
2 0.5540572916666666 0.3154722222222222 0.06915625 0.039685185185185184
5 0.6087395833333333 0.3237407407407407 0.012593749999999999 0.041666666666666664
5 0.6211979166666667 0.32473148148148145 0.011473958333333334 0.054231481481481485
3 0.6905729166666668 0.33167592592592593 0.011088541666666667 0.02712037037037037
0 0.5756302083333333 0.37102777777777773 0.043109375 0.09126851851851851
0 0.5942291666666667 0.4074074074074074 0.05202604166666667 0.11639814814814814
0 0.722921875 0.4074074074074074 0.04230729166666667 0.14021296296296296
3 0.7588229166666667 0.43584259259259256 0.039703125 0.017194444444444446
3 0.7688177083333334 0.44837962962962963 0.04526041666666667 0.01712962962962963
3 0.7751874999999999 0.45601851851851855 0.04490104166666666 0.0205
3 0.5838125000000001 0.4662685185185185 0.06095833333333334 0.0582037037037037
3 0.7744166666666668 0.47129629629629627 0.04759895833333334 0.017592592592592594
3 0.7728541666666667 0.48125 0.04968229166666667 0.015277777777777777
3 0.5521927083333333 0.48703703703703705 0.06442708333333333 0.044444444444444446
3 0.7775364583333333 0.48912037037037037 0.07051041666666666 0.02175925925925926
3 0.7952447916666666 0.5009259259259259 0.06321354166666666 0.026851851851851852
3 0.5449010416666666 0.5138888888888888 0.07901041666666667 0.040740740740740744
3 0.8324739583333333 0.5243055555555556 0.06059375 0.038425925925925926
3 0.775328125 0.551138888888889 0.047859375 0.09116666666666666
3 0.8628697916666667 0.5535277777777777 0.064703125 0.02025
3 0.4769479166666667 0.5546296296296296 0.0795625 0.07777777777777778
3 0.5365677083333333 0.5616296296296296 0.08422395833333333 0.10658333333333334
3 0.7964166666666667 0.5675925925925925 0.058265625 0.07222222222222222
3 0.8684010416666667 0.5743611111111111 0.06990625 0.03067592592592593
3 0.45715625 0.5791666666666667 0.086859375 0.058333333333333334
3 0.873828125 0.5954074074074074 0.05221354166666667 0.02546296296296296
3 0.4454427083333333 0.6106481481481482 0.09780208333333333 0.058333333333333334
3 0.9189791666666667 0.6193055555555556 0.0548125 0.04914814814814815
3 0.8085208333333332 0.6395092592592592 0.08685416666666666 0.09962037037037037
5 0.520671875 0.6464166666666666 0.051296875 0.1701388888888889
3 0.02041666666666667 0.6666666666666666 0.04083333333333334 0.12962962962962962
3 0.42408854166666665 0.6726851851851852 0.11030729166666667 0.09166666666666666
3 0.4279114583333333 0.6806388888888889 0.11724479166666667 0.14830555555555555
3 0.8631354166666667 0.682537037037037 0.08922916666666666 0.03438888888888889
3 0.8512291666666666 0.6876111111111111 0.08848958333333333 0.10406481481481482
3 0.9632395833333334 0.6940925925925926 0.068015625 0.11325
3 0.86528125 0.7154537037037038 0.09485416666666667 0.04772222222222222
3 0.3592552083333333 0.7189814814814814 0.130640625 0.12314814814814815
3 0.9812395833333334 0.7482222222222222 0.037515625000000004 0.05484259259259259
3 0.5151249999999999 0.7543518518518519 0.11643229166666667 0.21173148148148146
3 0.868484375 0.7564074074074074 0.10286458333333333 0.05127777777777778
3 0.7581302083333333 0.7929351851851852 0.052843749999999995 0.24111111111111108
3 0.9784583333333334 0.7959444444444445 0.042375 0.06624074074074075
3 0.8639739583333333 0.8604444444444445 0.13191666666666665 0.15536111111111112
3 0.8725052083333333 0.9042037037037036 0.07324479166666667 0.11325