5 0.14467708333333332 0.21064814814814814 0.007729166666666666 0.041666666666666664
5 0.15358333333333332 0.2109074074074074 0.008927083333333334 0.037037037037037035
5 0.137125 0.2162037037037037 0.009296875000000001 0.03611111111111111
4 0.32241666666666663 0.27266666666666667 0.11453125 0.23314814814814816
1 0.4149791666666667 0.2728796296296296 0.09728125 0.09710185185185186
5 0.228515625 0.2935185185185185 0.023317708333333336 0.10925925925925926
3 0.23710416666666667 0.30553703703703705 0.03841666666666667 0.05552777777777778
5 0.5239739583333333 0.31086111111111114 0.026802083333333334 0.13870370370370372
5 0.5482760416666667 0.3125 0.015505208333333333 0.13580555555555554
5 0.5987135416666667 0.32099074074074074 0.03200520833333333 0.1373425925925926
3 0.5730000000000001 0.3225648148148148 0.029875 0.061796296296296294
5 0.6213958333333333 0.3239814814814815 0.017729166666666667 0.1388888888888889
5 0.38278125 0.3247037037037037 0.028416666666666666 0.10721296296296297
5 0.629828125 0.3325462962962963 0.03469791666666667 0.16018518518518518
5 0.44846354166666663 0.3373055555555556 0.030317708333333335 0.15079629629629632
3 0.5808072916666667 0.3460648148148148 0.0220625 0.05555555555555555
3 0.6717864583333333 0.3702962962962963 0.04451041666666666 0.09127777777777778
3 0.6900416666666668 0.3831759259259259 0.04407291666666667 0.09207407407407407
3 0.718328125 0.39682407407407405 0.04448958333333333 0.0899537037037037
3 0.7494375000000001 0.4001574074074074 0.05007291666666667 0.10673148148148148
3 0.7716718749999999 0.4153703703703704 0.049859375000000004 0.09762037037037037
3 0.802609375 0.43172222222222223 0.049234375000000004 0.09109259259259259
3 0.8306354166666666 0.4446851851851852 0.045244791666666666 0.10070370370370371
3 0.8497239583333334 0.45334259259259263 0.05420833333333333 0.10276851851851851
3 0.8812031250000001 0.4534722222222222 0.028723958333333334 0.13789814814814816
3 0.8988125 0.4678611111111111 0.027796875 0.13506481481481483
3 0.9208697916666666 0.48225 0.029630208333333335 0.13551851851851854
3 0.9453697916666666 0.4960833333333333 0.03084375 0.13597222222222222
3 0.9769427083333333 0.4986296296296296 0.027192708333333333 0.1486759259259259
3 0.9933125 0.5231388888888889 0.013369791666666667 0.11925925925925927
5 0.034479166666666665 0.5906111111111111 0.05503645833333334 0.28703703703703703
3 0.15135416666666668 0.7945462962962964 0.18163541666666666 0.2855185185185185