5 0.646203125 0.24871296296296297 0.00409375 0.014916666666666667
5 0.654015625 0.2517962962962963 0.004 0.016972222222222222
5 0.650109375 0.25257407407407406 0.004385416666666667 0.01749074074074074
5 0.5621614583333333 0.25720370370370366 0.0060625 0.04114814814814815
5 0.6531145833333334 0.2879074074074074 0.009979166666666667 0.021296296296296296
5 0.6642343749999999 0.30268518518518517 0.012661458333333332 0.023898148148148148
2 0.5975104166666667 0.30572222222222223 0.029791666666666668 0.033462962962962965
1 0.5513125 0.31028703703703703 0.059625000000000004 0.032157407407407405
1 0.5498437500000001 0.3255 0.06255729166666667 0.03476851851851852
3 0.7000364583333333 0.3267777777777778 0.028385416666666666 0.02237962962962963
3 0.6644322916666667 0.32912037037037034 0.021708333333333333 0.031990740740740736
5 0.643953125 0.33440740740740743 0.013729166666666666 0.06736111111111111
5 0.6296510416666667 0.33592592592592596 0.01340625 0.06344444444444444
1 0.6038645833333334 0.33766666666666667 0.04152083333333333 0.05388888888888889
3 0.6946145833333334 0.36650925925925926 0.011463541666666667 0.04398148148148148
0 0.5764895833333333 0.3678703703703704 0.044953125000000003 0.08126851851851852
3 0.6152239583333333 0.39612037037037034 0.02521875 0.05606481481481481
0 0.72421875 0.4050925925925926 0.04635416666666667 0.13425925925925927
5 0.6521354166666666 0.4061574074074074 0.028552083333333332 0.06658333333333333
3 0.7664687499999999 0.44212962962962965 0.049921875 0.058861111111111114
3 0.5856458333333333 0.44392592592592595 0.07206770833333334 0.022166666666666668
3 0.7707447916666667 0.45105555555555554 0.054015625 0.05290740740740741
3 0.779671875 0.4553611111111111 0.051786458333333334 0.03373148148148148
3 0.6486093749999999 0.4589907407407407 0.022869791666666663 0.042324074074074076
3 0.5816250000000001 0.48368518518518516 0.074828125 0.0651851851851852
3 0.5515416666666667 0.4856388888888889 0.07377604166666667 0.02563888888888889
3 0.806265625 0.5006574074074075 0.025390625 0.042324074074074076
3 0.547875 0.5180185185185185 0.08355208333333333 0.06171296296296297
3 0.8325052083333334 0.5198333333333333 0.06865104166666666 0.05266666666666667
3 0.8602239583333334 0.552675925925926 0.06716666666666667 0.024148148148148148
3 0.525390625 0.5692962962962963 0.099203125 0.10950925925925925
3 0.8087656249999999 0.5703240740740741 0.04311979166666667 0.05294444444444445
3 0.872765625 0.5714814814814815 0.07291666666666667 0.025546296296296296
3 0.476375 0.5714907407407408 0.09942708333333333 0.10511111111111111
3 0.879453125 0.5956666666666667 0.07793749999999999 0.08863888888888889
3 0.4657395833333334 0.6268796296296296 0.10946354166666666 0.11863888888888889
3 0.43777604166666667 0.6274166666666667 0.12825 0.16537037037037036
3 0.8300572916666666 0.6320925925925925 0.08779166666666667 0.10217592592592592
5 0.11305208333333333 0.6412037037037037 0.040265625 0.2222222222222222
3 0.922234375 0.6470555555555556 0.091421875 0.13449074074074074
3 0.8701666666666666 0.6700555555555555 0.10423958333333333 0.08291666666666667
3 0.3641875 0.687324074074074 0.13129166666666667 0.18721296296296297
2 0.6470833333333333 0.7316111111111111 0.29774999999999996 0.5316111111111111
3 0.9839739583333333 0.7407685185185185 0.032046875 0.03808333333333334
3 0.8728854166666667 0.7509814814814815 0.11855208333333334 0.17928703703703702
3 0.9000677083333334 0.8006574074074074 0.13791666666666666 0.16447222222222221
3 0.97940625 0.8037037037037037 0.0411875 0.08591666666666667