5 0.23746354166666667 0.23662962962962963 0.018489583333333334 0.07407407407407407
5 0.46863541666666664 0.2577129629629629 0.032442708333333334 0.058638888888888886
1 0.41643749999999996 0.268212962962963 0.087515625 0.07099074074074074
5 0.5571614583333333 0.2785462962962963 0.022000000000000002 0.058638888888888886
5 0.4034270833333334 0.2883611111111111 0.025072916666666667 0.09787962962962962
4 0.3245625 0.2903425925925926 0.11734895833333334 0.25528703703703703
3 0.4709583333333333 0.3123888888888889 0.037885416666666664 0.06922222222222223
3 0.57865625 0.3144259259259259 0.04848958333333333 0.02237962962962963
5 0.2556875 0.3168703703703704 0.02715625 0.07407407407407407
5 0.23493229166666665 0.317462962962963 0.028854166666666667 0.07407407407407407
3 0.5255 0.32407407407407407 0.029854166666666668 0.061731481481481484
5 0.649609375 0.3287037037037037 0.021994791666666666 0.15432407407407406
5 0.6250885416666667 0.33294444444444443 0.025041666666666667 0.14583333333333334
3 0.55196875 0.33641666666666664 0.025500000000000002 0.06789814814814815
5 0.43244791666666665 0.33899074074074076 0.03461458333333333 0.14094444444444446
3 0.5838645833333334 0.3452962962962963 0.025057291666666665 0.06712962962962964
3 0.6724166666666667 0.35108333333333336 0.055463541666666664 0.032407407407407406
3 0.68153125 0.38502777777777775 0.04157291666666666 0.08950925925925926
3 0.7090885416666667 0.3985370370370371 0.030713541666666667 0.09799074074074074
3 0.7310052083333333 0.4104907407407407 0.021593750000000002 0.09567592592592593
2 0.854546875 0.44907407407407407 0.21132291666666667 0.32407407407407407
5 0.593328125 0.47839814814814813 0.043046875000000005 0.30247222222222225
5 0.528234375 0.5061759259259259 0.06216666666666667 0.29012037037037036
3 0.975 0.5262314814814815 0.020557291666666665 0.12962962962962962
3 0.99234375 0.5308611111111111 0.0153125 0.12345370370370372
5 0.7122291666666667 0.6234537037037038 0.04473958333333334 0.3333333333333333
5 0.39978125000000003 0.7145092592592592 0.10040104166666668 0.4166666666666667
5 0.20451041666666667 0.7993796296296297 0.08484895833333334 0.36419444444444443
3 0.12891666666666668 0.8247314814814816 0.14122395833333332 0.24206481481481482