3 0.7440052083333334 0.9443796296296296 0.06821875 0.10877777777777778
5 0.6468020833333333 0.2533611111111111 0.004645833333333333 0.019935185185185188
5 0.6426302083333333 0.26541666666666663 0.005171875 0.0255
5 0.6488854166666667 0.2698148148148148 0.004645833333333333 0.020398148148148148
1 0.6779583333333333 0.2790925925925926 0.018453125 0.027814814814814813
5 0.6711770833333334 0.28349074074074077 0.004375 0.01900925925925926
5 0.6194270833333333 0.28535185185185186 0.006744791666666666 0.031990740740740736
5 0.6272447916666667 0.2862777777777778 0.006739583333333333 0.03569444444444444
5 0.6795208333333334 0.2885925925925926 0.005416666666666667 0.022712962962962963
5 0.6460208333333333 0.28882407407407407 0.007776041666666666 0.03152777777777777
5 0.659578125 0.2932314814814815 0.005161458333333333 0.024574074074074075
5 0.6634895833333334 0.29810185185185184 0.005682291666666667 0.025962962962962962
1 0.550890625 0.30942592592592594 0.04932291666666667 0.033694444444444444
1 0.6034947916666666 0.3096481481481482 0.022875 0.033249999999999995
5 0.6722239583333334 0.31200925925925926 0.006463541666666667 0.04450925925925926
1 0.54540625 0.3169537037037037 0.04733333333333333 0.03635185185185185
5 0.698125 0.3171111111111111 0.007072916666666667 0.02950925925925926
5 0.6210572916666667 0.3241851851851852 0.006411458333333333 0.024388888888888887
1 0.5391770833333334 0.32649074074074075 0.03636458333333333 0.03412962962962963
5 0.6625729166666667 0.33587962962962964 0.006463541666666667 0.06165740740740741
5 0.6499270833333333 0.3368055555555556 0.009338541666666667 0.06165740740740741
5 0.62596875 0.33879629629629626 0.006750000000000001 0.03794444444444444
1 0.6205729166666667 0.3433333333333333 0.05153645833333333 0.0669351851851852
0 0.5765677083333334 0.3564074074074074 0.047817708333333334 0.07447222222222223
5 0.6075937499999999 0.3652962962962963 0.009635416666666667 0.033129629629629634
5 0.577265625 0.379 0.010307291666666666 0.03162037037037037
5 0.6208854166666666 0.3835185185185185 0.012848958333333334 0.0502962962962963
5 0.6952447916666666 0.38742592592592595 0.008088541666666666 0.08763888888888889
5 0.6037760416666667 0.38862962962962966 0.009119791666666667 0.027407407407407408
5 0.6855885416666666 0.38908333333333334 0.013171875 0.0915462962962963
5 0.58675 0.40112962962962967 0.008947916666666667 0.027101851851851853
0 0.7241197916666666 0.40619444444444447 0.04870833333333333 0.1438148148148148
5 0.5773541666666666 0.416787037037037 0.01521875 0.0385462962962963
5 0.5951354166666667 0.4243240740740741 0.014197916666666668 0.08131481481481481
5 0.75809375 0.42760185185185184 0.015380208333333334 0.0472037037037037
3 0.6245677083333334 0.4308888888888889 0.019140625 0.05939814814814815
5 0.7827916666666667 0.44434259259259257 0.017223958333333334 0.059833333333333336
5 0.6089427083333334 0.44630555555555557 0.018432291666666666 0.10600925925925926
5 0.7662760416666666 0.45862037037037034 0.015682291666666667 0.04775925925925926
5 0.5789583333333332 0.48304629629629636 0.025552083333333333 0.10841666666666668
5 0.7814010416666667 0.48715740740740743 0.021854166666666668 0.07739814814814815
3 0.542203125 0.4878240740740741 0.04682291666666667 0.023148148148148147
5 0.7600989583333334 0.4926481481481481 0.024333333333333332 0.07080555555555555
5 0.7434322916666667 0.5017037037037038 0.02186979166666667 0.1042962962962963
3 0.8107395833333333 0.5017037037037038 0.04224479166666666 0.024148148148148148
3 0.53625 0.5043518518518519 0.05203125 0.016537037037037038
5 0.5546562500000001 0.5122592592592593 0.018609374999999997 0.15358333333333335
3 0.5436875000000001 0.5202314814814815 0.07732291666666667 0.03902777777777778
3 0.8274114583333334 0.5220185185185185 0.05705729166666666 0.027444444444444445
5 0.7153385416666667 0.5324444444444444 0.020645833333333332 0.1800462962962963
3 0.8443854166666667 0.5343703703703704 0.070015625 0.03128703703703704
3 0.8565781250000001 0.5549537037037037 0.06599479166666666 0.021953703703703704
3 0.7956145833333333 0.5609907407407407 0.05151041666666667 0.05708333333333333
3 0.534015625 0.5721574074074074 0.08922916666666666 0.07805555555555556
3 0.8676927083333333 0.572787037037037 0.07586979166666666 0.03128703703703704
5 0.7536145833333333 0.5782777777777778 0.04408854166666667 0.10923148148148148
5 0.6994322916666668 0.5802037037037037 0.028354166666666666 0.22175925925925927
3 0.47704166666666664 0.5825370370370371 0.08920312500000001 0.06812962962962962
3 0.8738697916666667 0.5944722222222222 0.06290104166666667 0.032935185185185185
3 0.44985416666666667 0.6070648148148148 0.10926562499999999 0.05450925925925926
3 0.8124375 0.6136851851851851 0.07465625000000001 0.07575
3 0.9228958333333334 0.6228333333333333 0.06063541666666667 0.05999074074074075
3 0.44485416666666666 0.6268240740740741 0.09917708333333333 0.07086111111111111
5 0.041453125 0.6388888888888888 0.014255208333333333 0.08333333333333333
3 0.8514479166666666 0.647888888888889 0.07257291666666667 0.05787037037037037
3 0.759515625 0.6628888888888889 0.064796875 0.08053703703703705
3 0.9580208333333334 0.6715277777777777 0.06498958333333334 0.07127777777777779
3 0.017812500000000002 0.6724537037037037 0.035625000000000004 0.13194444444444445
3 0.4256979166666667 0.6735 0.10531770833333334 0.10151851851851852
3 0.87725 0.6944722222222222 0.06700520833333333 0.06492592592592593
3 0.35576562500000003 0.719824074074074 0.11185937500000001 0.11105555555555556
3 0.9643020833333333 0.7254351851851852 0.0494375 0.07728703703703703
3 0.8190989583333333 0.727287037037037 0.10632291666666666 0.10515740740740741
3 0.9766822916666666 0.7469629629629629 0.031276041666666664 0.04402777777777778
3 0.8681197916666666 0.7682222222222221 0.09558333333333334 0.06987037037037036
3 0.974484375 0.8002777777777778 0.026875 0.06848148148148148
3 0.7617499999999999 0.8299722222222222 0.04879166666666667 0.23149074074074072
3 0.8677083333333333 0.8443055555555555 0.12480208333333334 0.11936111111111111