5 0.6612916666666667 0.2654351851851852 0.005036458333333333 0.03498148148148148
5 0.6555052083333333 0.26646296296296296 0.0050416666666666665 0.024694444444444446
5 0.6995312499999999 0.29475 0.006447916666666667 0.009259259259259259
5 0.6954791666666666 0.30607407407407405 0.00396875 0.019546296296296294
3 0.682171875 0.30863888888888885 0.014390624999999999 0.012342592592592593
3 0.6876666666666666 0.3215 0.011494791666666667 0.011314814814814816
2 0.5557083333333334 0.32355555555555554 0.07186979166666667 0.04218518518518519
5 0.6977916666666667 0.3276759259259259 0.008598958333333333 0.023666666666666666
3 0.6937447916666667 0.33641666666666664 0.019015624999999998 0.010287037037037037
5 0.75796875 0.3554537037037037 0.009729166666666667 0.02160185185185185
0 0.7284583333333334 0.36934259259259256 0.034041666666666665 0.10493518518518519
3 0.5799947916666667 0.37551851851851853 0.04267708333333333 0.04114814814814815
5 0.6976458333333333 0.40370370370370373 0.027875 0.06296296296296296
3 0.7620729166666667 0.43287037037037035 0.04293229166666667 0.007712962962962963
3 0.6962916666666668 0.4351851851851852 0.02411458333333333 0.12139814814814816
3 0.7669427083333333 0.44722222222222224 0.054473958333333336 0.009259259259259259
3 0.5765260416666667 0.4578148148148148 0.035734375 0.04526851851851852
3 0.774578125 0.4583333333333333 0.06280208333333333 0.010490740740740741
3 0.7751041666666667 0.4716018518518518 0.047875 0.007407407407407408
3 0.7733645833333332 0.4787037037037037 0.054125 0.006787037037037037
3 0.5556927083333334 0.49434259259259256 0.06814583333333334 0.019546296296296294
3 0.7957552083333332 0.4993796296296297 0.07181770833333333 0.017287037037037038
3 0.5478802083333334 0.518 0.075671875 0.01749074074074074
3 0.8344635416666667 0.5212962962962963 0.061734375 0.017898148148148146
3 0.771109375 0.5321018518518518 0.042666666666666665 0.035805555555555556
3 0.5409375 0.5401203703703704 0.093234375 0.020574074074074074
3 0.860859375 0.5524722222222221 0.06175 0.023453703703703702
5 0.13844270833333333 0.5543981481481481 0.041755208333333335 0.1087962962962963
3 0.47353124999999996 0.5627592592592592 0.097109375 0.04321296296296297
3 0.7954114583333334 0.5657407407407408 0.05584895833333334 0.03641666666666667
3 0.8742239583333333 0.575 0.07528125 0.016666666666666666
3 0.4535677083333333 0.5977407407407407 0.09422395833333333 0.03086111111111111
3 0.8780416666666666 0.5990740740740741 0.06347916666666667 0.026546296296296297
3 0.8126041666666667 0.6188240740740741 0.083984375 0.05987962962962963
3 0.9202239583333333 0.6194444444444445 0.061723958333333336 0.030250000000000003
3 0.43447395833333335 0.6291111111111112 0.10117708333333333 0.03600925925925926
3 0.9653385416666667 0.6567870370370371 0.06931770833333334 0.04321296296296297
3 0.8461041666666667 0.6571018518518518 0.07807291666666667 0.032712962962962965
3 0.02236979166666667 0.6643518518518519 0.04473958333333334 0.14351851851851852
3 0.8648489583333333 0.6848796296296296 0.08847916666666666 0.020370370370370372
3 0.3582447916666667 0.6867314814814814 0.12897916666666667 0.1671851851851852
3 0.42818229166666666 0.6925185185185185 0.11636458333333333 0.11342592592592593
3 0.867625 0.7160462962962963 0.09611458333333332 0.037037037037037035
3 0.9717760416666666 0.7160462962962963 0.05302604166666667 0.05555555555555555
3 0.9802812500000001 0.7487685185185184 0.03740104166666667 0.027157407407407404
3 0.98340625 0.7941388888888888 0.031151041666666667 0.052472222222222226
3 0.8723958333333334 0.8091018518518519 0.13030208333333335 0.13549074074074074
5 0.6251718749999999 0.8868333333333334 0.09367708333333334 0.22633333333333333