3 0.7241041666666667 0.09391666666666668 0.01690104166666667 0.014546296296296297
3 0.7222447916666667 0.09953703703703703 0.017645833333333336 0.01786111111111111
3 0.7186197916666667 0.10565740740740741 0.018203125 0.011574074074074073
3 0.7168541666666666 0.11342592592592593 0.013927083333333333 0.017194444444444446
3 0.7272656249999999 0.11408333333333333 0.014666666666666666 0.019842592592592592
3 0.7342395833333334 0.11822222222222223 0.010760416666666666 0.016203703703703703
3 0.712109375 0.12218518518518519 0.008906250000000001 0.020175925925925924
3 0.7045781249999999 0.12599074074074074 0.008354166666666666 0.019842592592592592
0 0.6685989583333334 0.12731481481481483 0.050109375 0.0941388888888889
0 0.7535520833333333 0.12731481481481483 0.03220833333333333 0.0787037037037037
3 0.7037395833333334 0.13425925925925927 0.008911458333333334 0.01587037037037037
5 0.6949687499999999 0.1423611111111111 0.019213541666666667 0.07175925925925926
3 0.63575 0.16582407407407407 0.02968229166666667 0.03535185185185185
3 0.63078125 0.1826574074074074 0.017848958333333335 0.02862037037037037
3 0.6049791666666666 0.18434259259259259 0.025906250000000002 0.03872222222222222
3 0.7428020833333334 0.18441666666666665 0.038796874999999995 0.047842592592592596
3 0.5701875 0.18771296296296294 0.011244791666666667 0.02862037037037037
3 0.7001041666666666 0.1975277777777778 0.016630208333333334 0.018518518518518517
3 0.562375 0.19865740740740742 0.02119270833333333 0.02188888888888889
3 0.7054843749999999 0.20447222222222222 0.033609375000000004 0.04475
3 0.4959322916666667 0.2074074074074074 0.034078125 0.07407407407407407
3 0.5842916666666667 0.20871296296296296 0.04172395833333333 0.04537962962962963
5 0.5791822916666667 0.20917592592592593 0.012192708333333333 0.03450925925925926
3 0.5581145833333333 0.22012037037037036 0.033499999999999995 0.037879629629629624
5 0.583015625 0.23958333333333334 0.021864583333333333 0.07175925925925926
3 0.538703125 0.24379629629629632 0.042203125 0.058444444444444445
1 0.7319010416666667 0.2477314814814815 0.098625 0.0709537037037037
3 0.5273125000000001 0.25662037037037033 0.044609375 0.054981481481481485
1 0.6362916666666667 0.26890740740740743 0.12155729166666666 0.1579537037037037
3 0.5187916666666667 0.26960185185185187 0.03819791666666667 0.05433333333333333
3 0.49146875 0.2796851851851852 0.04058333333333333 0.056046296296296295
3 0.413265625 0.2823425925925926 0.050078125 0.07118518518518518
3 0.4743229166666667 0.2887222222222222 0.041109375000000004 0.06902777777777777
3 0.465234375 0.3035740740740741 0.044515624999999996 0.054231481481481485
1 0.6930104166666666 0.30553703703703705 0.16630729166666666 0.10644444444444444
3 0.4313854166666667 0.3234166666666667 0.04527083333333334 0.06216666666666667
1 0.6689114583333333 0.4305555555555556 0.22491145833333331 0.2222222222222222
3 0.22090625 0.43621296296296297 0.016630208333333334 0.047324074074074074
3 0.20036458333333332 0.4465 0.024161458333333333 0.051444444444444445
3 0.168546875 0.4861111111111111 0.020703125 0.052472222222222226
3 0.14713541666666666 0.5015462962962962 0.018395833333333333 0.03600925925925926
5 0.11820833333333333 0.5478425925925926 0.038078125 0.08950925925925926
3 0.08898958333333334 0.5673888888888888 0.02015625 0.05658333333333333
3 0.07134375 0.5879629629629629 0.019583333333333335 0.058638888888888886
5 0.0623125 0.6166666666666667 0.034296875 0.15925925925925927
5 0.026385416666666665 0.6305555555555555 0.03534895833333333 0.15
2 0.29203125 0.6335092592592593 0.30707812500000004 0.3503611111111111
3 0.10605208333333334 0.6574259259259259 0.051973958333333334 0.12143518518518519
3 0.055921875 0.6646481481481482 0.028093749999999997 0.05768518518518518
3 0.018401041666666666 0.6877592592592592 0.0248125 0.0730462962962963
3 0.006833333333333333 0.6892962962962963 0.010932291666666667 0.07407407407407407
3 0.7376822916666667 0.06944444444444445 0.010942708333333334 0.010583333333333333
3 0.73275 0.07605555555555556 0.018197916666666664 0.014546296296296297
1 0.6539270833333333 0.777175925925926 0.35640104166666664 0.40399074074074076
3 0.744375 0.08912037037037036 0.0109375 0.018851851851851852
3 0.7278229166666667 0.09027777777777778 0.01578125 0.013888888888888888