1 0.1485 0.2163611111111111 0.027526041666666667 0.039342592592592596
4 0.32298958333333333 0.2990462962962963 0.10917708333333334 0.26894444444444443
5 0.23857291666666666 0.3195185185185185 0.02884375 0.08510185185185185
3 0.5617708333333333 0.31999074074074074 0.046489583333333334 0.0827037037037037
5 0.40543229166666667 0.3259444444444444 0.03471875 0.13165740740740742
3 0.6171458333333334 0.33328703703703705 0.03981770833333333 0.0699074074074074
3 0.589734375 0.3347685185185185 0.04924479166666666 0.06695370370370371
5 0.45126041666666666 0.3472222222222222 0.03153645833333333 0.1581574074074074
3 0.6315416666666667 0.3497037037037037 0.040921874999999996 0.08106481481481481
3 0.6448333333333333 0.3559351851851852 0.036484375 0.07778703703703704
3 0.6664322916666666 0.3716851851851852 0.04534895833333333 0.08172222222222222
3 0.6941302083333334 0.3835 0.05533333333333333 0.09550925925925927
3 0.7229479166666667 0.3874444444444444 0.04539583333333333 0.08565740740740742
3 0.748140625 0.4051296296296297 0.0459375 0.09543518518518518
3 0.7664166666666666 0.41500925925925924 0.042609375 0.08369444444444445
3 0.8309218749999999 0.41698148148148145 0.048671875 0.08172222222222222
3 0.8035104166666667 0.42021296296296295 0.052557291666666665 0.10986111111111112
3 0.8491979166666667 0.45105555555555554 0.048666666666666664 0.10851851851851853
3 0.8810364583333333 0.46246296296296296 0.031484375 0.11558333333333333
3 0.90125 0.46869444444444447 0.034234375000000004 0.12803703703703703
3 0.9175833333333333 0.48372222222222216 0.024828125 0.13250925925925927
3 0.94859375 0.4899722222222222 0.022598958333333332 0.14500925925925928
3 0.9743385416666667 0.5075648148148147 0.017604166666666664 0.14276851851851852
3 0.9942552083333334 0.5318333333333334 0.011484375 0.09837962962962964
5 0.956265625 0.8417222222222221 0.071765625 0.31655555555555553