5 0.68666015625 0.0920138888888889 0.01087109375 0.035881944444444445
1 0.8503398437499999 0.09664583333333332 0.0461484375 0.04050694444444444
1 0.809546875 0.09970138888888888 0.01936328125 0.046625
3 0.71930859375 0.10069444444444445 0.02163671875 0.027006944444444445
1 0.8698671875 0.12036805555555556 0.038980468750000004 0.04282638888888889
5 0.6690859375 0.125 0.01087890625 0.0601875
5 0.79001953125 0.13045833333333334 0.009328125 0.05456249999999999
3 0.6542148437499999 0.133875 0.01992578125 0.03626388888888889
5 0.8145703125000001 0.16418750000000001 0.010433593750000001 0.06845138888888888
5 0.498546875 0.16493055555555555 0.021363281249999998 0.10300694444444446
1 0.61690234375 0.16589583333333333 0.07032421875 0.0648125
4 0.7141367187500001 0.17906944444444445 0.081890625 0.17559722222222224
5 0.6518359375 0.1956041666666667 0.011539062499999999 0.06713194444444445
5 0.6095273437500001 0.2071736111111111 0.011554687499999999 0.08564583333333334
5 0.63946875 0.20775694444444445 0.0089375 0.08680555555555555
5 0.62644921875 0.20833333333333334 0.01284765625 0.10416666666666667
5 0.66355078125 0.2320625 0.01934375 0.09606250000000001
5 0.5945546875 0.2361111111111111 0.019371093750000002 0.11574305555555554
5 0.49984765624999994 0.2980347222222222 0.01485546875 0.13310416666666666
5 0.51807421875 0.3125 0.017449218750000002 0.1388888888888889
5 0.794140625 0.044069444444444446 0.00223046875 0.015493055555555555
5 0.34981249999999997 0.4583333333333333 0.0311875 0.2013888888888889
5 0.79826953125 0.047812499999999994 0.0044843750000000005 0.01922916666666667
5 0.08873046875 0.4953680555555556 0.02855859375 0.09490972222222221
5 0.04284375 0.5329861111111112 0.026625 0.09375
0 0.82609765625 0.06163194444444445 0.0191484375 0.03182638888888889
5 0.77491015625 0.06354166666666666 0.00545703125 0.0335625
5 0.80411328125 0.06392361111111111 0.00441015625 0.023041666666666665
5 0.7797265624999999 0.06493055555555556 0.0036328125 0.03217361111111111