3 0.7226250000000001 0.09453703703703703 0.025072916666666667 0.0424537037037037
3 0.742078125 0.1030462962962963 0.009848958333333333 0.019064814814814816
3 0.7204114583333333 0.10792592592592593 0.02519270833333333 0.050722222222222224
3 0.716546875 0.11399074074074074 0.026135416666666668 0.045
3 0.7120104166666666 0.12332407407407407 0.010489583333333333 0.03791666666666667
3 0.7008958333333334 0.12862962962962962 0.012187499999999999 0.045425925925925925
0 0.6677760416666667 0.13374999999999998 0.053723958333333335 0.08564814814814815
5 0.6406979166666668 0.13755555555555557 0.01078125 0.04986111111111111
0 0.7524427083333334 0.14308333333333334 0.03222395833333333 0.08883333333333333
5 0.5677864583333334 0.17158333333333334 0.02136979166666667 0.051037037037037034
3 0.6590729166666667 0.1716388888888889 0.030328124999999997 0.037907407407407404
3 0.637203125 0.17597222222222222 0.034416666666666665 0.05391666666666666
3 0.6211302083333333 0.17997222222222223 0.035078124999999995 0.0580462962962963
3 0.74403125 0.18911111111111112 0.042749999999999996 0.055129629629629626
3 0.6045052083333334 0.18980555555555556 0.028942708333333334 0.06335185185185185
3 0.5908177083333332 0.19830555555555554 0.030505208333333332 0.061370370370370374
3 0.494953125 0.20676851851851852 0.03550520833333334 0.07357407407407407
3 0.583921875 0.21585185185185185 0.017557291666666665 0.04624074074074074
3 0.6871510416666666 0.21755555555555556 0.04672916666666667 0.06861111111111111
3 0.5592291666666667 0.22807407407407407 0.045598958333333335 0.045907407407407404
3 0.696515625 0.23373148148148148 0.05558854166666667 0.08119444444444444
3 0.5358958333333333 0.23837037037037037 0.04417708333333333 0.07116666666666667
1 0.7307552083333333 0.2465277777777778 0.09859375000000001 0.0625
3 0.5250208333333333 0.25425 0.048125 0.06114814814814815
3 0.5148697916666667 0.2555925925925926 0.04353645833333333 0.07553703703703704
3 0.4905572916666667 0.27192592592592596 0.041515624999999994 0.07292592592592594
3 0.41201041666666666 0.28282407407407406 0.039677083333333335 0.06945370370370371
3 0.4733958333333333 0.2856851851851852 0.044223958333333334 0.07782407407407407
3 0.464796875 0.2938796296296296 0.04559375 0.07905555555555555
1 0.69815625 0.3100925925925926 0.1696770833333333 0.07851851851851852
3 0.4321354166666667 0.31415740740740744 0.04479166666666667 0.08300925925925927
2 0.33296875 0.33850925925925923 0.12491666666666666 0.22269444444444444
5 0.5273854166666667 0.33867592592592594 0.03709375 0.15882407407407406
5 0.25499479166666666 0.37869444444444444 0.025848958333333335 0.04883333333333333
5 0.235546875 0.41956481481481483 0.020171875 0.05664814814814815
1 0.6702135416666667 0.43212962962962964 0.23272395833333331 0.22025
5 0.264375 0.44752777777777775 0.04163541666666667 0.12962962962962962
5 0.1974375 0.47175 0.0311875 0.09327777777777778
3 0.24570833333333333 0.48108333333333336 0.026213541666666666 0.061611111111111116
5 0.6627239583333334 0.48304629629629636 0.05002604166666667 0.2437685185185185
5 0.23772395833333335 0.48403703703703704 0.05275 0.1487685185185185
5 0.132828125 0.490324074074074 0.013625 0.035166666666666666
3 0.183109375 0.511 0.041015625 0.10424074074074074
3 0.21867708333333333 0.5157592592592593 0.02521875 0.06293518518518518
5 0.110578125 0.5186481481481481 0.018578125 0.04786111111111111
3 0.170625 0.5444907407407407 0.032072916666666666 0.06730555555555555
3 0.09629687499999999 0.5626111111111111 0.029567708333333335 0.06837037037037037
5 0.150953125 0.5642777777777778 0.037625 0.15962037037037036
5 0.13741666666666666 0.5917962962962963 0.04059895833333334 0.15260185185185185
3 0.07910416666666667 0.5958333333333333 0.025729166666666668 0.06544444444444444
5 0.036145833333333335 0.6011851851851852 0.020255208333333333 0.05372222222222223
5 0.05853125 0.6295000000000001 0.028583333333333336 0.15462962962962962
3 0.1040625 0.6438888888888888 0.074265625 0.1355648148148148
5 0.5494218750000001 0.6652314814814815 0.07581770833333333 0.2506574074074074
5 0.03706770833333333 0.6883796296296296 0.062473958333333336 0.16071296296296295
3 0.020390625 0.6904351851851851 0.03160416666666667 0.08962037037037038
3 0.008567708333333333 0.7042314814814815 0.017140625 0.08009259259259259
3 0.7455416666666667 0.7660555555555556 0.16205729166666666 0.20244444444444443
3 0.7330989583333333 0.08462962962962964 0.026036458333333335 0.040740740740740744
3 0.7278020833333334 0.08924074074074073 0.02596875 0.03646296296296297