5 0.74103125 0.16136111111111112 0.00490625 0.01934722222222222
5 0.744859375 0.16597222222222222 0.0031718749999999998 0.018027777777777778
5 0.750921875 0.16751388888888888 0.0039140625 0.024625
5 0.7572265625 0.17081944444444444 0.0036640625000000002 0.02330555555555556
0 0.6591484375000001 0.1879861111111111 0.02109375 0.05909722222222222
5 0.679 0.19294444444444442 0.0082734375 0.042652777777777776
2 0.6153203125 0.19355555555555556 0.0394140625 0.058236111111111113
5 0.730890625 0.19593055555555555 0.00825 0.04463888888888889
1 0.78459375 0.19659722222222223 0.0334140625 0.037069444444444447
5 0.22200000000000003 0.40823611111111113 0.025070312500000004 0.17758333333333334
5 0.255671875 0.4340277777777778 0.0451171875 0.16990277777777776