5 0.73375 0.09317592592592593 0.010015625 0.0545
3 0.7166927083333333 0.09593518518518518 0.024213541666666668 0.018046296296296296
5 0.7240416666666667 0.10376851851851851 0.012833333333333334 0.06425925925925927
3 0.709609375 0.1042962962962963 0.023578125000000002 0.026518518518518518
3 0.7050052083333332 0.1128611111111111 0.022416666666666665 0.03122222222222222
3 0.7015677083333334 0.11436111111111112 0.016598958333333334 0.019564814814814813
3 0.6968645833333333 0.1279074074074074 0.01797395833333333 0.03461111111111111
0 0.7528854166666666 0.13066666666666668 0.03169270833333333 0.06997222222222221
5 0.5868958333333333 0.13265740740740742 0.013151041666666667 0.05990740740740741
5 0.6349010416666666 0.13310185185185186 0.0078125 0.02837962962962963
0 0.6703749999999999 0.13355555555555557 0.052411458333333334 0.08333333333333333
5 0.6279322916666668 0.13850925925925925 0.009588541666666667 0.038287037037037036
5 0.6134947916666668 0.14346296296296296 0.012125 0.04819444444444444
5 0.6597239583333334 0.15225 0.016921875 0.07297222222222223
3 0.7258489583333334 0.1618425925925926 0.01617708333333333 0.04236111111111111
5 0.5854010416666667 0.17351851851851852 0.0165625 0.03981481481481482
3 0.7454375 0.1829074074074074 0.045390625000000004 0.024972222222222222
5 0.6552916666666667 0.18536111111111112 0.013125 0.0545
3 0.596328125 0.18562962962962962 0.04438541666666666 0.042138888888888885
3 0.49380729166666665 0.18765740740740738 0.023630208333333333 0.034305555555555554
5 0.6242604166666667 0.18896296296296297 0.008322916666666668 0.04188888888888889
3 0.586625 0.18961111111111112 0.037296875 0.035500000000000004
5 0.6361666666666667 0.19075925925925927 0.011864583333333335 0.059009259259259254
3 0.7312916666666667 0.19098148148148147 0.029906250000000002 0.019101851851851852
5 0.6479479166666666 0.1921111111111111 0.012114583333333335 0.05990740740740741
3 0.5826145833333333 0.1945925925925926 0.035619791666666664 0.04014814814814815
3 0.5745885416666667 0.20901851851851852 0.02965625 0.03782407407407407
3 0.49103125 0.21053703703703702 0.031526041666666664 0.03950925925925926
3 0.675421875 0.2111851851851852 0.026416666666666665 0.03012037037037037
3 0.7266458333333333 0.21614814814814814 0.018135416666666668 0.025342592592592594
3 0.5544322916666666 0.21649074074074073 0.02778125 0.04677777777777778
3 0.6958697916666666 0.2201851851851852 0.041281250000000005 0.03783333333333333
3 0.5381874999999999 0.2282685185185185 0.04121875 0.05109259259259259
3 0.5317447916666667 0.24237037037037037 0.03952083333333333 0.046120370370370374
1 0.7282291666666667 0.24896296296296297 0.10515104166666665 0.05823148148148148
3 0.5158854166666667 0.2549722222222222 0.040651041666666665 0.06337037037037037
3 0.498625 0.2687407407407407 0.043828125 0.049101851851851855
3 0.4732395833333333 0.2767037037037037 0.04344791666666667 0.051759259259259255
3 0.416921875 0.2770740740740741 0.03359895833333334 0.040546296296296296
3 0.407859375 0.2916296296296296 0.041791666666666664 0.05510185185185185
3 0.46372395833333335 0.2944537037037037 0.04419791666666666 0.05010185185185185
1 0.6055625 0.2988888888888889 0.14988541666666666 0.15175925925925926
1 0.6950677083333333 0.30568518518518517 0.17680208333333333 0.10117592592592592
3 0.44832812499999997 0.32630555555555557 0.0600625 0.060712962962962955
1 0.6735416666666667 0.4438518518518519 0.22092187500000002 0.20321296296296296
1 0.4892447916666667 0.44975000000000004 0.16515104166666666 0.20733333333333331
3 0.23515625 0.45846296296296296 0.04190625 0.08758333333333333
3 0.21387499999999998 0.4668425925925926 0.037661458333333335 0.07838888888888888
3 0.19821354166666666 0.4882037037037037 0.045875 0.06703703703703705
3 0.181796875 0.5133425925925925 0.029463541666666666 0.07082407407407407
3 0.16020833333333334 0.5206388888888889 0.03372916666666667 0.09299074074074075
3 0.14090104166666664 0.5414537037037037 0.04194791666666667 0.0870462962962963
3 0.12218749999999999 0.5728148148148148 0.044046875 0.0837962962962963
3 0.10151041666666667 0.5882222222222222 0.041015625 0.10163888888888889
3 0.07961979166666668 0.6076851851851851 0.034942708333333336 0.08109259259259259
3 0.06366145833333334 0.6217407407407407 0.030380208333333332 0.07028703703703704
3 0.040078125 0.6457962962962963 0.0325 0.10650925925925926
3 0.019098958333333336 0.6585 0.02703125 0.08975000000000001
5 0.7561666666666667 0.07377777777777779 0.008265625 0.028564814814814817
5 0.7433854166666667 0.07842592592592593 0.008671874999999999 0.03308333333333333
5 0.041130208333333335 0.7786388888888889 0.07595312500000001 0.18512037037037038
1 0.6515416666666667 0.7805185185185185 0.35873958333333333 0.40120370370370373
3 0.7114739583333333 0.08164814814814815 0.006921874999999999 0.006481481481481481