5 0.13790104166666667 0.2175925925925926 0.0074062500000000005 0.03306481481481482
5 0.6044010416666666 0.25025 0.02009375 0.05605555555555555
5 0.5679062500000001 0.25760185185185186 0.024666666666666667 0.10515740740740741
5 0.2618229166666667 0.2601851851851852 0.018734375 0.07592592592592592
4 0.19258333333333333 0.2625648148148148 0.069234375 0.11772222222222223
4 0.3175625 0.28571296296296295 0.09441145833333334 0.21163888888888888
5 0.6173749999999999 0.2881944444444444 0.022041666666666668 0.0763888888888889
5 0.6011041666666667 0.28935185185185186 0.011635416666666667 0.05555555555555555
3 0.5988854166666666 0.34096296296296297 0.04571875 0.07344444444444444
5 0.81753125 0.35300925925925924 0.025213541666666665 0.1087962962962963
3 0.6314322916666666 0.35689814814814813 0.05054166666666667 0.07756481481481481
3 0.6574687499999999 0.3638703703703704 0.049041666666666664 0.0716574074074074
3 0.67625 0.37683333333333335 0.05610416666666666 0.08039814814814815
3 0.7201406250000001 0.39239814814814816 0.06278125 0.09168518518518518
3 0.7495260416666666 0.4085462962962963 0.05458333333333333 0.08562037037037037
5 0.91028125 0.4207222222222222 0.029734375 0.19560185185185186
3 0.8316145833333334 0.4393518518518518 0.07222916666666666 0.0787037037037037
3 0.9934375000000001 0.5324074074074074 0.013125 0.09920370370370371