1 0.81099609375 0.07909722222222222 0.02240625 0.027513888888888886
1 0.85869921875 0.10030555555555555 0.059781249999999994 0.035534722222222224
1 0.80616015625 0.11004861111111111 0.0191875 0.04127083333333333
1 0.8696601562499999 0.11921527777777777 0.0365703125 0.027513888888888886
3 0.56479296875 0.14975 0.0025781249999999997 0.0008888888888888889
3 0.577203125 0.16575 0.0328671875 0.04805555555555556
5 0.652078125 0.1673611111111111 0.028265625 0.09858333333333334
4 0.71098046875 0.19952083333333334 0.0948359375 0.1981875
5 0.64290234375 0.2245347222222222 0.0270546875 0.12036805555555556
5 0.5153203125 0.28125 0.021890625 0.13194444444444445
5 0.058074218749999997 0.5198958333333333 0.031105468749999997 0.08623611111111111