4 0.727609375 0.15113888888888888 0.0239765625 0.044111111111111115
5 0.691734375 0.16593055555555555 0.00475 0.012069444444444443
5 0.7019140625 0.16844444444444445 0.0075703125 0.012069444444444443
5 0.7131328124999999 0.16911111111111113 0.0049765625 0.02123611111111111
3 0.7122109375 0.18259722222222222 0.005890625 0.015527777777777777
4 0.6968203125 0.1845277777777778 0.025109375 0.02715277777777778
5 0.619765625 0.19206944444444443 0.0107109375 0.04826388888888889
1 0.7424296874999999 0.19430555555555556 0.021953125 0.030194444444444444
1 0.782515625 0.19730555555555557 0.040999999999999995 0.03676388888888889
5 0.5430625 0.2704722222222222 0.02225 0.05618055555555556
5 0.609671875 0.27652777777777776 0.014171875 0.09915277777777778
5 0.577453125 0.27818055555555554 0.015421874999999998 0.09805555555555555
5 0.5938671875 0.2858888888888889 0.0135546875 0.1068611111111111
3 0.542 0.3175277777777778 0.0197890625 0.04676388888888889
5 0.8240624999999999 0.48420833333333335 0.041671875000000004 0.15534722222222222
5 0.8578281249999999 0.4908194444444444 0.032390625 0.15534722222222222
3 0.80546875 0.5562777777777778 0.12130468750000001 0.1490277777777778
5 0.7177890625 0.5894166666666667 0.0444921875 0.13881944444444444