4 0.124203125 0.20653703703703705 0.0296875 0.07093518518518518
4 0.19317708333333333 0.24153703703703705 0.076453125 0.14372222222222222
5 0.10842708333333334 0.2577685185185185 0.026302083333333334 0.11683333333333334
4 0.32526041666666666 0.2818703703703704 0.11625520833333333 0.23273148148148148
5 0.177265625 0.2860462962962963 0.0195 0.08437962962962962
5 0.463484375 0.29157407407407404 0.033359375 0.10008333333333333
5 0.420921875 0.2922037037037037 0.02775 0.10693518518518517
3 0.46464062500000003 0.3254537037037037 0.045578125000000004 0.07974074074074075
3 0.5754895833333333 0.328537037037037 0.055859375 0.08630555555555555
3 0.6177291666666667 0.3428333333333333 0.0445625 0.09133333333333334
3 0.6335052083333333 0.3460833333333333 0.04533854166666666 0.09689814814814815
3 0.6573645833333334 0.35465740740740737 0.050807291666666664 0.10106481481481482
3 0.678359375 0.365787037037037 0.06150520833333333 0.09642592592592593
3 0.7166979166666666 0.39012037037037034 0.059953125 0.10431481481481482
3 0.7511145833333334 0.3980092592592593 0.06045833333333333 0.11265740740740741
5 0.94721875 0.40217592592592594 0.03750520833333334 0.10709259259259259
5 0.791140625 0.41700925925925925 0.028374999999999997 0.08205555555555556
3 0.8302864583333334 0.4337314814814815 0.0668125 0.11177777777777778
5 0.8910312499999999 0.45859259259259255 0.037473958333333335 0.09468518518518519
3 0.9591614583333333 0.48585185185185187 0.061348958333333335 0.14403703703703705
3 0.9950052083333334 0.5324537037037037 0.009989583333333333 0.09503703703703703