5 0.717171875 0.09673148148148147 0.011296875000000001 0.044703703703703704
3 0.7062135416666667 0.11541666666666667 0.021510416666666664 0.023240740740740742
5 0.7061458333333334 0.11852777777777777 0.011093750000000001 0.07217592592592594
0 0.6697395833333334 0.12598148148148147 0.04839583333333333 0.07553703703703704
5 0.6928541666666667 0.1326388888888889 0.017901041666666666 0.08134259259259259
0 0.7550156250000001 0.13628703703703704 0.034270833333333334 0.0879074074074074
5 0.7218072916666666 0.1377685185185185 0.0115 0.05056481481481481
5 0.6748229166666667 0.14069444444444443 0.012755208333333332 0.0600925925925926
5 0.644015625 0.14380555555555555 0.010911458333333334 0.05312962962962963
3 0.73059375 0.15708333333333332 0.009083333333333334 0.03136111111111111
5 0.7507552083333333 0.15791666666666668 0.011697916666666667 0.04616666666666667
3 0.6348541666666667 0.16211111111111112 0.021171875 0.029203703703703704
3 0.6107916666666667 0.16815740740740742 0.019479166666666665 0.025175925925925928
5 0.6241302083333333 0.17385185185185184 0.0160625 0.08976851851851853
3 0.7133177083333333 0.1774722222222222 0.03481770833333333 0.015685185185185187
3 0.7519791666666666 0.18243518518518517 0.029510416666666664 0.018814814814814815
5 0.6903802083333334 0.18869444444444444 0.012953125000000001 0.04836111111111111
3 0.6069687500000001 0.1890462962962963 0.022598958333333332 0.030712962962962966
3 0.5976250000000001 0.19635185185185186 0.019770833333333335 0.035240740740740746
3 0.7289010416666667 0.19760185185185186 0.02834375 0.02352777777777778
5 0.5705520833333334 0.20047222222222222 0.015375 0.08061111111111112
3 0.593234375 0.20314814814814816 0.017791666666666664 0.022657407407407407
3 0.49628125 0.2037037037037037 0.035250000000000004 0.06712962962962964
5 0.6793541666666666 0.21196296296296296 0.01686979166666667 0.08390740740740742
5 0.6472083333333334 0.21337037037037038 0.01853125 0.11312037037037037
3 0.5830416666666667 0.21523148148148147 0.020057291666666664 0.043805555555555556
5 0.5275989583333334 0.21691666666666667 0.013005208333333332 0.0647037037037037
3 0.705453125 0.2190277777777778 0.028203125 0.032407407407407406
5 0.6579270833333334 0.22239814814814815 0.0189375 0.10332407407407408
3 0.5567083333333334 0.2250925925925926 0.025166666666666667 0.061518518518518514
1 0.7311927083333334 0.2381574074074074 0.09679166666666666 0.06975925925925926
3 0.5497656249999999 0.2423611111111111 0.026010416666666664 0.05275
3 0.536953125 0.25026851851851856 0.03096875 0.051444444444444445
3 0.5172760416666666 0.2580740740740741 0.042354166666666665 0.07147222222222221
3 0.42006770833333335 0.26885185185185184 0.028281249999999997 0.03423148148148148
3 0.5557031250000001 0.26960185185185187 0.013661458333333333 0.0035277777777777777
3 0.49694791666666666 0.27228703703703705 0.03647916666666667 0.052203703703703704
5 0.3733958333333333 0.2784351851851852 0.022020833333333333 0.10288888888888889
3 0.4733385416666666 0.2851296296296296 0.04629166666666666 0.05834259259259259
3 0.4116145833333333 0.2888148148148148 0.047447916666666666 0.06710185185185186
3 0.4497552083333333 0.3086481481481481 0.045328125000000004 0.06549074074074074
5 0.5204375 0.3129166666666667 0.024942708333333334 0.08698148148148148
1 0.6967031250000001 0.3166296296296296 0.17311979166666666 0.09482407407407407
1 0.6703229166666667 0.42387962962962966 0.227421875 0.21171296296296296
1 0.4888125 0.4449722222222222 0.15619270833333332 0.20472222222222222
5 0.5326666666666667 0.4555833333333333 0.036270833333333335 0.19835185185185186
5 0.38413020833333333 0.46087962962962964 0.03991145833333333 0.20047222222222222
3 0.238109375 0.46807407407407403 0.04101041666666667 0.09242592592592593
3 0.21841666666666668 0.48407407407407405 0.040468750000000005 0.09139814814814815
5 0.44080208333333337 0.4900555555555555 0.044661458333333334 0.20577777777777778
3 0.19761458333333334 0.492425925925926 0.04510416666666666 0.10428703703703704
5 0.22240104166666666 0.4954259259259259 0.035770833333333335 0.1636388888888889
3 0.18150000000000002 0.5105648148148147 0.043333333333333335 0.10328703703703704
3 0.16269791666666666 0.5323055555555556 0.04288541666666667 0.09539814814814815
3 0.13907291666666666 0.5486481481481481 0.050458333333333334 0.10950925925925925
3 0.121296875 0.5749814814814815 0.05115104166666666 0.09887037037037037
3 0.101765625 0.5893981481481481 0.048854166666666664 0.11182407407407408
3 0.082125 0.6055925925925926 0.04905729166666666 0.1063148148148148
3 0.06433333333333333 0.6175555555555556 0.045947916666666665 0.11175925925925927
3 0.041317708333333335 0.6455740740740741 0.036161458333333334 0.11938888888888889
3 0.02569270833333333 0.6655 0.038421875 0.10743518518518519
5 0.7524062499999999 0.06869444444444445 0.005098958333333333 0.023083333333333334
3 0.010208333333333335 0.6962222222222222 0.02041666666666667 0.09383333333333334
3 0.09028645833333333 0.7026018518518518 0.0004427083333333333 0.0015
5 0.7422083333333334 0.07273148148148148 0.006546875 0.02675
1 0.6501874999999999 0.7748611111111111 0.36319270833333334 0.41898148148148145
5 0.7477708333333334 0.08207407407407408 0.008192708333333333 0.028583333333333336
5 0.73334375 0.09031481481481482 0.011494791666666667 0.045064814814814814