5 0.7204895833333332 0.1297037037037037 0.015723958333333333 0.06987962962962962
5 0.7069166666666666 0.13385185185185186 0.014812500000000001 0.08370370370370371
0 0.6698125 0.13571296296296295 0.05013541666666667 0.09426851851851852
0 0.7545729166666667 0.13774074074074072 0.036895833333333336 0.08207407407407408
5 0.6671250000000001 0.1403888888888889 0.015286458333333334 0.05655555555555555
5 0.6515677083333333 0.14138888888888887 0.009317708333333334 0.04399074074074074
5 0.66175 0.14704629629629629 0.0090625 0.04474074074074074
3 0.7271770833333334 0.16424074074074074 0.018333333333333333 0.046037037037037036
3 0.63346875 0.16424999999999998 0.030796875 0.050555555555555555
3 0.7421302083333334 0.1828611111111111 0.0456875 0.039462962962962964
3 0.48663020833333337 0.19624074074074074 0.028614583333333332 0.033435185185185186
5 0.6710729166666667 0.19744444444444445 0.02032291666666667 0.05957407407407408
5 0.6515625 0.20008333333333334 0.018635416666666668 0.07138888888888888
3 0.5822864583333334 0.2061111111111111 0.039322916666666666 0.04022222222222222
3 0.5745104166666667 0.21139814814814814 0.03391145833333333 0.038203703703703705
3 0.4967552083333333 0.2137314814814815 0.032078125 0.056074074074074075
3 0.6747604166666666 0.21566666666666665 0.033380208333333335 0.037203703703703704
3 0.6975885416666666 0.21968518518518518 0.053885416666666665 0.056805555555555554
3 0.5532343750000001 0.2215740740740741 0.03264583333333333 0.04800925925925926
3 0.5403645833333334 0.23992592592592593 0.043958333333333335 0.04901851851851852
1 0.7310312499999999 0.24826851851851853 0.10134895833333334 0.07232407407407407
3 0.5184427083333333 0.26229629629629625 0.04027083333333333 0.06510185185185186
3 0.4959635416666667 0.2796388888888889 0.040828125 0.05856481481481481
3 0.4116927083333334 0.28175 0.049041666666666664 0.07142592592592592
3 0.4726354166666667 0.2896944444444444 0.04196875 0.06661111111111111
1 0.6053385416666667 0.29864814814814816 0.148921875 0.14384259259259258
3 0.463234375 0.30150925925925925 0.04494270833333334 0.06007407407407407
1 0.695375 0.3116574074074074 0.17448958333333334 0.10808333333333334
3 0.42725 0.3263888888888889 0.04677083333333333 0.06007407407407407
1 0.6692760416666667 0.43 0.23130208333333335 0.2348888888888889
1 0.4887916666666667 0.44899074074074075 0.15901041666666668 0.20560185185185187
3 0.23459895833333333 0.4694166666666667 0.047755208333333334 0.07817592592592593
3 0.21494791666666666 0.48160185185185184 0.04380208333333333 0.08496296296296296
3 0.20321354166666666 0.5024722222222222 0.054265625 0.07490740740740741
3 0.18369791666666666 0.5254722222222222 0.04096875 0.07616666666666667
3 0.163765625 0.5381666666666667 0.04154166666666667 0.07741666666666666
3 0.13986458333333335 0.5592777777777778 0.046906250000000003 0.08697222222222223
3 0.122546875 0.5810185185185185 0.04903125 0.07364814814814816
3 0.10332291666666667 0.6007499999999999 0.04761979166666667 0.08948148148148148
3 0.08275 0.617212962962963 0.04663541666666667 0.07968518518518519
3 0.06670833333333334 0.6304074074074074 0.041124999999999995 0.08194444444444444
1 0.3293802083333333 0.6327962962962963 0.21690625 0.27166666666666667
3 0.04288020833333333 0.6551666666666667 0.03278125 0.09175
3 0.024572916666666667 0.6688703703703703 0.038296875 0.09551851851851852
3 0.008578124999999999 0.7059444444444444 0.017161458333333334 0.07616666666666667
3 0.7307291666666667 0.07352777777777778 0.021958333333333333 0.012083333333333335
5 0.013109375000000001 0.7366759259259259 0.026218750000000002 0.0934537037037037
1 0.6460052083333333 0.7801481481481481 0.350734375 0.4058888888888889
3 0.722125 0.08749074074074073 0.02540104166666667 0.010518518518518517
3 0.7159479166666666 0.0885925925925926 0.029109375 0.013342592592592593