5 0.7422890625 0.16543055555555555 0.0037421875 0.011166666666666665
5 0.7468203124999999 0.1701388888888889 0.002765625 0.01513888888888889
5 0.7512890624999999 0.17076388888888888 0.0030390625 0.017875
5 0.7258125 0.172125 0.0031875000000000002 0.017625
5 0.7551328125000001 0.172375 0.0026171875 0.02059722222222222
5 0.6714765625 0.1848888888888889 0.0087421875 0.02488888888888889
2 0.7158359375 0.18688888888888888 0.0172890625 0.03872222222222222
5 0.7453046875 0.19406944444444443 0.006828125 0.03744444444444445
1 0.78171875 0.19719444444444442 0.041835937499999996 0.034
3 0.670828125 0.20572222222222222 0.006140625 0.015625
5 0.60575 0.29662499999999997 0.023195312500000002 0.09325
5 0.7723795688058553 0.3680555555555556 0.7305425193297027 0.37003968253968256 0.7316581739824001 0.4652777777777778 0.7478351664465125 0.46626984126984133 0.7478351664465125 0.4345238095238096 0.7578760583207891 0.4216269841269842 0.7495086484255585 0.4087301587301588 0.7550869216890457 0.39781746031746035 0.7606651949525325 0.4107142857142858
5 0.6559609375 0.4305555555555556 0.034335937500000004 0.19444444444444445
5 0.383140625 0.6498055555555555 0.0492578125 0.1289722222222222
5 0.3407265625 0.6547638888888889 0.037796875 0.10318055555555557