5 0.8499609375 0.3064236111111111 0.00843359375 0.024305555555555556
5 0.9137421874999999 0.31319444444444444 0.006988281250000001 0.04027777777777778
5 0.8586210937500001 0.3237847222222222 0.0095078125 0.06076388888888889
5 0.8464140625000001 0.3550347222222222 0.01439453125 0.07465277777777778
5 0.7595195312499999 0.3611111111111111 0.01681640625 0.09375
5 0.7922265625 0.3689236111111111 0.021249999999999998 0.08854166666666667
5 0.7722109374999999 0.3706597222222222 0.014421875 0.08506944444444445
5 0.8635039062500001 0.3776041666666667 0.0114609375 0.036458333333333336
5 0.605796875 0.4409722222222222 0.025761718750000002 0.13657638888888887
5 0.6665078125 0.4444444444444444 0.03473828125 0.14583333333333334
5 0.5719531250000001 0.4652777777777778 0.02108984375 0.16203472222222223
5 0.588875 0.4652777777777778 0.0205625 0.16203472222222223
5 0.70539453125 0.47685416666666663 0.0380625 0.15740972222222221
4 0.13902343749999999 0.5665486111111111 0.27804687499999997 0.3761597222222222
5 0.40792578125 0.6435208333333333 0.0522734375 0.2129652777777778
1 0.56428515625 0.6805555555555556 0.3042578125 0.2847222222222222