3 0.72337109375 0.07180555555555555 0.02712890625 0.020041666666666666
3 0.7965546875 0.07200694444444444 0.008402343750000001 0.014576388888888887
5 0.7609375 0.0755625 0.009273437499999999 0.034229166666666665
1 0.8083710937499999 0.07565277777777778 0.0209375 0.01586111111111111
3 0.71844140625 0.08725 0.02290625 0.01586111111111111
1 0.83548828125 0.0915138888888889 0.02165234375 0.013284722222222222
5 0.69989453125 0.09225694444444445 0.0064765625 0.022541666666666668
5 0.69026953125 0.09643750000000001 0.00507421875 0.024215277777777777
3 0.717265625 0.09727083333333333 0.0224375 0.01586111111111111
1 0.8509179687499999 0.10201388888888889 0.03900390625 0.03171527777777778
1 0.8096953125 0.10351388888888889 0.019734375000000002 0.03729166666666667
3 0.7250156249999999 0.10770833333333332 0.0106953125 0.021708333333333333
3 0.671484375 0.11480555555555555 0.0172890625 0.012520833333333333
3 0.6672578125 0.12190277777777778 0.025742187500000003 0.020041666666666666
4 0.75858984375 0.12797916666666667 0.041769531250000005 0.10250694444444446
1 0.8700820312499999 0.12880555555555556 0.03779296875 0.02271527777777778
3 0.6592734375 0.13525694444444444 0.034195312500000005 0.035069444444444445
1 0.6177265625 0.1669861111111111 0.07613671875 0.065125
4 0.720703125 0.1927708333333333 0.11536328124999999 0.17278472222222221
2 0.8065585937499999 0.032576388888888884 0.014421875 0.01886111111111111
0 0.82138671875 0.03900694444444445 0.011285156250000001 0.012861111111111111
5 0.81716796875 0.045861111111111116 0.00333203125 0.012861111111111111
5 0.82198828125 0.04822222222222222 0.0038125 0.00986111111111111
5 0.82061328125 0.5162013888888889 0.0472109375 0.125
0 0.781609375 0.052506944444444446 0.0132265625 0.03300694444444444
5 0.77373828125 0.5243055555555556 0.049140625 0.10416666666666667
5 0.7975195312500001 0.05529166666666667 0.00647265625 0.01971527777777778
0 0.8293437499999999 0.05722222222222222 0.01369921875 0.01586111111111111
5 0.750375 0.06429166666666666 0.006929687499999999 0.023374999999999996
3 0.7290078125 0.06679166666666667 0.016796875 0.015027777777777779
5 0.773171875 0.0694375 0.00455078125 0.03686111111111111