5 0.14747395833333332 0.21152777777777776 0.009088541666666667 0.041935185185185186
5 0.24906770833333333 0.23985185185185187 0.011140625 0.03237037037037037
5 0.271828125 0.24279629629629632 0.012786458333333334 0.04855555555555555
3 0.27223958333333337 0.27038888888888885 0.016927083333333332 0.03163888888888889
1 0.3885052083333333 0.2743333333333333 0.07022916666666666 0.09873148148148148
4 0.32602083333333337 0.27885185185185185 0.10296875 0.24132407407407408
3 0.25072395833333333 0.2814259259259259 0.007005208333333333 0.03311111111111111
5 0.23044791666666667 0.2998148148148148 0.016114583333333335 0.11550925925925926
3 0.5569895833333334 0.31642592592592594 0.03133854166666667 0.06602777777777778
5 0.6089739583333333 0.3194722222222222 0.024463541666666665 0.1513611111111111
3 0.5706979166666667 0.321 0.024479166666666666 0.060953703703703704
5 0.39238541666666665 0.3268240740740741 0.025958333333333337 0.13373148148148148
3 0.5866979166666667 0.33725 0.024468749999999997 0.06500925925925925
3 0.6383958333333334 0.3443611111111111 0.027307291666666667 0.0670462962962963
5 0.45741145833333335 0.34994444444444445 0.030171875 0.16122222222222224
3 0.6592447916666667 0.36112037037037037 0.03815104166666667 0.07415740740740741
3 0.6860989583333333 0.3799166666666667 0.039281250000000004 0.0772037037037037
3 0.7186614583333333 0.38449074074074074 0.04955208333333334 0.07618518518518519
3 0.7429375 0.39921296296296294 0.047828125 0.08736111111111111
3 0.768359375 0.41394444444444445 0.05067708333333333 0.08837962962962963
3 0.7995260416666666 0.42512037037037037 0.0444375 0.09040740740740741
3 0.825515625 0.43883333333333335 0.042708333333333334 0.10361111111111111
3 0.8483697916666666 0.4500092592592593 0.04727083333333334 0.10158333333333333
3 0.8792395833333334 0.45762962962962966 0.03930208333333333 0.10665740740740741
3 0.8986666666666667 0.47590740740740745 0.03015625 0.10665740740740741
3 0.9206614583333333 0.4815 0.027291666666666665 0.1340925925925926
3 0.9460833333333334 0.48861111111111116 0.025567708333333335 0.1340925925925926
3 0.9720885416666667 0.5048611111111111 0.0204375 0.13205555555555556