4 0.621390625 0.2616666666666667 0.03509895833333333 0.06502777777777778
5 0.6370520833333334 0.2968796296296296 0.010270833333333333 0.042138888888888885
5 0.6987447916666666 0.30264814814814817 0.00690625 0.016444444444444446
5 0.7038333333333333 0.3085462962962963 0.008046875 0.027194444444444445
5 0.6974479166666666 0.3234166666666667 0.005880208333333333 0.020074074074074074
2 0.5575052083333334 0.3242037037037037 0.069140625 0.03890740740740741
5 0.6906666666666667 0.3254814814814815 0.010588541666666666 0.05488888888888889
5 0.6512760416666666 0.33785185185185185 0.010822916666666666 0.07072222222222221
5 0.6302760416666667 0.36180555555555555 0.021281249999999998 0.08295370370370371
5 0.7274062499999999 0.3765 0.0651875 0.11355555555555556
3 0.5977760416666666 0.40508333333333335 0.05015625 0.13374074074074074
3 0.7639322916666667 0.42742592592592593 0.061161458333333335 0.03064814814814815
3 0.7664479166666667 0.4327222222222222 0.05383333333333333 0.034527777777777775
3 0.7672708333333333 0.45165740740740745 0.062328125 0.05590740740740741
3 0.7818020833333333 0.45225 0.06314583333333333 0.03754629629629629
3 0.5715312499999999 0.45423148148148146 0.050291666666666665 0.06541666666666668
3 0.7798958333333333 0.46475 0.07351041666666666 0.058138888888888886
3 0.7871979166666667 0.48438888888888887 0.08893229166666666 0.04008333333333333
3 0.5539270833333333 0.4869351851851852 0.07427604166666667 0.08073148148148147
3 0.8002812499999999 0.4943518518518518 0.08028125 0.04616666666666667
3 0.90428125 0.5051018518518519 0.0015885416666666665 0.0002777777777777778
3 0.8383541666666667 0.518787037037037 0.07689583333333333 0.06075
3 0.8474010416666666 0.5208981481481482 0.079671875 0.05649074074074074
3 0.549125 0.5306851851851851 0.08545312499999999 0.11247222222222222
3 0.7801354166666666 0.5518611111111111 0.0691875 0.08779629629629629
3 0.5369583333333333 0.5591203703703704 0.09882291666666668 0.10921296296296297
3 0.8761875 0.5594444444444445 0.07870312500000001 0.0645
3 0.79853125 0.5655648148148148 0.07231770833333333 0.06939814814814815
3 0.47733333333333333 0.5741666666666667 0.10359895833333334 0.12552777777777777
3 0.8808177083333334 0.5868611111111111 0.068078125 0.06837962962962962
3 0.45559895833333336 0.5992222222222222 0.10699479166666667 0.13241666666666665
3 0.9225625 0.6217962962962963 0.06736979166666666 0.08569444444444445
3 0.8135781249999999 0.6326481481481482 0.09428645833333334 0.11978703703703704
3 0.4256197916666667 0.6483055555555555 0.12283333333333334 0.2175
3 0.8553958333333332 0.6493981481481482 0.09805729166666667 0.11930555555555555
3 0.4369270833333333 0.6578055555555555 0.11779166666666667 0.12673148148148147
3 0.02355208333333333 0.6617962962962963 0.047098958333333336 0.15400925925925926
3 0.963921875 0.6665462962962962 0.07215624999999999 0.11169444444444444
3 0.866265625 0.669175925925926 0.09920833333333333 0.08621296296296296
3 0.36122916666666666 0.6877037037037037 0.13590625 0.17168518518518516
3 0.87178125 0.694574074074074 0.11023958333333334 0.04402777777777778
3 0.8743229166666667 0.7090833333333333 0.12803645833333335 0.0774074074074074
3 0.9802604166666666 0.7628888888888888 0.03947916666666666 0.09187962962962963
3 0.8746510416666666 0.792712962962963 0.146296875 0.16666666666666666
3 0.9766822916666666 0.8022314814814815 0.04430208333333333 0.08518518518518518
3 0.9858697916666667 0.8278981481481481 0.024625 0.061250000000000006
3 0.8715625 0.9131018518518518 0.08958854166666666 0.14279629629629628