3 0.7267604166666667 0.950537037037037 0.059333333333333335 0.09891666666666667
5 0.6453020833333334 0.24365740740740738 0.0031666666666666666 0.00712962962962963
5 0.64259375 0.24564814814814817 0.0024427083333333336 0.0061111111111111106
5 0.64634375 0.2505555555555556 0.002958333333333333 0.00962962962962963
1 0.64671875 0.2595 0.0036822916666666666 0.007620370370370371
5 0.6411874999999999 0.26234259259259257 0.0025468749999999997 0.029324074074074075
5 0.6245625 0.2910740740740741 0.008942708333333334 0.03665740740740741
5 0.64140625 0.2924351851851852 0.005588541666666667 0.04012037037037037
1 0.5422552083333334 0.3051388888888889 0.032088541666666665 0.009259259259259259
3 0.701703125 0.30534259259259255 0.010005208333333333 0.014027777777777778
5 0.662234375 0.30594444444444446 0.005578125000000001 0.034722222222222224
5 0.6859322916666667 0.3219722222222222 0.0059947916666666665 0.041249999999999995
5 0.6932708333333333 0.3228148148148148 0.005515625 0.032824074074074075
3 0.7037604166666667 0.32455555555555554 0.014119791666666666 0.01951851851851852
1 0.5361041666666666 0.32660185185185187 0.030197916666666665 0.02862037037037037
1 0.6091822916666667 0.33431481481481484 0.029078125 0.060555555555555564
5 0.6679427083333334 0.3358611111111111 0.007895833333333333 0.06397222222222222
5 0.6793020833333333 0.3472222222222222 0.007890625 0.06144444444444445
5 0.6286510416666666 0.35100925925925924 0.007911458333333333 0.07912037037037037
5 0.7807135416666667 0.3512777777777778 0.007578125000000001 0.056712962962962965
5 0.6381197916666667 0.3547962962962963 0.006958333333333333 0.06818518518518518
3 0.6065989583333333 0.35648148148148145 0.009921875 0.013888888888888888
5 0.6461666666666667 0.35774074074074075 0.0044062500000000004 0.07407407407407407
0 0.575390625 0.35900925925925925 0.04154166666666667 0.05808333333333333
5 0.6947135416666667 0.36265740740740743 0.010005208333333333 0.022842592592592595
3 0.60171875 0.3912037037037037 0.007651041666666666 0.03935185185185185
0 0.7231614583333333 0.39981481481481485 0.03875 0.12235185185185184
3 0.5675416666666667 0.40046296296296297 0.009619791666666665 0.02546296296296296
3 0.5620104166666666 0.41087962962962965 0.006364583333333334 0.013888888888888888
5 0.5864166666666667 0.4218796296296296 0.016119791666666668 0.06365740740740741
5 0.686640625 0.42550925925925925 0.018776041666666667 0.09512037037037037
3 0.5642864583333334 0.42939814814814814 0.008317708333333333 0.013888888888888888
3 0.7555729166666667 0.43977777777777777 0.01617708333333333 0.018000000000000002
5 0.7390572916666667 0.44155555555555553 0.016708333333333332 0.1076388888888889
5 0.7767916666666667 0.4417407407407407 0.010739583333333334 0.03317592592592592
3 0.79715625 0.44512962962962965 0.01546875 0.014148148148148148
3 0.5623333333333334 0.44675925925925924 0.014828125 0.009259259259259259
5 0.6170104166666667 0.44675925925925924 0.017411458333333334 0.12962962962962962
5 0.7413385416666666 0.4513888888888889 0.001734375 0.004629629629629629
5 0.77071875 0.45949074074074076 0.01768229166666667 0.04552777777777778
3 0.8004114583333333 0.46335185185185185 0.018604166666666665 0.026574074074074073
3 0.5773020833333333 0.4635462962962963 0.051270833333333335 0.017361111111111112
3 0.5493125 0.4849537037037037 0.059093749999999994 0.011574074074074073
5 0.7338489583333333 0.4861111111111111 0.007598958333333333 0.1527777777777778
3 0.7980052083333333 0.4918518518518519 0.03161979166666667 0.027
5 0.764640625 0.49421296296296297 0.010744791666666666 0.08719444444444445
3 0.8057291666666667 0.502787037037037 0.054265625 0.033435185185185186
3 0.5480104166666667 0.5098425925925926 0.07732291666666667 0.02199074074074074
3 0.8377916666666666 0.5207870370370371 0.0668125 0.023148148148148147
3 0.49952083333333336 0.5277777777777778 0.025921875 0.032407407407407406
3 0.8462291666666667 0.535787037037037 0.077421875 0.03172222222222222
3 0.44158854166666667 0.5561388888888888 0.025942708333333335 0.03356481481481482
3 0.8610416666666667 0.5572222222222222 0.063109375 0.025722222222222223
3 0.7931666666666667 0.5597407407407408 0.048015625 0.06283333333333334
3 0.750796875 0.5722499999999999 0.029156249999999998 0.09517592592592593
3 0.8728645833333334 0.5750092592592593 0.07526041666666666 0.021
3 0.41783333333333333 0.5752314814814815 0.022697916666666665 0.037037037037037035
3 0.8803125 0.5969537037037037 0.06925520833333333 0.022574074074074073
3 0.399609375 0.6012777777777778 0.0175 0.019675925925925927
3 0.8099635416666667 0.6125185185185185 0.08503645833333334 0.06100925925925926
3 0.9201145833333333 0.6192222222222222 0.0644375 0.045148148148148146
3 0.38057812500000004 0.6354166666666666 0.03366145833333333 0.03009259259259259
3 0.7494062499999999 0.6546111111111111 0.07579166666666667 0.12201851851851853
3 0.8501041666666667 0.6564444444444445 0.08227604166666666 0.0427037037037037
3 0.9612864583333334 0.6628425925925926 0.07197395833333334 0.05551851851851852
3 0.021718750000000002 0.6678240740740741 0.043437500000000004 0.14583333333333334
3 0.8204270833333334 0.6881666666666667 0.08125520833333333 0.0305
3 0.8857916666666666 0.6906018518518519 0.06236458333333333 0.05368518518518518
3 0.9703802083333334 0.7073796296296296 0.05790104166666667 0.03599074074074074
3 0.35077604166666665 0.7093611111111111 0.10425520833333332 0.13217592592592592
3 0.82196875 0.7101296296296297 0.10561979166666666 0.05734259259259259
3 0.9818697916666667 0.7506944444444444 0.036265624999999996 0.03843518518518518
3 0.8670885416666666 0.7592407407407408 0.10388541666666667 0.054296296296296294
2 0.5531041666666667 0.7592592592592593 0.314 0.48148148148148145
3 0.9534010416666666 0.762287037037037 0.017765625 0.08846296296296297
3 0.9817031249999999 0.8034722222222223 0.03594270833333334 0.0695462962962963
3 0.8650260416666666 0.8382407407407407 0.12447395833333334 0.08907407407407408
3 0.7627968749999999 0.8528796296296296 0.058020833333333334 0.2489074074074074
3 0.8787552083333333 0.8797314814814815 0.07437500000000001 0.05978703703703703
3 0.8274635416666667 0.8852222222222222 0.04591666666666667 0.09150925925925926