3 0.7191614583333333 0.1029074074074074 0.02527604166666667 0.033249999999999995
3 0.71371875 0.11152777777777778 0.022911458333333336 0.037879629629629624
3 0.7074479166666666 0.11511111111111111 0.02078645833333333 0.035777777777777776
3 0.699875 0.12374074074074073 0.017 0.03956481481481481
0 0.6696927083333333 0.13117592592592592 0.0519375 0.08333333333333333
0 0.753015625 0.1388888888888889 0.034541666666666665 0.08641666666666667
3 0.718484375 0.167287037037037 0.031161458333333333 0.03456481481481481
1 0.5912604166666667 0.17695370370370372 0.121921875 0.10493518518518519
3 0.7499010416666666 0.17808333333333334 0.03913020833333333 0.024074074074074074
3 0.7321927083333333 0.18055555555555555 0.032197916666666666 0.025305555555555553
3 0.4917552083333333 0.1836388888888889 0.015505208333333333 0.04012037037037037
3 0.71865625 0.19289814814814815 0.04886458333333333 0.022842592592592595
5 0.63078125 0.1957037037037037 0.015958333333333335 0.08164814814814815
3 0.6742239583333334 0.2064814814814815 0.015557291666666667 0.052472222222222226
3 0.7252500000000001 0.2074074074074074 0.04608333333333334 0.037037037037037035
3 0.6507916666666667 0.207712962962963 0.015911458333333333 0.048768518518518524
3 0.6811614583333333 0.22407407407407406 0.03985416666666666 0.03333333333333333
3 0.4038125 0.26851851851851855 0.016697916666666666 0.05555555555555555
2 0.46310416666666665 0.27469444444444446 0.10982291666666667 0.14403703703703705
5 0.5228489583333333 0.29587962962962966 0.028307291666666668 0.12374074074074073
5 0.5671093749999999 0.3223888888888889 0.027817708333333333 0.13299999999999998
2 0.6821197916666667 0.32922222222222225 0.196 0.2078148148148148
5 0.24615625 0.38227777777777777 0.024520833333333332 0.0661388888888889
5 0.22867708333333334 0.4318796296296296 0.02080729166666667 0.08333333333333333
5 0.25657291666666665 0.43584259259259256 0.023026041666666667 0.046296296296296294
5 0.202265625 0.4596574074074074 0.023046875 0.12037037037037036
3 0.20560416666666667 0.4806388888888889 0.037760416666666664 0.0656574074074074
3 0.15992187500000002 0.5126296296296297 0.04014583333333333 0.09090740740740741
5 0.09092708333333334 0.5416666666666666 0.0376875 0.12037037037037036
3 0.12441666666666666 0.5555555555555556 0.034479166666666665 0.12625925925925927
1 0.29184375 0.5601851851851852 0.249734375 0.2222222222222222
5 0.05968229166666667 0.5810185185185185 0.045510416666666664 0.14351851851851852
3 0.035421875000000005 0.6207870370370371 0.016526041666666668 0.06986111111111111
3 0.5319635416666667 0.6320092592592593 0.12517187500000002 0.15278703703703703
5 0.025953125 0.6561481481481481 0.032625 0.0900648148148148
3 0.73425 0.06857407407407408 0.007442708333333333 0.011000000000000001
3 0.6517499999999999 0.7124259259259259 0.15509895833333334 0.17278703703703704
3 0.04606770833333333 0.7204537037037038 0.081375 0.09746296296296297
3 0.729609375 0.07581481481481481 0.008583333333333333 0.017361111111111112
3 0.7195208333333334 0.08087037037037037 0.008588541666666666 0.02112037037037037