5 0.7132395833333334 0.2824074074074074 0.003916666666666666 0.017805555555555557
5 0.704828125 0.28525925925925927 0.003921875 0.020657407407407406
5 0.7002239583333334 0.30092592592592593 0.005125 0.0235
5 0.649234375 0.30266666666666664 0.011536458333333333 0.04976851851851852
5 0.7130208333333333 0.30498148148148146 0.008906250000000001 0.017361111111111112
5 0.6918697916666667 0.30671296296296297 0.005661458333333333 0.023148148148148147
2 0.5558125 0.31516666666666665 0.07207812499999999 0.07336111111111111
5 0.6964166666666666 0.3222962962962963 0.007130208333333333 0.024925925925925928
0 0.6667708333333333 0.3522037037037037 0.035984375 0.09757407407407406
0 0.5756458333333333 0.3678796296296296 0.04683333333333333 0.09473148148148149
1 0.72665625 0.3717962962962963 0.05798958333333334 0.1111111111111111
5 0.6420729166666667 0.3732685185185185 0.020656249999999998 0.08449074074074074
5 0.664203125 0.3900462962962963 0.01153125 0.09722222222222222
5 0.6843802083333334 0.39467592592592593 0.01803125 0.09722222222222222
0 0.5944687500000001 0.41310185185185183 0.049229166666666664 0.14102777777777778
3 0.7598229166666666 0.43363888888888885 0.04716666666666667 0.025305555555555553
3 0.7650260416666667 0.44907407407407407 0.04855729166666667 0.03395370370370371
3 0.773359375 0.46358333333333335 0.053411458333333335 0.028398148148148148
3 0.58203125 0.4651018518518519 0.05640104166666667 0.047009259259259265
3 0.7742239583333334 0.4790092592592593 0.06208854166666666 0.03086111111111111
3 0.549984375 0.486462962962963 0.06922916666666666 0.02563888888888889
3 0.7960989583333333 0.5018518518518519 0.05722395833333334 0.03333333333333333
3 0.7580885416666666 0.5024722222222222 0.024953125 0.038268518518518514
3 0.5453749999999999 0.5060555555555555 0.082453125 0.043444444444444445
3 0.8306354166666666 0.5237685185185185 0.06380208333333333 0.06111111111111111
3 0.542171875 0.527425925925926 0.08966145833333333 0.04772222222222222
3 0.7704062500000001 0.5370370370370371 0.046125 0.06296296296296296
3 0.8601458333333334 0.554324074074074 0.06240104166666667 0.027157407407407404
3 0.5345572916666667 0.5605370370370371 0.09607291666666667 0.07264814814814814
5 0.027786458333333333 0.5659722222222222 0.015677083333333335 0.06712962962962964
3 0.7952291666666667 0.5675925925925925 0.05618229166666667 0.06728703703703703
3 0.47788020833333333 0.5722962962962963 0.08848958333333333 0.06481481481481481
3 0.8665677083333333 0.575925925925926 0.06413541666666667 0.04197222222222222
3 0.8749010416666666 0.5944444444444444 0.058578125 0.05185185185185185
3 0.45684895833333333 0.5997129629629631 0.10011458333333333 0.08119444444444444
3 0.9266875 0.6189814814814815 0.056130208333333334 0.03796296296296296
3 0.81015625 0.6200648148148148 0.07353125 0.08456481481481481
3 0.44283333333333336 0.6392407407407408 0.09611458333333332 0.06338888888888888
3 0.956109375 0.6583333333333333 0.06601041666666667 0.06481481481481481
3 0.851984375 0.6592592592592592 0.09260937500000001 0.08148148148148149
3 0.01846354166666667 0.6701388888888888 0.03692708333333334 0.14583333333333334
3 0.42203124999999997 0.6856481481481481 0.11973437499999999 0.1527777777777778
3 0.36034895833333336 0.7043611111111111 0.13384895833333335 0.17327777777777775
3 0.867953125 0.7061759259259259 0.10370833333333333 0.07777777777777778
3 0.9641822916666667 0.7226851851851852 0.05715625 0.08055555555555556
3 0.97821875 0.7481481481481481 0.0435625 0.05185185185185185
3 0.8665625 0.7564814814814815 0.11620833333333333 0.05987962962962963
3 0.9816041666666667 0.7986111111111112 0.03679166666666667 0.04537037037037037
3 0.870703125 0.8550925925925926 0.15456770833333333 0.14166666666666666