5 0.15858333333333335 0.19515740740740742 0.005984375 0.027064814814814816
5 0.16339062499999998 0.20833333333333334 0.00678125 0.029203703703703704
5 0.15177604166666667 0.20868518518518517 0.006786458333333333 0.034185185185185187
5 0.13775520833333335 0.2272037037037037 0.008395833333333333 0.0441574074074074
1 0.10996354166666666 0.2293425925925926 0.05116145833333333 0.035611111111111114
5 0.24252083333333332 0.23646296296296296 0.013598958333333333 0.06552777777777777
4 0.189421875 0.2482222222222222 0.07486979166666667 0.15455555555555556
5 0.6338020833333334 0.26291666666666663 0.019276041666666667 0.0806388888888889
5 0.4333958333333333 0.26605555555555555 0.023557291666666664 0.046296296296296294
3 0.46950520833333337 0.27244444444444443 0.055760416666666666 0.05558333333333333
4 0.3230625 0.3055555555555556 0.11538020833333333 0.27635185185185185
5 0.23610937499999998 0.3123240740740741 0.018406250000000002 0.11182407407407408
3 0.2579427083333333 0.31516666666666665 0.0268125 0.06766666666666667
3 0.5920052083333334 0.3186018518518518 0.025526041666666666 0.04798148148148148
3 0.6076250000000001 0.3207037037037037 0.019838541666666668 0.04713888888888888
3 0.6230104166666667 0.32323148148148145 0.024088541666666668 0.04882407407407407
3 0.563328125 0.3281759259259259 0.029864583333333337 0.08564814814814815
3 0.57765625 0.3292592592592593 0.03830729166666667 0.0797962962962963
5 0.09550520833333334 0.32937962962962963 0.023760416666666666 0.06356481481481482
3 0.634921875 0.34374074074074074 0.0375 0.09321296296296297
3 0.65465625 0.3564074074074074 0.047463541666666664 0.08969444444444445
5 0.695640625 0.36160185185185184 0.020552083333333335 0.17956481481481482
3 0.671296875 0.3715185185185185 0.04679166666666667 0.0881574074074074
3 0.6755572916666667 0.38099074074074074 0.025963541666666666 0.08885185185185185
5 0.48233333333333334 0.38725925925925925 0.04446354166666667 0.21038888888888888
5 0.8720364583333333 0.38773148148148145 0.032197916666666666 0.12268518518518519
3 0.723578125 0.39046296296296296 0.039328125000000005 0.10396296296296297
5 0.588890625 0.3923611111111111 0.04403125 0.12731481481481483
3 0.7455625 0.403787037037037 0.048578125 0.0956388888888889
3 0.7658124999999999 0.41332407407407407 0.04278645833333334 0.09825925925925927
5 0.8186927083333334 0.41682407407407407 0.032302083333333335 0.18546296296296297
3 0.8005416666666666 0.42916666666666664 0.042192708333333336 0.09882407407407408
3 0.8016041666666667 0.4436851851851852 0.02714583333333333 0.10285185185185185
3 0.9194270833333333 0.4557592592592593 0.028255208333333334 0.11728703703703704
3 0.9474895833333333 0.4839907407407408 0.018411458333333335 0.15317592592592594
3 0.5817239583333333 0.4945925925925926 0.07397395833333334 0.14660185185185187
3 0.9712135416666666 0.49800000000000005 0.02186979166666667 0.16062037037037036
3 0.8764427083333334 0.5096759259259259 0.10316145833333333 0.13046296296296298
3 0.31520312500000003 0.7839444444444444 0.18790625 0.25307407407407406