5 0.15834374999999998 0.20980555555555555 0.010760416666666666 0.02825
5 0.14369791666666665 0.21325 0.01165625 0.03162037037037037
3 0.15895833333333334 0.22212037037037036 0.009286458333333332 0.025611111111111112
3 0.14353125 0.22578703703703704 0.011328125 0.02237962962962963
4 0.19439583333333335 0.24278703703703702 0.07892708333333333 0.1479537037037037
5 0.2776302083333333 0.255212962962963 0.014437499999999999 0.08147222222222222
5 0.6431666666666668 0.2615 0.016895833333333332 0.0795
5 0.6286510416666666 0.2706574074074074 0.016494791666666668 0.08512962962962962
5 0.5170885416666666 0.2724351851851852 0.022354166666666668 0.06199999999999999
4 0.3249791666666667 0.2835462962962963 0.11558854166666667 0.23050925925925925
5 0.5341458333333333 0.30013888888888884 0.013802083333333333 0.11979629629629629
3 0.5784427083333333 0.32383333333333336 0.0615625 0.08702777777777777
3 0.6212552083333333 0.3339814814814815 0.049651041666666666 0.09162037037037038
3 0.6359375 0.3406666666666667 0.049359375 0.10336111111111111
3 0.6575520833333334 0.3518611111111111 0.052947916666666664 0.1001574074074074
5 0.5129114583333333 0.3565555555555555 0.030708333333333334 0.17351851851851852
3 0.67775 0.36537962962962967 0.06116666666666667 0.10157407407407408
5 0.79009375 0.3849537037037037 0.026104166666666664 0.17316666666666666
3 0.7165520833333333 0.3879722222222222 0.05558333333333333 0.10301851851851852
3 0.749875 0.39543518518518517 0.052557291666666665 0.11367592592592592
3 0.8304843749999999 0.4318148148148148 0.06779687499999999 0.11280555555555555
5 0.9821875 0.4436018518518518 0.027302083333333334 0.09162037037037038
5 0.8888750000000001 0.46108333333333335 0.036708333333333336 0.09434259259259259
3 0.99415625 0.5311944444444445 0.011135416666666667 0.08787037037037038