5 0.23628125000000003 0.21066666666666667 0.008723958333333334 0.029861111111111113
4 0.19940625 0.24637962962962962 0.075390625 0.15530555555555556
5 0.2633020833333333 0.2479259259259259 0.019265625 0.06198148148148148
5 0.24800000000000003 0.25025 0.012427083333333333 0.07488888888888888
5 0.43819270833333335 0.25578703703703703 0.01982291666666667 0.08946296296296297
5 0.42171875000000003 0.26661111111111113 0.019052083333333334 0.07837037037037037
3 0.4712552083333333 0.2706111111111111 0.05596875 0.0670462962962963
5 0.13274479166666667 0.28290740740740744 0.0315 0.1686111111111111
4 0.3253333333333333 0.2866666666666667 0.11252604166666667 0.2311388888888889
3 0.6370364583333333 0.2903888888888889 0.006458333333333333 0.012138888888888888
5 0.6190416666666666 0.3029814814814815 0.03461979166666666 0.09080555555555556
5 0.41201041666666666 0.3073518518518519 0.02714583333333333 0.11706481481481482
5 0.6708854166666666 0.31307407407407406 0.028380208333333334 0.06117592592592592
3 0.5667395833333334 0.3222037037037037 0.04561458333333333 0.09362037037037037
5 0.17566145833333333 0.32296296296296295 0.03447395833333333 0.18983333333333335
3 0.5832656249999999 0.32923148148148146 0.03993229166666667 0.09742592592592593
5 0.2670208333333333 0.3408888888888889 0.03783854166666667 0.16428703703703704
3 0.5889270833333333 0.34294444444444444 0.026348958333333335 0.07707407407407407
5 0.6528854166666667 0.3565 0.03698958333333333 0.16500925925925927
3 0.6918177083333333 0.37175 0.061307291666666666 0.10963888888888888
3 0.6779427083333334 0.37587037037037035 0.03697916666666667 0.10158333333333333
5 0.60325 0.3765555555555556 0.031177083333333334 0.16549074074074074
5 0.85359375 0.3851851851851852 0.03105208333333333 0.07568518518518517
5 0.6282239583333333 0.38811111111111113 0.04555208333333333 0.15463888888888888
5 0.7044739583333333 0.3895740740740741 0.0454375 0.18875925925925927
3 0.7496041666666666 0.3973611111111111 0.053109375 0.11130555555555555
5 0.8711927083333334 0.39921296296296294 0.02909895833333333 0.1131574074074074
3 0.7704010416666667 0.40263888888888894 0.05211458333333333 0.12437962962962965
5 0.5228489583333333 0.4121851851851852 0.042953125 0.2197685185185185
3 0.8075208333333334 0.41841666666666666 0.05923958333333333 0.11516666666666667
3 0.9001614583333333 0.4238611111111111 0.04703125 0.0708425925925926
3 0.8186614583333333 0.43047222222222226 0.06136458333333333 0.12744444444444444
3 0.866515625 0.4313518518518519 0.089171875 0.0976574074074074
3 0.640296875 0.4444444444444444 0.040072916666666666 0.13425925925925927
5 0.16764062500000002 0.45146296296296295 0.05827604166666667 0.26387037037037037
3 0.9233854166666667 0.4568425925925926 0.028802083333333332 0.10136111111111111
5 0.944875 0.46805555555555556 0.03591145833333333 0.14459259259259258
5 0.9755052083333333 0.46920370370370373 0.03053125 0.16010185185185186
3 0.8810625000000001 0.5019444444444444 0.10296875 0.1527777777777778
5 0.56409375 0.5147407407407407 0.05697395833333333 0.2808425925925926
3 0.9463697916666667 0.5154074074074074 0.025697916666666668 0.0939537037037037
3 0.9940572916666667 0.5203796296296296 0.01165625 0.07734259259259259
3 0.9680885416666667 0.5291944444444444 0.01553125 0.0949537037037037
5 0.9916770833333334 0.5727962962962962 0.014276041666666666 0.0656111111111111
5 0.41327604166666665 0.6773148148148148 0.08671875 0.33241666666666664