3 0.7127604166666667 0.1050925925925926 0.0359375 0.06574074074074074
3 0.7393229166666667 0.10555555555555556 0.013020833333333334 0.046296296296296294
3 0.7075520833333333 0.11296296296296296 0.0359375 0.04814814814814815
3 0.7026041666666667 0.11712962962962963 0.03125 0.049074074074074076
3 0.7010416666666667 0.13287037037037036 0.013541666666666667 0.041666666666666664
0 0.7536458333333333 0.13287037037037036 0.03229166666666667 0.0787037037037037
0 0.6705729166666666 0.13564814814814816 0.05260416666666667 0.09166666666666666
5 0.6395833333333333 0.15833333333333333 0.020833333333333332 0.08333333333333333
5 0.659375 0.15833333333333333 0.015625 0.07962962962962963
5 0.6080729166666666 0.16296296296296298 0.0171875 0.09259259259259259
5 0.62578125 0.16620370370370371 0.025520833333333333 0.09537037037037037
3 0.7265625 0.16666666666666666 0.01875 0.05925925925925926
3 0.6333333333333333 0.175 0.0375 0.037037037037037035
5 0.6890625 0.18611111111111112 0.016666666666666666 0.044444444444444446
3 0.7533854166666667 0.18796296296296297 0.0265625 0.02962962962962963
5 0.6703125 0.18888888888888888 0.014583333333333334 0.046296296296296294
3 0.48828125 0.18888888888888888 0.025520833333333333 0.044444444444444446
3 0.5908854166666667 0.19305555555555556 0.03697916666666667 0.062037037037037036
3 0.73046875 0.19444444444444445 0.03697916666666667 0.03888888888888889
3 0.5828125 0.19675925925925927 0.0375 0.058333333333333334
5 0.6578125 0.1986111111111111 0.017708333333333333 0.07314814814814814
3 0.5744791666666667 0.2 0.036458333333333336 0.05740740740740741
3 0.4986979166666667 0.20694444444444443 0.04010416666666667 0.06944444444444445
3 0.5526041666666667 0.21296296296296297 0.034375 0.06111111111111111
3 0.6953125 0.21342592592592594 0.05520833333333333 0.06388888888888888
3 0.6619791666666667 0.22592592592592592 0.017708333333333333 0.025925925925925925
3 0.540625 0.22685185185185186 0.041666666666666664 0.05740740740740741
3 0.5309895833333333 0.2375 0.043229166666666666 0.06388888888888888
1 0.73125 0.24768518518518517 0.10208333333333333 0.0712962962962963
3 0.5158854166666667 0.24768518518518517 0.04635416666666667 0.09351851851851851
3 0.4942708333333333 0.2708333333333333 0.04479166666666667 0.07314814814814814
3 0.40989583333333335 0.28055555555555556 0.046875 0.07592592592592592
3 0.471875 0.2824074074074074 0.046875 0.07777777777777778
3 0.46197916666666666 0.2935185185185185 0.04791666666666667 0.07962962962962963
1 0.6075520833333333 0.30185185185185187 0.15260416666666668 0.1537037037037037
1 0.6986979166666667 0.30462962962962964 0.18177083333333333 0.1
3 0.4278645833333333 0.3138888888888889 0.049479166666666664 0.08148148148148149
1 0.6692708333333334 0.42962962962962964 0.23645833333333333 0.22962962962962963
3 0.22526041666666666 0.4375 0.04010416666666667 0.06388888888888888
1 0.48776041666666664 0.44907407407407407 0.1609375 0.20555555555555555
3 0.21432291666666667 0.4708333333333333 0.04635416666666667 0.11018518518518519
3 0.19947916666666668 0.49166666666666664 0.06041666666666667 0.10555555555555556
3 0.18098958333333334 0.5157407407407407 0.0453125 0.1
3 0.16067708333333333 0.5217592592592593 0.0484375 0.11944444444444445
1 0.2833333333333333 0.5435185185185185 0.09583333333333334 0.22037037037037038
3 0.1390625 0.5541666666666667 0.05 0.09537037037037037
3 0.11979166666666667 0.5731481481481482 0.053125 0.09259259259259259
3 0.1 0.5930555555555556 0.05416666666666667 0.10648148148148148
3 0.08151041666666667 0.6050925925925926 0.04739583333333333 0.10833333333333334
3 0.06302083333333333 0.6203703703703703 0.051041666666666666 0.10185185185185185
3 0.035416666666666666 0.6421296296296296 0.041666666666666664 0.12314814814814815
5 0.43330208333333337 0.6533425925925926 0.07922395833333334 0.2470185185185185
5 0.37942708333333336 0.6575648148148148 0.043229166666666666 0.22664814814814815
3 0.021875 0.663425925925926 0.042708333333333334 0.11574074074074074
3 0.7419270833333333 0.06805555555555555 0.0234375 0.019444444444444445
3 0.00859375 0.7129629629629629 0.0171875 0.09259259259259259
1 0.6536458333333334 0.7777777777777778 0.36666666666666664 0.39814814814814814
3 0.72578125 0.0787037037037037 0.0296875 0.03333333333333333
5 0.7541666666666667 0.08009259259259259 0.009375 0.026851851851851852
5 0.06588541666666667 0.8175925925925925 0.0390625 0.22592592592592592
5 0.09635416666666667 0.8347222222222223 0.07708333333333334 0.20462962962962963
3 0.71640625 0.09074074074074075 0.0390625 0.046296296296296294