3 0.7172604166666667 0.10790740740740741 0.026380208333333332 0.03347222222222222
3 0.7208645833333333 0.125 0.010354166666666666 0.03347222222222222
3 0.7076458333333334 0.12535185185185185 0.019171875 0.031342592592592596
0 0.7550104166666666 0.13349074074074072 0.03654166666666667 0.07988888888888888
3 0.7018385416666667 0.1356851851851852 0.010760416666666666 0.03347222222222222
0 0.6704427083333333 0.13610185185185186 0.04988020833333333 0.09073148148148148
3 0.7172135416666666 0.1652962962962963 0.03181770833333333 0.04156481481481482
1 0.5919583333333333 0.18187037037037035 0.121 0.11401851851851852
3 0.72278125 0.19030555555555556 0.04982291666666667 0.01753703703703704
3 0.674203125 0.20037037037037037 0.022125 0.040916666666666664
5 0.6562447916666667 0.21450925925925926 0.02569270833333333 0.06537037037037037
3 0.7250624999999999 0.2157962962962963 0.04525520833333333 0.04188888888888889
3 0.6853437499999999 0.2195277777777778 0.03235416666666666 0.04675925925925926
5 0.5863072916666667 0.2340462962962963 0.024447916666666666 0.09992592592592593
3 0.6699114583333333 0.2383611111111111 0.023765625000000002 0.02598148148148148
5 0.37126562500000004 0.2766296296296296 0.03257291666666667 0.1163425925925926
2 0.45715625 0.2786203703703704 0.12647395833333333 0.15175925925925926
2 0.6818124999999999 0.31837037037037036 0.20305729166666667 0.23725000000000002
5 0.25258854166666667 0.3878611111111111 0.027854166666666666 0.08643518518518518
5 0.25853645833333333 0.4467685185185185 0.024979166666666667 0.07221296296296296
5 0.23053645833333333 0.4496851851851852 0.026833333333333334 0.11889814814814814
3 0.23388541666666668 0.46490740740740744 0.03949479166666667 0.09496296296296297
3 0.20903645833333334 0.4773148148148148 0.04777083333333333 0.10658333333333334
5 0.20469270833333333 0.48013888888888884 0.027661458333333333 0.13676851851851854
5 0.6714635416666667 0.488 0.049526041666666666 0.23817592592592593
3 0.16379166666666667 0.525175925925926 0.04625 0.10619444444444444
5 0.09524479166666668 0.5526296296296297 0.03269791666666667 0.14573148148148146
3 0.12684375 0.5678148148148148 0.04253125 0.10542592592592592
5 0.069390625 0.5779259259259258 0.03519270833333333 0.15537037037037038
3 0.5328489583333333 0.6315092592592593 0.123765625 0.14951851851851852
3 0.04116666666666667 0.6435833333333334 0.03686458333333333 0.11588888888888889
3 0.018166666666666668 0.6695555555555556 0.03228125 0.11588888888888889
3 0.652875 0.7130277777777778 0.15685416666666668 0.16830555555555557