5 0.3482421875 0.14379166666666668 0.0178359375 0.067
5 0.22647656249999998 0.14623611111111112 0.016968749999999998 0.06862499999999999
3 0.353984375 0.16258333333333333 0.016625 0.049013888888888885
5 0.64140625 0.23055555555555557 0.0285625 0.11388888888888889
5 0.6972578125 0.2861111111111111 0.027765625 0.1361111111111111
5 0.9378359375 0.42569444444444443 0.041734375000000004 0.15694444444444444
4 0.2595703125 0.06862499999999999 0.0776953125 0.10294444444444445
5 0.23084375000000001 0.09681944444444443 0.0092265625 0.022055555555555557
5 0.2398046875 0.09804166666666667 0.009609375 0.02613888888888889
5 0.1662890625 0.10906944444444444 0.011476562499999999 0.04656944444444445
3 0.24210156249999998 0.11641666666666665 0.01428125 0.035124999999999997
5 0.336984375 0.135625 0.00834375 0.05229166666666667