1 0.81059375 0.08478472222222222 0.02719140625 0.036201388888888894
1 0.85023828125 0.0905 0.04775 0.028576388888888887
3 0.70737890625 0.10040972222222222 0.02053125 0.011048611111111111
1 0.8099375 0.10097916666666666 0.0241640625 0.03963194444444444
3 0.71809375 0.10402777777777779 0.0213828125 0.0274375
1 0.8515234375 0.10440972222222222 0.0481796875 0.03277083333333333
3 0.69205859375 0.10479166666666667 0.0113203125 0.009145833333333334
3 0.71230859375 0.10479166666666667 0.02095703125 0.022861111111111113
5 0.7875546875 0.10650694444444445 0.008125 0.044583333333333336
3 0.67426953125 0.1103125 0.01218359375 0.009527777777777777
3 0.6711640625 0.11564583333333334 0.01840234375 0.008763888888888889
1 0.8698476562499999 0.12403472222222223 0.037671875 0.03086805555555556
3 0.6710546875000001 0.1387013888888889 0.011328125 0.02667361111111111
5 0.6481953125000001 0.1516875 0.01340625 0.07333333333333333
5 0.8231171875 0.15413194444444445 0.01108984375 0.06897222222222221
5 0.6613046875 0.15586805555555555 0.01390625 0.06941666666666667
5 0.8014765625000001 0.15965972222222222 0.01462109375 0.05715972222222222
3 0.57959765625 0.16111111111111112 0.02922265625 0.05138888888888889
4 0.7170234375 0.19452777777777777 0.121265625 0.18252083333333333
5 0.42851171875 0.3151111111111111 0.021640625 0.1475625
2 0.82505859375 0.03810416666666667 0.021828125 0.024388888888888887
5 0.33722265625 0.4587638888888889 0.03338671875 0.1831388888888889
5 0.092390625 0.4956597222222222 0.02908203125 0.09547222222222221
5 0.79526171875 0.05411111111111111 0.00553515625 0.03200694444444445
0 0.7799375000000001 0.05563194444444444 0.0160390625 0.03963194444444444
5 0.7901171875 0.05791666666666667 0.00553515625 0.035819444444444445
5 0.78444140625 0.06115972222222222 0.0061796875 0.03086805555555556