3 0.717453125 0.11628703703703704 0.030276041666666666 0.04738888888888889
3 0.7131666666666666 0.1255462962962963 0.0100625 0.03322222222222222
3 0.70121875 0.12962962962962962 0.012515625 0.04248148148148148
0 0.6711718750000001 0.13371296296296295 0.05413020833333334 0.08442592592592593
0 0.7540572916666667 0.1394351851851852 0.03669270833333334 0.0915
3 0.6351666666666667 0.16449074074074074 0.035432291666666664 0.062092592592592595
5 0.684203125 0.16585185185185186 0.023213541666666667 0.05937037037037037
3 0.6227604166666667 0.17401851851851852 0.0320625 0.057185185185185186
3 0.7091666666666666 0.17810185185185184 0.021057291666666665 0.050111111111111106
3 0.6026979166666667 0.18355555555555556 0.029927083333333333 0.062092592592592595
3 0.74684375 0.18437037037037038 0.05290104166666666 0.05937037037037037
3 0.5893697916666666 0.19253703703703703 0.030239583333333334 0.07025925925925926
3 0.57528125 0.1998888888888889 0.03576041666666666 0.062092592592592595
3 0.49334375 0.2050648148148148 0.03609375 0.07025925925925926
3 0.5241302083333333 0.21568518518518517 0.016171875 0.03921296296296296
5 0.7038229166666666 0.21568518518518517 0.02078645833333333 0.04466666666666667
3 0.50896875 0.23202777777777778 0.008520833333333333 0.02287962962962963
3 0.49855208333333334 0.24237037037037037 0.015265625 0.02723148148148148
1 0.729296875 0.25 0.10004687500000001 0.06944444444444445
1 0.6349114583333333 0.26678703703703704 0.11830729166666668 0.15625
1 0.537890625 0.2824074074074074 0.11567708333333333 0.15046296296296297
3 0.4103177083333333 0.286462962962963 0.044125 0.0798611111111111
3 0.4617395833333333 0.29398148148148145 0.04280208333333334 0.0787037037037037
5 0.6135885416666667 0.3022870370370371 0.022916666666666665 0.10457407407407407
1 0.697390625 0.31192592592592594 0.17166145833333332 0.12152777777777778
3 0.4314739583333333 0.31712962962962965 0.04997395833333333 0.08101851851851852
5 0.5659583333333333 0.3289722222222222 0.031203124999999998 0.10566666666666667
5 0.36411458333333335 0.3732685185185185 0.037656249999999995 0.1400462962962963
5 0.2303125 0.41748148148148145 0.0271875 0.0626388888888889
1 0.6693958333333333 0.43287037037037035 0.22895312499999998 0.22916666666666666
3 0.20273958333333333 0.44253703703703706 0.022296875 0.052833333333333336
3 0.17103645833333334 0.4861111111111111 0.024453125000000003 0.04738888888888889
5 0.7162968749999999 0.4959537037037037 0.051921875 0.2326388888888889
5 0.13993229166666668 0.5089907407407408 0.02596875 0.07135185185185186
5 0.11665104166666666 0.5432962962962963 0.029651041666666666 0.09096296296296295
3 0.09766145833333333 0.5740740740740741 0.04191145833333333 0.08496296296296296
3 0.07667708333333333 0.5972222222222222 0.032421875 0.0757037037037037
5 0.06059375 0.6108425925925927 0.035187500000000003 0.12037037037037036
3 0.09964583333333334 0.6149259259259259 0.07591145833333333 0.11328703703703703
2 0.32566666666666666 0.641787037037037 0.23549479166666665 0.3506944444444444
5 0.40284375 0.6475740740740741 0.06172916666666666 0.2465277777777778
3 0.7359479166666667 0.06625925925925927 0.009307291666666667 0.013861111111111112
1 0.5932291666666667 0.72975 0.3435416666666667 0.3414351851851852
3 0.730328125 0.07392592592592592 0.022708333333333334 0.01927777777777778
2 0.09089583333333334 0.8269722222222222 0.18179166666666668 0.33449074074074076
5 0.67040625 0.8564814814814815 0.0864375 0.28703703703703703
3 0.7264739583333333 0.08730555555555557 0.03361458333333334 0.03658333333333333
5 0.10925 0.8865740740740741 0.08000520833333334 0.22685185185185186