5 0.24379166666666666 0.24362037037037038 0.014213541666666666 0.0685462962962963
4 0.18830729166666668 0.25026851851851856 0.06696354166666667 0.1600277777777778
5 0.5586666666666668 0.25816666666666666 0.025557291666666666 0.05605555555555555
5 0.4709375 0.2667777777777778 0.022479166666666665 0.05928703703703704
1 0.409828125 0.2764537037037037 0.10083854166666667 0.10058333333333333
4 0.32464062499999996 0.27917592592592594 0.11823437499999999 0.22687962962962963
5 0.5557968750000001 0.2819074074074074 0.02352083333333333 0.056712962962962965
3 0.5554635416666667 0.2886296296296297 0.057546875 0.015314814814814814
5 0.64909375 0.31339814814814815 0.025427083333333333 0.11837037037037038
5 0.25647395833333336 0.3158796296296296 0.028510416666666667 0.05496296296296296
3 0.47635937500000003 0.31972222222222224 0.024989583333333332 0.059
5 0.23361979166666666 0.32307407407407407 0.020161458333333333 0.062185185185185184
5 0.6085572916666667 0.32334259259259257 0.01953125 0.14344444444444443
5 0.6309583333333334 0.32949074074074075 0.022203125 0.14687962962962964
3 0.5314791666666667 0.329537037037037 0.03425520833333333 0.06440740740740741
3 0.5626145833333334 0.329537037037037 0.04051041666666667 0.07207407407407408
5 0.4294322916666667 0.3306944444444444 0.021453125 0.13894444444444445
5 0.45464062499999996 0.34414814814814815 0.030255208333333335 0.16358333333333333
3 0.5881666666666666 0.3458981481481481 0.03874479166666667 0.06788888888888889
3 0.6734583333333333 0.37619444444444444 0.05186458333333333 0.08251851851851852
3 0.6897135416666667 0.38228703703703704 0.048338541666666665 0.09748148148148149
3 0.7191927083333333 0.39742592592592596 0.040713541666666665 0.09225925925925926
3 0.7338802083333333 0.41135185185185186 0.0195625 0.086
2 0.8523489583333334 0.4538981481481481 0.226046875 0.3244166666666667
3 0.9754479166666666 0.5076666666666666 0.020359375000000002 0.13189814814814813
3 0.9943177083333333 0.5347870370370371 0.011364583333333334 0.09985185185185186
3 0.1508125 0.795712962962963 0.18058854166666669 0.284462962962963