1 0.8466914062500001 0.0860763888888889 0.04164453125 0.020631944444444446
5 0.688796875 0.08727083333333334 0.00539453125 0.018250000000000002
1 0.80989453125 0.1026736111111111 0.02235546875 0.04449305555555555
1 0.8459765625 0.1035763888888889 0.03774609375 0.035006944444444445
1 0.87004296875 0.12445138888888889 0.0389765625 0.027590277777777776
5 0.6709921875 0.1254861111111111 0.01085546875 0.051333333333333335
3 0.6559140625000001 0.13005555555555556 0.0172734375 0.026236111111111113
5 0.79129296875 0.13034027777777776 0.010171875 0.057611111111111106
5 0.77557421875 0.1431736111111111 0.006324218750000001 0.035368055555555555
3 0.574109375 0.15629166666666666 0.014738281249999999 0.027381944444444445
5 0.50157421875 0.16541666666666666 0.01854296875 0.09126388888888888
5 0.8163125000000001 0.16627083333333334 0.009519531250000001 0.07244444444444444
1 0.61821484375 0.16940972222222223 0.07278515625000001 0.07301388888888889
5 0.59765625 0.18338888888888888 0.00728125 0.013118055555555556
5 0.657359375 0.18709027777777779 0.0124609375 0.023958333333333335
4 0.7047578125 0.18777083333333333 0.0910390625 0.16997916666666668
5 0.6384296875000001 0.19993055555555553 0.01246875 0.08499305555555556
5 0.6528671875 0.23529166666666665 0.01759765625 0.09981944444444445
5 0.600703125 0.24727083333333333 0.01658203125 0.10096527777777776
5 0.55178515625 0.25411805555555556 0.016441406250000002 0.1135138888888889
5 0.56766015625 0.2589652777777778 0.014027343749999999 0.11179861111111111
5 0.40629687499999995 0.38759027777777777 0.02178515625 0.1431736111111111
5 0.43998046874999996 0.3921527777777778 0.02947265625 0.15458333333333332
5 0.08723046875 0.4987083333333333 0.027699218749999997 0.09129861111111111
5 0.0452890625 0.5381458333333333 0.031570312499999996 0.09558333333333333
5 0.16846875 0.6082291666666667 0.05177734375 0.21602777777777776
5 0.77925 0.06443055555555556 0.0066953125 0.035493055555555555
5 0.77317578125 0.06500694444444445 0.0054531250000000005 0.03742361111111111
0 0.8281367187500001 0.06763888888888889 0.01329296875 0.03922916666666667