3 0.7128541666666667 0.09803703703703703 0.0155625 0.02287962962962963
5 0.727328125 0.11728703703703704 0.011635416666666667 0.052472222222222226
0 0.6706927083333334 0.11960185185185183 0.05461979166666667 0.057101851851851855
3 0.7073385416666667 0.1260925925925926 0.021078125 0.03322222222222222
3 0.7015208333333334 0.13452777777777777 0.010052083333333333 0.037037037037037035
0 0.7548541666666666 0.1400462962962963 0.0348125 0.09027777777777778
5 0.68371875 0.14544444444444446 0.015557291666666667 0.059416666666666666
1 0.5975364583333334 0.183 0.13251041666666666 0.11239814814814815
3 0.490796875 0.19212962962962962 0.028197916666666666 0.031083333333333334
3 0.713359375 0.19378703703703704 0.03779166666666667 0.017194444444444446
3 0.6761666666666667 0.20304629629629628 0.014 0.03306481481481482
3 0.7237708333333334 0.20899074074074075 0.045223958333333335 0.021166666666666667
3 0.6780260416666667 0.23280555555555557 0.03259895833333334 0.021166666666666667
3 0.40496354166666665 0.2669722222222222 0.02015625 0.038064814814814815
2 0.45601041666666664 0.27675 0.1275 0.14351851851851852
5 0.369515625 0.2874259259259259 0.024552083333333332 0.10262037037037038
2 0.683234375 0.2986111111111111 0.20147395833333331 0.21296296296296297
5 0.4580416666666667 0.31300925925925926 0.02422916666666667 0.07510185185185185
5 0.7076145833333333 0.33641666666666664 0.04328125 0.13580555555555554
5 0.5806927083333334 0.36857407407407405 0.04095833333333333 0.17335185185185184
3 0.4691822916666667 0.3714074074074074 0.067578125 0.08436111111111111
5 0.20186979166666666 0.4382685185185185 0.025197916666666667 0.07562037037037037
5 0.23152604166666665 0.4386574074074074 0.028510416666666667 0.09027777777777778
5 0.2582083333333333 0.4479166666666667 0.02459895833333333 0.08101851851851852
5 0.1713125 0.4670185185185185 0.03700520833333333 0.08680555555555555
3 0.243234375 0.4891944444444445 0.018458333333333334 0.060703703703703704
3 0.2212447916666667 0.5 0.0219375 0.061731481481481484
5 0.7231041666666667 0.5001296296296296 0.058687500000000004 0.23173148148148148
5 0.41413541666666664 0.530611111111111 0.04869270833333333 0.21862037037037038
3 0.164921875 0.5358796296296297 0.039015625 0.09027777777777778
5 0.08832291666666667 0.5497685185185185 0.027270833333333334 0.1388888888888889
3 0.12607291666666667 0.5706018518518519 0.037671875 0.11342592592592593
5 0.06358854166666666 0.6273148148148148 0.029885416666666668 0.09259259259259259
3 0.528328125 0.6284722222222222 0.12082291666666665 0.15046296296296297
3 0.018677083333333334 0.6747685185185185 0.0338125 0.12731481481481483
3 0.65134375 0.7118055555555556 0.15331770833333333 0.1736111111111111
3 0.7313854166666667 0.07625 0.0183125 0.01525