5 0.240953125 0.244712962962963 0.012619791666666666 0.07672222222222222
5 0.25434375 0.24669444444444444 0.014098958333333333 0.07804629629629631
5 0.526609375 0.2566111111111111 0.0020885416666666665 0.002648148148148148
4 0.32148958333333333 0.2763888888888889 0.11552604166666666 0.2490740740740741
1 0.4096197916666667 0.27674074074074073 0.10148958333333334 0.10069444444444445
5 0.656125 0.2912037037037037 0.027494791666666667 0.08611111111111111
5 0.40065104166666665 0.2962962962962963 0.025932291666666666 0.09444444444444444
5 0.5150260416666667 0.3 0.02871875 0.11287037037037037
5 0.17881770833333333 0.30185185185185187 0.03121875 0.09074074074074075
3 0.5646302083333333 0.3053148148148148 0.038057291666666666 0.017055555555555556
5 0.5369635416666667 0.30756481481481485 0.03778125 0.1373425925925926
3 0.23516666666666666 0.3101851851851852 0.039526041666666664 0.06111111111111111
5 0.33478125 0.3194444444444444 0.028557291666666665 0.11296296296296296
5 0.5998854166666666 0.32175925925925924 0.030640624999999998 0.14722222222222223
5 0.45010937500000003 0.3258333333333333 0.019130208333333332 0.13809259259259257
5 0.4742864583333333 0.3285740740740741 0.02432291666666667 0.15713888888888888
5 0.622015625 0.33055555555555555 0.02282291666666667 0.14814814814814814
3 0.5638124999999999 0.3421018518518519 0.017223958333333334 0.06335185185185185
3 0.5805260416666667 0.34575925925925927 0.025442708333333335 0.06676851851851852
3 0.695609375 0.3770833333333333 0.05855729166666667 0.1087962962962963
3 0.6555 0.37719444444444444 0.02188020833333333 0.08284259259259259
3 0.7207395833333333 0.3992314814814815 0.0463125 0.08487962962962962
3 0.7462552083333333 0.4013888888888889 0.058796875 0.09907407407407408
3 0.7735885416666667 0.41712962962962963 0.067640625 0.10833333333333334
3 0.8024947916666666 0.42592592592592593 0.057734375 0.11481481481481481
3 0.8168177083333333 0.44537037037037036 0.031171875 0.10925925925925926
3 0.8548281249999999 0.4564814814814815 0.06969270833333334 0.10185185185185185
3 0.8859375 0.4564814814814815 0.04963541666666667 0.14074074074074075
3 0.9001354166666666 0.4689814814814815 0.036348958333333334 0.1361111111111111
3 0.9188802083333333 0.49212962962962964 0.039463541666666664 0.12685185185185185
3 0.94778125 0.5 0.03372916666666667 0.14814814814814814
3 0.9745989583333333 0.5041666666666667 0.031114583333333334 0.1527777777777778
3 0.9941041666666667 0.5342592592592592 0.011791666666666667 0.10185185185185185
3 0.1529375 0.8009259259259259 0.17804687500000002 0.26851851851851855