3 0.7009114583333333 0.0958425925925926 0.005473958333333333 0.016046296296296295
5 0.71890625 0.1026574074074074 0.012776041666666666 0.050444444444444445
5 0.6812968749999999 0.10939814814814815 0.008171875 0.031092592592592592
3 0.704796875 0.11478703703703703 0.01425 0.026296296296296293
3 0.7014114583333334 0.12749074074074074 0.018010416666666664 0.03476851851851852
0 0.6685572916666668 0.12815740740740741 0.05059375 0.07889814814814815
5 0.6918541666666667 0.1322777777777778 0.014104166666666666 0.059250000000000004
0 0.7535572916666666 0.13439814814814816 0.03303125 0.0797962962962963
5 0.6685989583333334 0.1402037037037037 0.013125 0.05513888888888888
5 0.6568854166666667 0.1428425925925926 0.012140624999999999 0.05573148148148148
5 0.6364322916666667 0.14694444444444443 0.01346875 0.048685185185185186
5 0.6855885416666666 0.15222222222222223 0.013447916666666667 0.031092592592592592
5 0.6096927083333333 0.15603703703703706 0.016744791666666665 0.057490740740740745
3 0.7270156249999999 0.15785185185185185 0.01528125 0.031324074074074074
5 0.7492552083333333 0.16571296296296295 0.015401041666666667 0.052203703703703704
3 0.6360260416666667 0.16687037037037036 0.027317708333333336 0.030898148148148147
3 0.7506197916666667 0.17413888888888887 0.03781770833333333 0.025055555555555553
3 0.71565625 0.18635185185185185 0.03977083333333333 0.025685185185185182
5 0.6888854166666667 0.19123148148148147 0.01740625 0.05397222222222222
3 0.48720833333333335 0.1958425925925926 0.021265625 0.02162962962962963
5 0.6654635416666667 0.2015 0.016755208333333334 0.09092592592592592
3 0.7233177083333333 0.2029537037037037 0.038182291666666666 0.021296296296296296
5 0.5184739583333333 0.20912962962962964 0.014473958333333333 0.032259259259259265
3 0.4907916666666667 0.21380555555555555 0.025390625 0.028194444444444442
5 0.5287083333333333 0.21528703703703703 0.011843749999999998 0.062185185185185184
5 0.5658229166666667 0.2173425925925926 0.01677604166666667 0.09092592592592592
3 0.6941666666666666 0.23004629629629628 0.05140625 0.036648148148148145
3 0.53684375 0.23485185185185184 0.023197916666666665 0.03322222222222222
1 0.6143854166666666 0.2365648148148148 0.09169791666666667 0.11736111111111111
1 0.7293697916666667 0.24025000000000002 0.101609375 0.07307407407407407
5 0.5494947916666667 0.24314814814814817 0.018432291666666666 0.11087037037037037
3 0.5222916666666666 0.25475 0.026682291666666667 0.04055555555555555
5 0.5196302083333334 0.2566388888888889 0.027338541666666667 0.10383333333333333
3 0.5004583333333333 0.2713611111111111 0.03125 0.03901851851851852
3 0.4155052083333333 0.2725185185185185 0.033005208333333334 0.02201851851851852
3 0.47395312500000003 0.27561111111111114 0.035609375000000006 0.035925925925925924
3 0.4107291666666667 0.2864259259259259 0.037786458333333335 0.04519444444444445
3 0.46416666666666667 0.29144444444444445 0.036895833333333336 0.034379629629629635
1 0.6936614583333333 0.30077777777777776 0.16886979166666669 0.09374074074074074
3 0.4514583333333333 0.3132685185185185 0.042765625 0.04635185185185185
1 0.6699947916666668 0.4089074074074074 0.22119270833333332 0.13137962962962962
1 0.48806770833333335 0.42615740740740743 0.15602083333333333 0.16306481481481483
5 0.35886979166666666 0.43104629629629626 0.03222916666666667 0.14110185185185184
5 0.32866666666666666 0.4501574074074074 0.03633854166666666 0.1647685185185185
5 0.68553125 0.453212962962963 0.031182291666666664 0.19535185185185183
5 0.6399375 0.4556574074074074 0.025703125 0.18460185185185185
3 0.23716666666666666 0.46117592592592593 0.04552083333333334 0.0996574074074074
5 0.66603125 0.4698148148148148 0.03283333333333333 0.18362962962962961
3 0.21671875000000002 0.47391666666666665 0.04135416666666667 0.10487962962962963
3 0.20463541666666665 0.5020555555555556 0.04883333333333333 0.08574999999999999
5 0.5751197916666667 0.5127962962962963 0.03671875 0.16018518518518518
3 0.18496354166666668 0.5187962962962962 0.039875 0.09448148148148149
3 0.16568750000000002 0.5356203703703704 0.0393125 0.08537037037037037
5 0.493546875 0.5362314814814815 0.050484375000000005 0.20316666666666666
3 0.1448125 0.54875 0.039338541666666664 0.10937037037037037
3 0.12204166666666666 0.5774259259259259 0.05141145833333333 0.08906481481481482
3 0.10361458333333333 0.5967314814814815 0.045572916666666664 0.09617592592592593
3 0.73325 0.06085185185185185 0.0059635416666666665 0.008472222222222223
3 0.08723958333333333 0.6162962962962963 0.037515625000000004 0.08916666666666666
3 0.07024999999999999 0.624824074074074 0.03392708333333334 0.09834259259259259
3 0.04215104166666667 0.6507222222222222 0.033427083333333336 0.10962037037037037
3 0.026713541666666667 0.6688981481481481 0.036098958333333334 0.0998425925925926
3 0.7242291666666667 0.07087962962962963 0.005463541666666667 0.010694444444444446
3 0.008921875 0.7076111111111112 0.017838541666666666 0.08834259259259258
5 0.741640625 0.074 0.0051875 0.028527777777777777
5 0.7576822916666667 0.07422222222222222 0.008692708333333334 0.03611111111111111
3 0.7096874999999999 0.07800925925925926 0.005473958333333333 0.01337037037037037
5 0.74778125 0.07823148148148147 0.007442708333333333 0.030759259259259257
1 0.654203125 0.7820185185185186 0.37021875000000004 0.4327685185185185
5 0.7180729166666667 0.07889814814814815 0.005197916666666667 0.023175925925925926
3 0.7046718750000001 0.08447222222222223 0.00396875 0.019166666666666665
5 0.7361249999999999 0.08915740740740741 0.009703125 0.04368518518518519