1 0.48142578125 0.8188819444444445 0.50379296875 0.3622361111111111
1 0.86223828125 0.08811805555555556 0.05271875 0.024847222222222222
1 0.8631484374999999 0.1000138888888889 0.052023437500000005 0.03002083333333333
5 0.8334374999999999 0.109875 0.0072421874999999995 0.050881944444444445
5 0.8157500000000001 0.12139583333333334 0.0077226562499999995 0.05514583333333333
1 0.8631796875 0.12474305555555555 0.0516953125 0.03948611111111111
3 0.65816015625 0.13405555555555554 0.03657421875 0.035743055555555556
3 0.58033203125 0.1599236111111111 0.03003125 0.05439583333333333
5 0.57826171875 0.17136805555555557 0.012089843749999999 0.03243055555555556
4 0.7161015625 0.19963194444444446 0.12023046875000001 0.19090972222222224
5 0.65015625 0.20202777777777778 0.01866015625 0.10005555555555556
5 0.61795703125 0.20255555555555557 0.01734765625 0.09059722222222223
5 0.2897578125 0.42077777777777775 0.03648828125 0.16329166666666667