3 0.7446197916666667 0.9501481481481482 0.10430729166666668 0.09970370370370371
5 0.6423385416666666 0.2522962962962963 0.0026562499999999998 0.016037037037037037
5 0.6560885416666667 0.26189814814814816 0.006609375 0.020416666666666666
5 0.6454895833333333 0.26433333333333336 0.0053124999999999995 0.02788888888888889
4 0.62 0.26646296296296296 0.03503645833333333 0.07264814814814814
3 0.6554479166666667 0.26840740740740743 0.0064375 0.013814814814814814
5 0.6247395833333333 0.29182407407407407 0.005911458333333333 0.03899074074074074
5 0.5528958333333333 0.29637037037037034 0.0063593750000000004 0.016703703703703703
1 0.6022916666666667 0.3125833333333333 0.02790625 0.02573148148148148
1 0.5522552083333333 0.3146574074074074 0.06315625 0.025574074074074075
1 0.5525833333333333 0.3162222222222222 0.06352604166666667 0.029175925925925928
5 0.6409895833333333 0.31800925925925927 0.011317708333333334 0.030314814814814815
5 0.7123489583333333 0.321962962962963 0.009942708333333333 0.03302777777777778
5 0.6954479166666666 0.3261574074074074 0.009182291666666667 0.042805555555555555
1 0.5518020833333334 0.32975 0.063140625 0.041990740740740745
5 0.6816354166666667 0.3322685185185185 0.012979166666666668 0.06643518518518518
1 0.608515625 0.3353703703703704 0.040093750000000004 0.050333333333333334
5 0.7122083333333333 0.33564814814814814 0.005067708333333334 0.00837037037037037
5 0.6291770833333333 0.3489537037037037 0.007619791666666667 0.07643518518518519
5 0.624515625 0.3517037037037037 0.011520833333333334 0.07569444444444444
5 0.6475000000000001 0.3550277777777778 0.010583333333333333 0.07301851851851852
5 0.7830729166666667 0.3553703703703704 0.012223958333333333 0.06251851851851851
5 0.6377604166666667 0.3575277777777778 0.018406250000000002 0.07522222222222222
0 0.5745885416666667 0.3641759259259259 0.04433854166666666 0.07308333333333333
5 0.6699531249999999 0.36862962962962964 0.020760416666666667 0.046648148148148154
5 0.693375 0.39299074074074075 0.014979166666666667 0.08875925925925926
3 0.5758541666666667 0.40035185185185185 0.04301041666666667 0.0432037037037037
0 0.7236979166666667 0.4075185185185185 0.04633333333333333 0.13649074074074075
3 0.6682135416666667 0.4085648148148148 0.015880208333333333 0.04513888888888889
5 0.5859947916666666 0.42319444444444443 0.021151041666666665 0.0664537037037037
3 0.7685729166666667 0.42739814814814814 0.04507291666666667 0.024916666666666667
3 0.5838697916666666 0.44139814814814815 0.060703125 0.03941666666666667
3 0.7717239583333334 0.4445925925925926 0.04963541666666667 0.03730555555555556
5 0.6135364583333334 0.44580555555555557 0.0234375 0.12881481481481483
5 0.7769739583333333 0.45308333333333334 0.024874999999999998 0.07122222222222223
5 0.6562604166666667 0.456712962962963 0.030375 0.13348148148148148
5 0.7319739583333333 0.4621018518518518 0.029578125 0.14845370370370373
3 0.5784947916666667 0.47062037037037036 0.069578125 0.09062037037037038
3 0.5533281250000001 0.47773148148148153 0.07453125 0.056796296296296296
5 0.7704791666666666 0.48048148148148145 0.024859375 0.08712962962962963
3 0.800671875 0.48409259259259263 0.035145833333333334 0.039703703703703706
5 0.7351145833333333 0.48545370370370367 0.029859375 0.16750925925925925
5 0.7569947916666667 0.4964444444444444 0.035656249999999994 0.09481481481481482
3 0.5489999999999999 0.49892592592592594 0.08574999999999999 0.06101851851851852
3 0.8074270833333334 0.5092037037037037 0.05171354166666667 0.07557407407407409
3 0.8349166666666666 0.5219444444444444 0.06868229166666667 0.06707407407407408
3 0.5079114583333334 0.5267592592592593 0.04171875 0.05857407407407407
3 0.8465 0.5280277777777778 0.07580729166666668 0.05899074074074074
3 0.45444270833333333 0.55125 0.05816666666666667 0.06880555555555556
3 0.876171875 0.5611388888888889 0.0856875 0.06488888888888888
3 0.42813541666666666 0.5666481481481481 0.03752083333333334 0.0697037037037037
3 0.7974479166666666 0.5691574074074075 0.053640625 0.07234259259259258
3 0.7517135416666666 0.5764074074074074 0.044765625 0.11033333333333332
3 0.8765572916666666 0.5836388888888889 0.08191666666666667 0.09065740740740741
3 0.3965208333333334 0.5911388888888889 0.030489583333333334 0.06544444444444444
3 0.81503125 0.620925925925926 0.08684895833333334 0.09251851851851851
3 0.9255052083333334 0.6336944444444444 0.07905729166666667 0.1047962962962963
3 0.38010937499999997 0.6341944444444444 0.040442708333333334 0.08941666666666666
3 0.9617604166666667 0.6620462962962963 0.07647916666666667 0.0963611111111111
3 0.02236979166666667 0.6724537037037037 0.04473958333333334 0.15046296296296297
3 0.74865625 0.6765462962962963 0.08603125 0.1714351851851852
3 0.8684427083333334 0.6823796296296296 0.11454166666666667 0.10726851851851851
3 0.3496927083333333 0.7072407407407408 0.10513020833333334 0.13317592592592595
3 0.8270260416666667 0.7379907407407407 0.11083333333333334 0.14727777777777779
3 0.9707708333333334 0.7394444444444445 0.058453125 0.14489814814814816
2 0.5423749999999999 0.7587962962962963 0.34446354166666665 0.4810555555555555
3 0.977453125 0.771287037037037 0.04508854166666666 0.10178703703703704
3 0.8784947916666667 0.7738425925925926 0.13506770833333331 0.1296111111111111
3 0.9791093750000001 0.8022870370370371 0.04178125 0.08207407407407408
3 0.9866145833333333 0.8232592592592592 0.026765625 0.026833333333333334
3 0.8693802083333334 0.8446296296296296 0.15438020833333335 0.1872222222222222
3 0.7620364583333333 0.8593055555555555 0.07011979166666667 0.2675925925925926
3 0.8739895833333333 0.9125648148148149 0.08971875 0.14329629629629628