3 0.7117812499999999 0.11441666666666667 0.024484375 0.05290740740740741
3 0.7279635416666667 0.11871296296296296 0.010718749999999999 0.03769444444444445
3 0.71159375 0.12466666666666665 0.012208333333333333 0.035055555555555555
3 0.7021093749999999 0.13128703703703704 0.011098958333333332 0.041666666666666664
0 0.7540416666666666 0.13472222222222222 0.036036458333333334 0.075
0 0.6699375 0.1375 0.052000000000000005 0.09166666666666666
3 0.635015625 0.16574074074074074 0.031119791666666667 0.05
3 0.6217395833333333 0.17175925925925925 0.0326875 0.04722222222222222
3 0.6024739583333333 0.17314814814814813 0.02852604166666667 0.037037037037037035
3 0.7097760416666666 0.17314814814814813 0.018135416666666668 0.040740740740740744
3 0.7457135416666667 0.18425925925925926 0.047489583333333335 0.05740740740740741
3 0.5868489583333333 0.19583333333333333 0.024369791666666665 0.06388888888888888
3 0.575390625 0.20555555555555555 0.038953125000000005 0.07037037037037037
3 0.49572916666666667 0.20601851851851852 0.032880208333333334 0.07314814814814814
5 0.6063072916666666 0.20891666666666667 0.014421875 0.04282407407407408
5 0.705890625 0.21064814814814814 0.02459895833333333 0.05555555555555555
3 0.7230572916666667 0.21805555555555556 0.012401041666666666 0.021296296296296296
3 0.5589895833333334 0.22083333333333333 0.0478125 0.06018518518518518
3 0.5384218749999999 0.23935185185185184 0.042088541666666666 0.07685185185185185
3 0.5267031249999999 0.25 0.04261458333333333 0.06851851851851852
1 0.7306927083333333 0.2515462962962963 0.09618229166666666 0.06481481481481481
3 0.5147239583333333 0.25462962962962965 0.04261979166666666 0.08148148148148149
3 0.4931145833333333 0.27175925925925926 0.03794270833333333 0.07314814814814814
1 0.6335104166666666 0.27391666666666664 0.11728645833333333 0.1712962962962963
3 0.4142239583333333 0.28194444444444444 0.04161458333333334 0.07314814814814814
3 0.44703645833333333 0.28935185185185186 0.01359375 0.06388888888888888
5 0.4715625 0.2957222222222222 0.03509895833333333 0.11921296296296297
1 0.6972708333333333 0.3047870370370371 0.16822916666666668 0.10030555555555555
3 0.4321875 0.31712962962962965 0.04525520833333333 0.0824074074074074
2 0.3335 0.3397037037037037 0.12513541666666667 0.2326388888888889
5 0.540234375 0.38137037037037036 0.02921875 0.14930555555555555
1 0.6694947916666667 0.43210185185185185 0.22725520833333332 0.22839814814814813
5 0.23780208333333333 0.4461296296296296 0.03586458333333333 0.11784259259259258
3 0.23682291666666666 0.4675925925925926 0.04739583333333333 0.08333333333333333
3 0.217296875 0.4699074074074074 0.042192708333333336 0.1087962962962963
3 0.205578125 0.4959537037037037 0.0513125 0.1076388888888889
5 0.17602083333333332 0.519361111111111 0.042041666666666665 0.15487962962962964
5 0.14809375 0.5256759259259259 0.03731770833333334 0.09512037037037037
5 0.11117187499999999 0.5387222222222222 0.013791666666666667 0.09090740740740741
5 0.13199479166666667 0.5572407407407408 0.04111458333333333 0.1515185185185185
3 0.09427083333333333 0.5677129629629629 0.027921875 0.06828703703703703
3 0.15610937500000002 0.5752314814814815 0.021385416666666667 0.04861111111111111
5 0.4763958333333333 0.5914351851851852 0.057796875 0.2152777777777778
5 0.05956770833333334 0.6237407407407407 0.030723958333333336 0.14983333333333332
5 0.44613020833333333 0.6244259259259259 0.0610625 0.2326388888888889
3 0.10860416666666667 0.6394722222222222 0.08664583333333334 0.15393518518518517
5 0.04086979166666667 0.6401481481481481 0.026473958333333332 0.14225925925925925
3 0.054239583333333334 0.6637777777777778 0.025979166666666668 0.056712962962962965
3 0.020067708333333333 0.6701388888888888 0.03576041666666666 0.12962962962962962
3 0.009229166666666667 0.7002314814814815 0.01846354166666667 0.09953703703703703
3 0.7292604166666667 0.08432407407407407 0.024479166666666666 0.0205
3 0.7458177083333334 0.08465740740740742 0.0136875 0.023805555555555555
3 0.7233125 0.0889537037037037 0.022994791666666667 0.02712037037037037