4 0.20103645833333333 0.24691666666666667 0.07791145833333334 0.17284259259259258
5 0.5449166666666667 0.24845370370370368 0.019604166666666666 0.059666666666666666
5 0.5621302083333333 0.2543703703703704 0.01872916666666667 0.05915740740740741
4 0.32688020833333337 0.27623148148148147 0.11778645833333333 0.22530555555555556
5 0.6897447916666667 0.30607407407407405 0.034953125 0.08025
3 0.5408645833333333 0.30787037037037035 0.07052083333333334 0.07355555555555555
3 0.6175625 0.3148148148148148 0.045682291666666666 0.03086111111111111
3 0.6193020833333333 0.3611111111111111 0.026588541666666667 0.0730462962962963
3 0.64678125 0.3662592592592593 0.05493229166666667 0.08744444444444444
3 0.6694947916666667 0.37860185185185186 0.029171875 0.07818518518518518
3 0.7159270833333333 0.39087037037037037 0.0726875 0.09656481481481483
5 0.9503072916666666 0.40149074074074076 0.039296875 0.10648148148148148
5 0.7851145833333334 0.4193148148148148 0.029515625 0.08730555555555557
3 0.8271875000000001 0.4351851851851852 0.062734375 0.10287962962962963
5 0.876953125 0.4537037037037037 0.029156249999999998 0.09464814814814815
5 0.9110885416666666 0.46219444444444446 0.02740625 0.1054537037037037
5 0.9860208333333333 0.4709351851851852 0.027963541666666664 0.20112962962962963
3 0.9351197916666667 0.49871296296296297 0.03496354166666667 0.09619444444444444