5 0.759046875 0.17129166666666668 0.0049296875 0.020833333333333332
5 0.7502578125 0.17708333333333334 0.0062265624999999995 0.028930555555555553
3 0.7149921875 0.18004166666666666 0.005625 0.017013888888888887
2 0.6173203125 0.18819444444444444 0.037171875 0.06065277777777778
5 0.6716328125000001 0.18941666666666665 0.007265625 0.023958333333333335
1 0.7855000000000001 0.19427777777777777 0.0342265625 0.025347222222222222
3 0.7131406250000001 0.1954861111111111 0.0042578125 0.020833333333333332
3 0.670953125 0.20920833333333333 0.0055078125 0.019097222222222224
5 0.45824218749999995 0.285875 0.0247265625 0.10231944444444445
5 0.5696796875000001 0.3576388888888889 0.042398437500000004 0.07361111111111111
3 0.5721484375 0.44583333333333336 0.0353671875 0.1111111111111111