3 0.71584375 0.11398148148148148 0.029223958333333334 0.052472222222222226
3 0.7112552083333333 0.11816666666666667 0.026994791666666667 0.044972222222222226
3 0.7043125 0.12257407407407407 0.025010416666666667 0.039685185185185184
3 0.702578125 0.1347037037037037 0.013109375000000001 0.04188888888888889
0 0.6708958333333332 0.13475925925925925 0.051484375 0.09160185185185186
0 0.7542291666666666 0.1383888888888889 0.03696875 0.09093518518518517
5 0.6546302083333334 0.14760185185185185 0.015536458333333333 0.050111111111111106
3 0.72503125 0.16121296296296297 0.020614583333333332 0.03869444444444444
5 0.6396197916666666 0.16230555555555554 0.013703125 0.09259259259259259
5 0.624765625 0.16421296296296295 0.018307291666666666 0.08877777777777777
5 0.5809635416666666 0.16829629629629628 0.0189375 0.04575
3 0.7426979166666666 0.17262037037037037 0.040692708333333334 0.01786111111111111
5 0.6111354166666667 0.1726574074074074 0.022291666666666664 0.0958611111111111
3 0.7545260416666667 0.1854074074074074 0.03913020833333333 0.023370370370370368
3 0.48691666666666666 0.1868148148148148 0.026916666666666665 0.04030555555555556
5 0.6667291666666666 0.18736111111111112 0.020739583333333332 0.05664814814814815
5 0.6878645833333333 0.18981481481481483 0.017671875 0.06154629629629629
5 0.6511093750000001 0.20207407407407407 0.022583333333333334 0.07080555555555555
3 0.7297291666666667 0.20260185185185187 0.035171875 0.029537037037037035
3 0.5808020833333334 0.2026111111111111 0.043125 0.04901851851851852
3 0.5731458333333334 0.21187037037037038 0.03700520833333333 0.04466666666666667
3 0.4970208333333333 0.2175925925925926 0.034880208333333336 0.058277777777777776
3 0.6919114583333333 0.21957407407407406 0.06171875 0.041444444444444443
3 0.5527760416666666 0.22331481481481483 0.033640625 0.05773148148148148
3 0.5411354166666666 0.23692592592592593 0.04099479166666666 0.050111111111111106
3 0.5319479166666666 0.24863888888888885 0.041 0.058277777777777776
1 0.7321458333333334 0.25026851851851856 0.10438541666666666 0.07244444444444444
3 0.5173958333333333 0.2614351851851852 0.04253645833333333 0.07080555555555555
3 0.4947135416666667 0.2810462962962963 0.04373958333333334 0.05882407407407408
3 0.4083333333333333 0.2935740740740741 0.04315625 0.06644444444444444
3 0.47143229166666667 0.2952037037037037 0.04803645833333334 0.05882407407407408
1 0.6050052083333333 0.29545370370370366 0.152859375 0.13636111111111113
3 0.46086458333333336 0.2990185185185185 0.050796875 0.07189814814814816
1 0.6998177083333333 0.3058240740740741 0.18802083333333333 0.10294444444444445
5 0.4418697916666667 0.3148148148148148 0.03854166666666667 0.07951851851851852
3 0.41415104166666666 0.32135185185185183 0.025390625 0.051194444444444445
3 0.445390625 0.3594814814814815 0.06396354166666667 0.05664814814814815
1 0.6705520833333334 0.43153703703703705 0.22874999999999998 0.23344444444444445
3 0.22877604166666668 0.44716666666666666 0.03882291666666667 0.05555555555555555
1 0.4892291666666667 0.45075925925925925 0.16372395833333334 0.20454629629629628
5 0.22495833333333334 0.47358333333333336 0.040989583333333336 0.08877777777777777
5 0.198765625 0.48420370370370375 0.020479166666666666 0.08714814814814816
3 0.18022395833333332 0.51525 0.03424479166666667 0.08278703703703703
3 0.161078125 0.5310462962962963 0.0468125 0.09803703703703703
5 0.5468802083333333 0.5315648148148149 0.04109895833333333 0.17255555555555557
3 0.23245833333333332 0.5345833333333333 0.08969270833333334 0.11492592592592593
3 0.13886979166666666 0.5536481481481482 0.049578125 0.08550925925925926
3 0.11191666666666666 0.5629074074074074 0.031208333333333334 0.05174074074074074
3 0.10149999999999999 0.6021203703703704 0.04530208333333333 0.09204629629629629
3 0.08294791666666666 0.6151944444444444 0.047421874999999995 0.08987037037037038
3 0.06441666666666666 0.6282685185185185 0.044671875 0.08769444444444444
1 0.33113020833333334 0.6339722222222223 0.22035416666666666 0.26851851851851855
3 0.041749999999999995 0.6565925925925926 0.0379375 0.10512037037037038
3 0.02383333333333333 0.668574074074074 0.040088541666666665 0.10294444444444445
5 0.15228125 0.6920555555555555 0.04353125 0.20062037037037037
3 0.009229166666666667 0.7056111111111111 0.018453125 0.0778888888888889
1 0.6514479166666667 0.779462962962963 0.3606770833333333 0.4057222222222222
1 0.021531250000000002 0.82625 0.042234375000000005 0.1884537037037037
3 0.717703125 0.08686111111111111 0.026000000000000002 0.018518518518518517