3 0.7168802083333333 0.10117592592592592 0.01996875 0.021444444444444443
3 0.7097083333333334 0.10866666666666666 0.025036458333333334 0.02575925925925926
3 0.7047864583333333 0.11976851851851851 0.020468749999999997 0.02512037037037037
3 0.6950052083333333 0.12947222222222224 0.019609375 0.04022222222222222
5 0.7301302083333333 0.13287962962962963 0.013723958333333335 0.07338888888888889
0 0.7549270833333334 0.1377037037037037 0.03683854166666667 0.0824537037037037
0 0.669484375 0.13824074074074075 0.05364583333333333 0.09121296296296297
3 0.6349322916666666 0.16212962962962962 0.02606770833333333 0.029305555555555553
3 0.6224166666666666 0.17773148148148146 0.029947916666666668 0.04764814814814815
3 0.7098177083333332 0.1814537037037037 0.017296875 0.048796296296296296
3 0.6037760416666667 0.18313888888888888 0.025109375 0.05218518518518518
3 0.7429375 0.18313888888888888 0.040630208333333334 0.034212962962962966
3 0.5892708333333334 0.19597222222222221 0.030994791666666667 0.062157407407407404
3 0.699328125 0.20060185185185186 0.022708333333333334 0.02076851851851852
3 0.4936666666666667 0.2015 0.036348958333333334 0.0547037037037037
3 0.7064895833333333 0.2213611111111111 0.030802083333333334 0.03017592592592593
3 0.5586302083333333 0.22516666666666668 0.04525520833333333 0.055824074074074075
5 0.49479687499999997 0.2263425925925926 0.017718750000000002 0.046175925925925926
3 0.5375104166666667 0.23825 0.04290104166666667 0.05959259259259259
1 0.7320833333333333 0.24399074074074073 0.09629687499999999 0.05477777777777777
3 0.5271614583333333 0.25472222222222224 0.04363020833333333 0.05651851851851852
1 0.6368697916666667 0.25893518518518516 0.11873958333333333 0.11950925925925926
3 0.5155572916666666 0.2637685185185185 0.04480208333333333 0.05991666666666666
3 0.49022916666666666 0.2808240740740741 0.04119791666666666 0.05708333333333333
3 0.412234375 0.2843981481481481 0.041630208333333335 0.06349074074074074
3 0.42320312499999996 0.2845925925925926 0.029651041666666666 0.03787037037037037
3 0.471734375 0.2891111111111111 0.04172395833333333 0.054453703703703706
1 0.7089791666666667 0.29129629629629633 0.13691145833333335 0.05477777777777777
3 0.4623541666666667 0.30069444444444443 0.046921875 0.06255555555555556
3 0.43130208333333336 0.3259444444444444 0.047343750000000004 0.05388888888888889
5 0.22967708333333334 0.4160277777777778 0.031229166666666665 0.07968518518518519
1 0.6678958333333332 0.4263888888888889 0.23132291666666666 0.20762962962962964
3 0.20304166666666665 0.4495277777777778 0.02363541666666667 0.05893518518518518
3 0.18922916666666667 0.4622407407407408 0.0168125 0.04622222222222223
3 0.17103125 0.4856388888888889 0.02721875 0.04911111111111111
5 0.721765625 0.5028796296296296 0.035187500000000003 0.18100925925925926
3 0.1554375 0.5110648148148148 0.023328124999999998 0.04680555555555555
5 0.751421875 0.5154722222222222 0.027208333333333334 0.1872962962962963
5 0.132203125 0.5281018518518519 0.019760416666666666 0.0739537037037037
5 0.11725520833333333 0.5422592592592592 0.014567708333333334 0.06528703703703705
3 0.11205208333333333 0.5619074074074074 0.030817708333333336 0.06875925925925927
3 0.09645833333333333 0.5783703703703703 0.028874999999999998 0.0832037037037037
3 0.07712500000000001 0.6009074074074074 0.02726041666666667 0.06933333333333333
2 0.29076562499999997 0.6116018518518518 0.3028645833333333 0.3323611111111111
5 0.0584375 0.6147777777777778 0.03279166666666667 0.11093518518518519
3 0.10897916666666667 0.6363148148148149 0.059083333333333335 0.06481481481481481
3 0.7375781250000001 0.06997222222222221 0.013114583333333334 0.015351851851851851
3 0.7320156250000001 0.07275925925925926 0.017244791666666665 0.01737962962962963
1 0.6536302083333333 0.7687314814814815 0.3640833333333333 0.37571296296296297
2 0.08837500000000001 0.784537037037037 0.1740729166666667 0.3795925925925926
3 0.7256979166666666 0.08094444444444444 0.018328124999999997 0.012685185185185185
3 0.7200208333333333 0.0870925925925926 0.02025 0.02499074074074074