3 0.23798958333333334 0.97175 0.05102083333333333 0.05650925925925926
5 0.5585885416666667 0.25928703703703704 0.005276041666666667 0.03465740740740741
5 0.552578125 0.2681944444444444 0.008192708333333333 0.034333333333333334
5 0.641390625 0.2839074074074074 0.005078125 0.03206481481481482
5 0.6480364583333333 0.2840648148148148 0.006713541666666667 0.031092592592592592
5 0.6622447916666666 0.2856851851851852 0.004526041666666666 0.00712962962962963
5 0.589375 0.30366666666666664 0.010729166666666668 0.04178703703703704
5 0.5801770833333334 0.3043148148148148 0.006572916666666666 0.037898148148148146
5 0.5962968750000001 0.30722222222222223 0.004166666666666667 0.04437962962962963
1 0.5566614583333334 0.310462962962963 0.054625 0.03012037037037037
2 0.7073333333333333 0.3133796296296296 0.08194270833333334 0.08648148148148149
1 0.5497395833333333 0.31402777777777774 0.054989583333333335 0.023648148148148147
5 0.6014895833333332 0.3143518518518518 0.008359375 0.05538888888888889
5 0.6084999999999999 0.3153240740740741 0.009994791666666667 0.0527962962962963
5 0.6626197916666666 0.31612962962962965 0.007817708333333333 0.050527777777777776
5 0.7403125 0.3258518518518519 0.006880208333333334 0.030444444444444448
1 0.5396302083333333 0.3260092592592592 0.03586458333333333 0.03206481481481482
5 0.6234427083333334 0.338 0.012234374999999999 0.07352777777777778
3 0.6058489583333333 0.3532222222222222 0.013072916666666667 0.00938888888888889
5 0.6333645833333333 0.3611111111111111 0.016557291666666665 0.08487037037037037
3 0.6953645833333333 0.36260185185185184 0.017453125 0.042
3 0.6965729166666667 0.36508333333333337 0.00759375 0.039685185185185184
0 0.5758385416666666 0.3678703703703704 0.045385416666666664 0.08158333333333333
3 0.6095833333333334 0.37557407407407406 0.021994791666666666 0.0385462962962963
5 0.6036614583333333 0.40099999999999997 0.02363541666666667 0.05765740740740741
3 0.5668593749999999 0.40714814814814815 0.05097395833333333 0.02914814814814815
0 0.7229947916666667 0.4077037037037037 0.04565104166666667 0.1373425925925926
3 0.696203125 0.4188148148148148 0.009453125 0.0479537037037037
5 0.594375 0.439537037037037 0.05724479166666666 0.055064814814814816
3 0.6061145833333333 0.44472222222222224 0.05405729166666667 0.06154629629629629
3 0.770328125 0.4543611111111111 0.05726041666666667 0.04762037037037037
3 0.7824166666666666 0.45667592592592593 0.058 0.02447222222222222
5 0.5817187500000001 0.45799999999999996 0.06944270833333334 0.052472222222222226
5 0.5780729166666667 0.4742037037037037 0.07126562500000001 0.08226851851851852
3 0.785390625 0.4747037037037037 0.067296875 0.03009259259259259
5 0.5528333333333334 0.47500925925925924 0.07575 0.05733333333333333
5 0.5469114583333333 0.49362962962962964 0.08613541666666666 0.06672222222222222
3 0.808265625 0.5009907407407408 0.026375 0.04034259259259259
3 0.8318958333333334 0.5099166666666667 0.067671875 0.042324074074074076
5 0.5378020833333333 0.5284537037037037 0.10290104166666666 0.13312962962962963
3 0.8339375 0.5286018518518518 0.07250520833333333 0.03869444444444444
3 0.8605364583333334 0.5553888888888889 0.06691666666666667 0.07043518518518518
3 0.874109375 0.5606851851851852 0.081046875 0.0631574074074074
3 0.8084635416666667 0.5679537037037037 0.033828125 0.057212962962962965
3 0.8845260416666666 0.600037037037037 0.061703125 0.08499074074074074
3 0.47153645833333335 0.6110740740740741 0.10243229166666666 0.15694444444444444
3 0.9207083333333334 0.6421944444444445 0.093140625 0.11706481481481482
3 0.8309583333333334 0.6466574074074074 0.08477604166666668 0.14583333333333334
3 0.43678125 0.6533981481481481 0.13163541666666667 0.11307407407407408
3 0.9080625 0.6712962962962963 0.08421875 0.12037037037037036
3 0.35060416666666666 0.6873888888888889 0.11011979166666667 0.1760925925925926
5 0.4186302083333333 0.695861111111111 0.053281249999999995 0.2775277777777778
3 0.97278125 0.7306574074074074 0.05443229166666667 0.08499074074074074
2 0.6460833333333333 0.7329814814814815 0.29731250000000004 0.5337314814814814
3 0.8876927083333332 0.7756296296296296 0.13127604166666668 0.15311111111111111
3 0.9777135416666667 0.78075 0.044578125 0.11971296296296295
5 0.30105208333333333 0.9236111111111112 0.08092708333333333 0.1527777777777778