5 0.247953125 0.23900925925925925 0.014984375 0.052083333333333336
5 0.1295 0.2601851851851852 0.043666666666666666 0.17962962962962964
1 0.4145989583333333 0.2777777777777778 0.11006770833333333 0.09490740740740741
5 0.65934375 0.29109259259259257 0.018744791666666667 0.08680555555555555
5 0.5330677083333334 0.3038240740740741 0.035895833333333335 0.13541666666666666
5 0.25153125 0.3148148148148148 0.029953125 0.10416666666666667
5 0.6053177083333333 0.3211851851851852 0.021364583333333336 0.14930555555555555
5 0.337125 0.32234259259259257 0.030557291666666667 0.11921296296296297
5 0.62778125 0.33160185185185187 0.03788020833333334 0.15162037037037038
3 0.6789114583333333 0.36748148148148146 0.057875 0.09606481481481481
3 0.6987656250000001 0.37442592592592594 0.05591666666666666 0.1099537037037037
3 0.7254531249999999 0.386 0.052000000000000005 0.11226851851851852
3 0.7482343749999999 0.4027777777777778 0.05069270833333333 0.1087962962962963
3 0.7729739583333333 0.4033611111111111 0.051984375 0.12384259259259259
3 0.80584375 0.4201388888888889 0.05002604166666667 0.12268518518518519
5 0.5612135416666667 0.42777777777777776 0.04915625 0.2222222222222222
3 0.8348125 0.44328703703703703 0.05327083333333334 0.10416666666666667
3 0.8595520833333333 0.45081481481481483 0.069109375 0.11226851851851852
3 0.8865677083333333 0.45717592592592593 0.035921875 0.12962962962962962
3 0.8969843750000001 0.47512037037037036 0.0268125 0.11226851851851852
3 0.9207447916666667 0.4895833333333333 0.03138020833333333 0.11805555555555555
3 0.9480833333333333 0.4895833333333333 0.027479166666666666 0.1527777777777778
3 0.9760729166666666 0.4959537037037037 0.03139583333333333 0.16550925925925927
3 0.9929947916666666 0.5353055555555556 0.013171875 0.09606481481481481
3 0.152921875 0.7898148148148149 0.171765625 0.2796296296296296
5 0.913234375 0.8379629629629629 0.07155208333333334 0.32037037037037036