4 0.7273125 0.15155555555555555 0.0238671875 0.043250000000000004
5 0.751328125 0.172125 0.0036875 0.021819444444444447
5 0.755234375 0.1748472222222222 0.004125 0.024305555555555556
5 0.44859375 0.17515277777777777 0.023296875 0.0756111111111111
5 0.74728125 0.17609722222222224 0.006195312499999999 0.027777777777777776
5 0.6539140625 0.19065277777777778 0.008828125000000001 0.025027777777777777
1 0.7825703125000001 0.19693055555555555 0.0399609375 0.03373611111111111
5 0.42515625 0.19906944444444447 0.028515625 0.058638888888888886
5 0.679765625 0.21655555555555553 0.0143984375 0.026111111111111113
5 0.5966171874999999 0.21658333333333332 0.010320312500000001 0.04247222222222222
3 0.6513125 0.21790277777777775 0.0091796875 0.028291666666666666
5 0.604265625 0.218125 0.00859375 0.04818055555555555
3 0.6001015625 0.24177777777777779 0.01315625 0.029611111111111112
3 0.6779765624999999 0.24675 0.014820312499999998 0.033819444444444444
4 0.420796875 0.25790277777777776 0.22779687499999998 0.2822777777777778
5 0.5375390624999999 0.3100138888888889 0.0222890625 0.06186111111111111
5 0.550265625 0.3175 0.0221796875 0.08183333333333334
5 0.6602734375 0.3514305555555556 0.022078125 0.120875
5 0.52896875 0.37274999999999997 0.039953125 0.13130555555555556
5 0.652109375 0.39493055555555556 0.03103125 0.17709722222222224
3 0.530578125 0.4280277777777778 0.025468750000000002 0.10544444444444445
5 0.7360703125 0.5656111111111112 0.0400859375 0.18055555555555555