4 0.21328645833333332 0.2621851851851852 0.11053645833333332 0.1839537037037037
4 0.326546875 0.2777777777777778 0.11049479166666668 0.24074074074074073
1 0.442796875 0.2789351851851852 0.14559375000000002 0.1063148148148148
3 0.573328125 0.32834259259259263 0.054609374999999995 0.0752037037037037
3 0.6155052083333333 0.3301388888888889 0.04417708333333333 0.05658333333333333
5 0.807453125 0.3465648148148148 0.028067708333333333 0.11375925925925925
5 0.925421875 0.3506944444444444 0.016572916666666666 0.0763888888888889
3 0.6358125 0.35110185185185183 0.042088541666666666 0.08183333333333333
3 0.6532604166666667 0.3582592592592593 0.045723958333333335 0.08132407407407408
3 0.6740625 0.3702222222222222 0.050515624999999995 0.08687962962962963
3 0.7125052083333333 0.38360185185185186 0.043791666666666666 0.0793611111111111
3 0.7489583333333333 0.3991388888888889 0.05865625 0.08531481481481482
2 0.841015625 0.6451851851851852 0.30709375 0.3827685185185185