1 0.6531927083333334 0.20678703703703705 0.24611458333333333 0.2654351851851852
5 0.7111302083333333 0.25849074074074074 0.022807291666666667 0.06326851851851852
5 0.9109739583333333 0.2700648148148148 0.05334375 0.18826851851851853
4 0.1998541666666667 0.031342592592592596 0.05169791666666667 0.06267592592592593
3 0.8649739583333333 0.32099074074074074 0.08633854166666667 0.15432407407407406
3 0.81203125 0.3672870370370371 0.09851041666666666 0.17900925925925928
5 0.32891145833333335 0.047324074074074074 0.020010416666666666 0.09464814814814815
5 0.16179687499999998 0.05127777777777778 0.011604166666666667 0.03846296296296296
3 0.19644270833333335 0.05449074074074074 0.045640625 0.05057407407407407
4 0.7043645833333334 0.6265462962962962 0.5845781250000001 0.7469074074074074
3 0.160796875 0.08262037037037037 0.014411458333333333 0.031342592592592596