1 0.11370833333333333 0.23726851851851852 0.052161458333333334 0.04398148148148148
4 0.196046875 0.26678703703703704 0.08783333333333333 0.13310185185185186
3 0.46852083333333333 0.27314814814814814 0.061625 0.05740740740740741
4 0.31892708333333336 0.27980555555555553 0.11222916666666666 0.23900925925925925
5 0.247984375 0.3072962962962963 0.028286458333333334 0.12268518518518519
5 0.27109375 0.3197314814814815 0.024374999999999997 0.13251851851851854
3 0.583453125 0.3264537037037037 0.040614583333333336 0.09736111111111112
3 0.59703125 0.333212962962963 0.042567708333333336 0.09774074074074074
3 0.6168020833333333 0.3365 0.047343750000000004 0.09889814814814815
3 0.63646875 0.3392037037037037 0.047552083333333335 0.10122222222222221
3 0.6578697916666666 0.34925 0.053411458333333335 0.09658333333333334
2 0.8401354166666667 0.7569074074074075 0.31840625 0.4641296296296296
3 0.24875 0.8416666666666667 0.103 0.3055555555555556