5 0.7205156250000001 0.10811111111111112 0.019244791666666667 0.058277777777777776
5 0.7050468750000001 0.12010185185185186 0.012817708333333334 0.06917592592592592
0 0.7522916666666667 0.13425925925925927 0.031760416666666666 0.07905555555555555
0 0.6697760416666667 0.13532407407407407 0.048552083333333336 0.09259259259259259
5 0.6878124999999999 0.1388888888888889 0.017161458333333334 0.07976851851851853
5 0.6387395833333334 0.13960185185185187 0.011171875 0.034185185185185187
5 0.7038333333333333 0.13995370370370372 0.012348958333333333 0.0819074074074074
5 0.66578125 0.14316666666666666 0.014765625000000001 0.05555555555555555
3 0.7270572916666667 0.1574074074074074 0.017328125000000003 0.031342592592592596
5 0.6369427083333333 0.17058333333333334 0.02127604166666667 0.08618518518518518
5 0.7500989583333334 0.17094444444444445 0.018338541666666666 0.059833333333333336
5 0.6669791666666666 0.17877777777777779 0.009958333333333335 0.02849074074074074
3 0.7116354166666666 0.18233333333333332 0.028140625 0.029916666666666668
5 0.6099010416666667 0.1873240740740741 0.022395833333333334 0.07692592592592593
3 0.488421875 0.18796296296296297 0.020401041666666668 0.037037037037037035
5 0.5878697916666666 0.18875 0.016052083333333335 0.07407407407407407
5 0.6862135416666667 0.19266666666666668 0.021291666666666667 0.05341666666666667
3 0.5743385416666666 0.19537037037037036 0.031640625 0.053703703703703705
3 0.7328645833333333 0.19942592592592592 0.02975 0.027064814814814816
5 0.6499583333333334 0.20049999999999998 0.012869791666666667 0.06766666666666667
3 0.6134947916666668 0.20085185185185184 0.026500000000000003 0.047009259259259265
5 0.662375 0.2037037037037037 0.015276041666666665 0.06695370370370371
3 0.496234375 0.20787037037037037 0.03290625 0.075
3 0.55325 0.2125 0.03216666666666666 0.06018518518518518
5 0.7058229166666667 0.21474074074074073 0.013921875 0.026351851851851852
3 0.5417916666666667 0.22592592592592592 0.038421875 0.05740740740740741
3 0.533203125 0.24351851851851852 0.03894270833333333 0.06666666666666667
1 0.7320677083333333 0.24768518518518517 0.09861979166666666 0.06944444444444445
3 0.5188802083333334 0.25416666666666665 0.039468750000000004 0.0787037037037037
3 0.4957083333333333 0.2712962962962963 0.043125 0.07407407407407407
3 0.4740989583333333 0.28425925925925927 0.04469270833333334 0.07777777777777778
3 0.41108854166666664 0.2851851851851852 0.045760416666666665 0.08518518518518518
3 0.46264062499999997 0.29305555555555557 0.05094791666666666 0.08425925925925926
1 0.6058125000000001 0.2951388888888889 0.1486822916666667 0.14583333333333334
1 0.695609375 0.3113425925925926 0.16893229166666668 0.09490740740740741
1 0.6695677083333333 0.4305555555555556 0.22622395833333334 0.23148148148148148
5 0.6460312500000001 0.44378703703703704 0.03584895833333333 0.20502777777777778
1 0.4902552083333333 0.44483333333333336 0.16416145833333334 0.2152777777777778
3 0.23548958333333334 0.4583333333333333 0.04674479166666667 0.09876851851851852
3 0.21552604166666667 0.4714537037037037 0.04328125 0.10956481481481481
5 0.6000260416666666 0.4735462962962963 0.04255208333333334 0.21781481481481482
3 0.20120833333333332 0.49074074074074076 0.05456770833333333 0.10493518518518519
5 0.6858229166666666 0.4920648148148148 0.045223958333333335 0.19047222222222224
3 0.182546875 0.507712962962963 0.043291666666666666 0.11419444444444445
3 0.16041666666666668 0.5277777777777778 0.04590625 0.09876851851851852
3 0.13915104166666667 0.5462962962962963 0.048515625 0.11419444444444445
3 0.12049479166666667 0.5748425925925926 0.051125 0.09722222222222222
3 0.10270312499999999 0.5941388888888889 0.048531250000000005 0.10185185185185185
3 0.08491145833333333 0.6118796296296297 0.04072395833333333 0.0941388888888889
3 0.06451562500000001 0.617287037037037 0.04507291666666667 0.11728703703703704
3 0.04064583333333334 0.6427499999999999 0.03900520833333333 0.12191666666666666
3 0.023723958333333333 0.6612685185185185 0.04334895833333333 0.11574074074074074
3 0.010140624999999999 0.7037037037037037 0.020276041666666668 0.08641666666666667
3 0.7265 0.07407407407407407 0.013552083333333333 0.018518518518518517
1 0.6575208333333333 0.7746944444444444 0.37629687500000003 0.40123148148148147
5 0.73996875 0.0781574074074074 0.0066770833333333335 0.02450925925925926
5 0.7513020833333334 0.08033333333333334 0.010963541666666667 0.026685185185185187
5 0.703515625 0.09013888888888888 0.008531249999999999 0.023416666666666665