5 0.6731874999999999 0.2826018518518518 0.005578125000000001 0.02822222222222222
5 0.699609375 0.2907314814814815 0.0029375 0.013935185185185186
5 0.7032395833333334 0.29132407407407407 0.004463541666666667 0.014444444444444444
5 0.6884635416666666 0.2920740740740741 0.005203125 0.01813888888888889
5 0.713703125 0.2989722222222222 0.003411458333333333 0.009342592592592593
5 0.7046718750000001 0.29930555555555555 0.004463541666666667 0.016824074074074075
5 0.6614739583333333 0.30085185185185187 0.008098958333333333 0.04268518518518519
5 0.69215625 0.3013518518518518 0.0040885416666666665 0.011722222222222222
5 0.7101197916666667 0.30312962962962964 0.0033177083333333335 0.016990740740740744
5 0.694640625 0.3058518518518518 0.005427083333333333 0.02175
3 0.68175 0.3063240740740741 0.010598958333333333 0.016435185185185185
3 0.686234375 0.31466666666666665 0.010182291666666668 0.01937962962962963
2 0.5556927083333334 0.31583333333333335 0.07044270833333334 0.0300462962962963
5 0.6986510416666667 0.3254722222222222 0.006953125 0.021916666666666668
1 0.5369427083333334 0.3260925925925926 0.03501041666666667 0.0337037037037037
3 0.6925104166666666 0.3271851851851852 0.011421875 0.02036111111111111
1 0.7241093749999999 0.3493425925925926 0.058875000000000004 0.07468518518518519
3 0.6185520833333332 0.36144444444444446 0.009859375 0.03407407407407407
0 0.573828125 0.37299074074074073 0.046947916666666666 0.10112037037037036
3 0.6129895833333333 0.3827037037037037 0.018927083333333334 0.04652777777777778
0 0.724453125 0.3930185185185185 0.047359375 0.11262962962962964
3 0.6086614583333334 0.4015648148148148 0.016453125 0.04396296296296296
3 0.5891614583333333 0.422962962962963 0.0470625 0.04362037037037037
3 0.758765625 0.435037037037037 0.04002083333333333 0.016259259259259258
3 0.7643072916666667 0.4441574074074074 0.042234375000000005 0.01872222222222222
5 0.7239479166666667 0.44599074074074074 0.027380208333333333 0.1265462962962963
3 0.5838020833333334 0.4470277777777778 0.056651041666666666 0.04062037037037037
3 0.7659687500000001 0.45499074074074075 0.048604166666666664 0.01576851851851852
3 0.7789895833333333 0.45893518518518517 0.04444270833333333 0.016259259259259258
3 0.7719947916666666 0.47150000000000003 0.046802083333333334 0.013305555555555555
3 0.5798489583333333 0.4716018518518518 0.06511458333333334 0.05365740740740741
3 0.7724791666666667 0.4807407407407408 0.05608333333333334 0.011083333333333334
3 0.5533229166666668 0.4863240740740741 0.06681770833333332 0.050944444444444445
3 0.7783020833333333 0.4924351851851852 0.061078125 0.020694444444444446
3 0.7934687500000001 0.5082037037037037 0.05123958333333333 0.027101851851851853
3 0.5450729166666667 0.5198981481481482 0.08766145833333333 0.034740740740740746
3 0.8317864583333333 0.5234814814814815 0.056364583333333336 0.030546296296296297
3 0.7801718750000001 0.5353055555555556 0.047364583333333335 0.04138888888888889
3 0.8429427083333334 0.5393703703703704 0.05927604166666667 0.019953703703703703
3 0.8558229166666667 0.5545185185185185 0.05234375 0.015277777777777777
3 0.5365572916666667 0.5631296296296295 0.09755729166666667 0.08723148148148148
3 0.8646302083333333 0.5701574074074074 0.046390625 0.012564814814814815
3 0.8049375 0.5703240740740741 0.04440625 0.056962962962962965
3 0.7514791666666666 0.5770833333333333 0.028010416666666666 0.06906481481481481
3 0.47665104166666666 0.5777962962962963 0.089765625 0.09958333333333333
3 0.873703125 0.5901111111111111 0.05123958333333333 0.024388888888888887
3 0.45819791666666665 0.5990277777777778 0.10322916666666666 0.09417592592592593
3 0.9256614583333334 0.6158888888888888 0.05036458333333334 0.04984259259259259
3 0.8099375 0.6198055555555555 0.06322395833333333 0.06051851851851852
3 0.4364895833333333 0.6368518518518518 0.11279166666666667 0.08800000000000001
3 0.7452708333333333 0.6489074074074075 0.058046875000000005 0.10306481481481482
3 0.84646875 0.6505925925925926 0.062177083333333334 0.022166666666666668
3 0.9510885416666667 0.6625277777777777 0.05235416666666667 0.05339814814814815
3 0.02041666666666667 0.6701388888888888 0.04083333333333334 0.1412037037037037
3 0.42650520833333333 0.6812314814814815 0.11540104166666666 0.132
3 0.9675104166666666 0.6813981481481481 0.04673958333333333 0.04841666666666666
3 0.8594270833333333 0.6834722222222221 0.06342708333333333 0.026851851851851852
3 0.3611666666666667 0.7074814814814815 0.13756770833333334 0.132
3 0.8719635416666667 0.7189537037037037 0.077140625 0.029805555555555554
3 0.969109375 0.7415555555555555 0.04433854166666666 0.07475925925925926
3 0.8652447916666667 0.7614444444444445 0.08448958333333333 0.03941666666666667
3 0.7626927083333332 0.7738703703703703 0.06004166666666667 0.2063148148148148
3 0.9805208333333333 0.7899722222222222 0.03272395833333333 0.06763888888888889
3 0.8675989583333333 0.8305462962962963 0.09917187499999999 0.0707037037037037
3 0.8922239583333333 0.8925092592592593 0.06759375 0.07903703703703703