1 0.48224999999999996 0.8246527777777778 0.50216796875 0.3506944444444444
1 0.8590039062500001 0.08523611111111111 0.058371093750000005 0.0176875
5 0.8422812499999999 0.09172916666666667 0.0076171875 0.030416666666666665
1 0.859703125 0.09897222222222223 0.0565078125 0.022375
1 0.8633984375000001 0.124875 0.053511718750000006 0.042284722222222224
5 0.8048984375 0.1432013888888889 0.013976562500000001 0.0639375
3 0.5716249999999999 0.14939583333333334 0.012855468749999998 0.03229861111111111
5 0.57778515625 0.17377083333333332 0.01223046875 0.042180555555555554
4 0.717671875 0.18238888888888888 0.098734375 0.19556944444444443
5 0.6189843749999999 0.1849097222222222 0.01123046875 0.08781944444444444
5 0.63208984375 0.1874791666666667 0.01501171875 0.08774305555555555
5 0.5903671875 0.18840972222222221 0.01222265625 0.09079861111111111
5 0.6041015625 0.19649305555555555 0.0150234375 0.08708333333333333
5 0.613109375 0.44802777777777775 0.04512890625 0.2081111111111111