5 0.7150833333333334 0.09928703703703703 0.011770833333333335 0.04212037037037037
0 0.6706302083333333 0.12914814814814815 0.051770833333333335 0.06717592592592592
0 0.754578125 0.1340740740740741 0.03594270833333334 0.07818518518518518
5 0.7219895833333333 0.1363888888888889 0.009234375 0.04212037037037037
5 0.6454114583333334 0.13764814814814816 0.008942708333333334 0.03159259259259259
5 0.6778489583333334 0.13964814814814813 0.010078125 0.061675925925925926
5 0.73721875 0.1426574074074074 0.007531250000000001 0.04863888888888889
5 0.6582395833333333 0.1479259259259259 0.013734375 0.08123148148148149
5 0.6234114583333333 0.14892592592592593 0.009515625 0.053148148148148146
5 0.5840729166666667 0.1526851851851852 0.009250000000000001 0.025574074074074075
5 0.7053541666666666 0.15419444444444444 0.01375 0.04863888888888889
3 0.7238541666666667 0.16173148148148148 0.021203125 0.010685185185185185
5 0.7503333333333334 0.16723148148148148 0.010630208333333334 0.05465740740740741
5 0.6445624999999999 0.16898148148148148 0.012328125 0.026074074074074076
3 0.7444635416666666 0.16991666666666666 0.04278125 0.023555555555555555
5 0.6104427083333334 0.17099074074074072 0.01346875 0.0661851851851852
5 0.5842135416666667 0.17325000000000002 0.007838541666666667 0.028583333333333336
5 0.5640416666666667 0.18126851851851852 0.0120625 0.049638888888888885
5 0.6011354166666667 0.18201851851851852 0.01121875 0.08725000000000001
3 0.7085312500000001 0.1872037037037037 0.039239583333333335 0.02988888888888889
3 0.4902135416666667 0.18728703703703706 0.01896875 0.03450925925925926
5 0.5720781250000001 0.19882407407407407 0.012901041666666667 0.06468518518518518
3 0.732796875 0.19895370370370372 0.02921875 0.0225
3 0.6756770833333333 0.2069351851851852 0.017859375 0.0475
3 0.494 0.20917592592592593 0.027489583333333335 0.06312962962962963
3 0.555296875 0.2118611111111111 0.027291666666666665 0.05365740740740741
3 0.5850520833333334 0.2143611111111111 0.01684375 0.03961111111111111
5 0.669671875 0.21537037037037038 0.01346875 0.058666666666666666
3 0.6947447916666667 0.21775925925925926 0.03924479166666666 0.028546296296296295
5 0.6242604166666667 0.2184722222222222 0.012338541666666668 0.11201851851851852
5 0.65090625 0.22543518518518518 0.014296874999999999 0.08582407407407407
5 0.6365260416666667 0.23273148148148148 0.012614583333333334 0.1175462962962963
3 0.5340052083333333 0.24119444444444446 0.03434895833333333 0.05114814814814815
3 0.5447291666666667 0.24194444444444446 0.033796875 0.0727037037037037
1 0.7332083333333334 0.24509259259259258 0.10933854166666666 0.07813888888888888
5 0.511015625 0.261 0.02221875 0.11884259259259258
3 0.5252291666666667 0.2658611111111111 0.030328124999999997 0.05803703703703704
3 0.4921197916666667 0.2702777777777778 0.0318125 0.026074074074074076
3 0.40872395833333336 0.28291666666666665 0.03641666666666667 0.05480555555555555
3 0.6437395833333334 0.2834814814814815 0.047093750000000004 0.042444444444444444
3 0.4759479166666667 0.2854537037037037 0.04094791666666667 0.05687037037037037
3 0.46125 0.2937222222222223 0.03639583333333333 0.028564814814814817
3 0.472578125 0.2981388888888889 0.040802083333333336 0.0512962962962963
3 0.4499791666666667 0.31349074074074074 0.06311979166666666 0.07142592592592592
1 0.6987760416666667 0.31446296296296294 0.17217708333333331 0.08819444444444445
1 0.6668125 0.42327777777777775 0.23785416666666667 0.23280555555555557
3 0.235984375 0.4640740740740741 0.044875 0.08542592592592593
3 0.21592187499999999 0.48131481481481486 0.04177083333333333 0.09614814814814815
3 0.20588020833333334 0.5021203703703704 0.04533854166666666 0.0884074074074074
3 0.1579947916666667 0.5193981481481482 0.03916145833333333 0.10918518518518519
3 0.18530729166666668 0.5201296296296296 0.038114583333333334 0.08969444444444445
2 0.098421875 0.6362407407407408 0.19035416666666669 0.2910092592592593
3 0.009880208333333333 0.7025462962962963 0.019765625000000002 0.08333333333333333
5 0.7527083333333333 0.0706574074074074 0.00646875 0.024324074074074074
5 0.74603125 0.07673148148148148 0.0025625 0.032435185185185185
5 0.7400885416666667 0.07731481481481481 0.004682291666666667 0.032435185185185185
1 0.6531822916666666 0.7855 0.3676197916666667 0.39198148148148143
5 0.7315781250000001 0.08549074074074074 0.010354166666666666 0.04262037037037037