4 0.12038541666666666 0.2072037037037037 0.03947395833333334 0.07994444444444444
5 0.15064583333333334 0.2243425925925926 0.009119791666666667 0.04078703703703703
4 0.208921875 0.2618611111111111 0.1100625 0.17784259259259258
5 0.18505729166666668 0.29082407407407407 0.021041666666666667 0.14602777777777778
4 0.3252447916666667 0.29938888888888887 0.11432812499999999 0.2659444444444445
3 0.5754427083333333 0.3262222222222222 0.05728645833333333 0.08623148148148148
3 0.6181822916666667 0.3368055555555556 0.043911458333333334 0.09871296296296296
3 0.636328125 0.34303703703703703 0.04786979166666667 0.10575925925925926
3 0.6582916666666667 0.3544259259259259 0.05335416666666667 0.10467592592592592
3 0.6778229166666667 0.3658148148148148 0.06011979166666667 0.10467592592592592
3 0.715640625 0.38778703703703704 0.05525520833333333 0.10630555555555556
3 0.7517864583333334 0.39564814814814814 0.05679166666666667 0.11118518518518518
5 0.94540625 0.40544444444444444 0.03403645833333333 0.1158425925925926
5 0.879796875 0.4087037037037037 0.03309895833333333 0.186
5 0.7894062500000001 0.42094444444444445 0.02290625 0.09137037037037038
3 0.8292916666666666 0.43442592592592594 0.069578125 0.10955555555555554
3 0.9596822916666666 0.4859444444444445 0.060171875 0.14318518518518517
3 0.994578125 0.5325925925925926 0.010838541666666666 0.0997962962962963