3 0.7172760416666667 0.11090740740740741 0.026875 0.04474074074074074
3 0.7111875 0.11959259259259258 0.027546875000000002 0.038796296296296294
3 0.7120572916666668 0.1250740740740741 0.007333333333333333 0.029750000000000002
3 0.7004791666666667 0.13125925925925924 0.011223958333333334 0.038796296296296294
0 0.6708020833333334 0.13621296296296298 0.05196354166666666 0.0908148148148148
0 0.7556614583333333 0.13762962962962963 0.037661458333333335 0.08348148148148148
3 0.7477395833333333 0.1751388888888889 0.04227604166666667 0.019740740740740743
1 0.5919895833333333 0.18472222222222223 0.12152604166666667 0.11901851851851851
3 0.7301249999999999 0.18472222222222223 0.030375 0.019740740740740743
3 0.4966302083333333 0.2061574074074074 0.03430729166666667 0.05697222222222222
3 0.7234635416666666 0.21941666666666668 0.048140625000000006 0.05076851851851852
5 0.38781770833333334 0.27920370370370373 0.02663541666666667 0.09814814814814815
3 0.41810416666666667 0.28710185185185183 0.043421875000000006 0.05301851851851851
2 0.6841145833333333 0.3206574074074074 0.20105729166666667 0.22956481481481483
5 0.67334375 0.35055555555555556 0.027223958333333336 0.17880555555555558
5 0.271828125 0.39934259259259264 0.033880208333333335 0.13199074074074074
5 0.25945833333333335 0.4467222222222222 0.026270833333333334 0.06994444444444445
5 0.23376041666666666 0.46364814814814814 0.03452604166666667 0.15341666666666667
5 0.17047395833333334 0.4723888888888889 0.046286458333333336 0.13142592592592592
5 0.20013541666666665 0.47324074074074074 0.020583333333333335 0.1489074074074074
3 0.24342708333333332 0.4870555555555555 0.018958333333333334 0.052453703703703704
3 0.21883854166666666 0.4966481481481481 0.025625000000000002 0.05697222222222222
5 0.11049479166666668 0.5262592592592593 0.026588541666666667 0.08122222222222222
3 0.16316666666666665 0.5307685185185186 0.043729166666666666 0.08912037037037036
5 0.32847916666666666 0.5417685185185185 0.026614583333333334 0.09194444444444444
5 0.3611510416666667 0.5823796296296296 0.048171874999999996 0.16977777777777778
3 0.37988541666666664 0.6210185185185185 0.128203125 0.11845370370370371
5 0.06957291666666668 0.6294814814814815 0.03484895833333333 0.08686111111111111
3 0.01992708333333333 0.6774259259259259 0.031375 0.10491666666666667
3 0.653296875 0.7175925925925926 0.14941145833333333 0.19444444444444445