5 0.6598072916666666 0.2867314814814815 0.003390625 0.016666666666666666
5 0.679421875 0.2876574074074074 0.0058125 0.024694444444444446
5 0.6742135416666667 0.29444444444444445 0.005119791666666667 0.025925925925925925
5 0.6919166666666666 0.29444444444444445 0.005807291666666667 0.018518518518518517
5 0.6667500000000001 0.29506481481481484 0.00546875 0.032101851851851854
5 0.6625833333333334 0.2993796296296296 0.005473958333333333 0.032101851851851854
5 0.65703125 0.2996944444444445 0.0040885416666666665 0.04012037037037037
5 0.6891406250000001 0.2996944444444445 0.0044218750000000005 0.026546296296296297
5 0.6837604166666666 0.30062037037037037 0.006854166666666666 0.027157407407407404
2 0.5963020833333333 0.30162037037037037 0.026791666666666665 0.031018518518518518
1 0.5512083333333333 0.30468518518518517 0.054656249999999997 0.02836111111111111
5 0.6964322916666668 0.30987962962962967 0.004416666666666667 0.023453703703703702
1 0.5476302083333333 0.31655555555555553 0.05205208333333333 0.02546296296296296
3 0.6667500000000001 0.3175925925925926 0.01727604166666667 0.022842592592592595
3 0.6995364583333333 0.3236111111111111 0.019203124999999998 0.026851851851851852
3 0.6751927083333332 0.3287037037037037 0.014260416666666666 0.024074074074074074
1 0.5464895833333333 0.32928703703703704 0.055635416666666666 0.04050925925925926
1 0.6047604166666667 0.33587962962962964 0.040067708333333334 0.055092592592592596
3 0.6921145833333333 0.34837962962962965 0.013213541666666667 0.02824074074074074
5 0.7548437499999999 0.3587962962962963 0.011390625 0.025
3 0.6111406250000001 0.36041666666666666 0.018973958333333332 0.018055555555555554
3 0.6979739583333333 0.36574074074074076 0.01034375 0.03518518518518519
0 0.5752083333333334 0.36666666666666664 0.04606770833333333 0.08611111111111111
3 0.6019010416666667 0.38773148148148145 0.009343750000000001 0.04490740740740741
3 0.6158281250000001 0.39189814814814816 0.024697916666666667 0.059722222222222225
0 0.7244010416666666 0.39814814814814814 0.043921875 0.12777777777777777
3 0.57025 0.4082777777777778 0.0478125 0.02603703703703704
3 0.5837239583333333 0.42268518518518516 0.05864583333333333 0.017592592592592594
3 0.5909947916666667 0.4278888888888889 0.04963541666666667 0.018166666666666668
3 0.7681197916666667 0.44351851851851853 0.04315104166666666 0.018518518518518517
3 0.5835520833333334 0.4452129629629629 0.057604166666666665 0.022527777777777775
3 0.7738437499999999 0.4537037037037037 0.045234375 0.012962962962962963
3 0.7796510416666667 0.4705925925925926 0.06153125 0.020694444444444446
3 0.5806770833333333 0.47515740740740736 0.06678645833333333 0.05339814814814815
3 0.7977239583333334 0.47985185185185186 0.03702083333333333 0.017425925925925925
3 0.5517760416666667 0.48534259259259255 0.06628125 0.03487962962962963
3 0.806765625 0.49400925925925926 0.02384375 0.02723148148148148
3 0.5484791666666666 0.516361111111111 0.07565104166666667 0.05617592592592593
3 0.8344791666666667 0.5166111111111111 0.06702604166666666 0.029953703703703705
3 0.8619010416666666 0.5509259259259259 0.06855729166666666 0.04085185185185185
3 0.8133541666666667 0.5590925925925926 0.035187500000000003 0.04956481481481482
3 0.5292083333333334 0.5680555555555555 0.084328125 0.08363888888888889
3 0.8753802083333333 0.5729814814814815 0.06977604166666666 0.04357407407407408
3 0.4739947916666667 0.5745370370370371 0.09334895833333333 0.05400925925925926
5 0.11631770833333334 0.5780462962962962 0.046171875 0.10582407407407408
3 0.8759895833333334 0.6002222222222222 0.06855208333333333 0.05446296296296296
3 0.46956770833333333 0.6087962962962963 0.10011979166666667 0.06882407407407408
3 0.8272864583333334 0.6252685185185185 0.07163541666666666 0.09259259259259259
3 0.9228541666666668 0.6476018518518518 0.083234375 0.10893518518518519
3 0.4461354166666667 0.6558611111111111 0.10325520833333333 0.10123148148148148
3 0.8620520833333334 0.6832777777777779 0.092140625 0.06699074074074074
5 0.03950520833333333 0.6886574074074074 0.05734375 0.22916666666666666
3 0.35928645833333334 0.699462962962963 0.12277083333333333 0.1597222222222222
2 0.6474166666666666 0.7291666666666666 0.29910937499999996 0.5277777777777778
3 0.9827447916666666 0.7423703703703703 0.03451041666666667 0.04357407407407408
3 0.8727708333333334 0.744824074074074 0.10009895833333333 0.10621296296296295
3 0.899109375 0.7962962962962963 0.11663020833333333 0.11764814814814815
3 0.9807708333333333 0.8001111111111111 0.036078124999999996 0.07951851851851852