5 0.73715625 0.16480555555555554 0.004203125 0.017013888888888887
5 0.7271953124999999 0.16930555555555557 0.0043124999999999995 0.018194444444444444
5 0.7102890625 0.17231944444444444 0.0053359375 0.028277777777777777
4 0.6742890625 0.17366666666666666 0.0399453125 0.05234722222222222
5 0.71759375 0.1807361111111111 0.008843750000000001 0.01911111111111111
5 0.737796875 0.1847361111111111 0.003609375 0.029416666666666667
5 0.7441328125 0.18569444444444444 0.005109375 0.03133333333333333
5 0.7520859375 0.1862638888888889 0.005203125 0.028652777777777777
5 0.7014765625 0.19352777777777777 0.011421875 0.01948611111111111
1 0.7831406249999999 0.19620833333333335 0.0428203125 0.034
3 0.717703125 0.19945833333333335 0.004765625 0.016805555555555556
3 0.7010468750000001 0.21530555555555558 0.005828125 0.02330555555555556
5 0.1508984375 0.800375 0.06215625 0.21891666666666668
3 0.170296875 0.8487638888888889 0.1490703125 0.13404166666666667