5 0.25696875 0.2175462962962963 0.011651041666666667 0.03515740740740741
1 0.108046875 0.23127777777777778 0.05372916666666667 0.049444444444444444
3 0.25952604166666665 0.25 0.014510416666666666 0.037037037037037035
4 0.19578645833333336 0.25435185185185183 0.088296875 0.16810185185185186
5 0.6389947916666666 0.26157407407407407 0.01403125 0.10185185185185185
5 0.6526614583333333 0.26273148148148145 0.015322916666666667 0.08101851851851852
5 0.14080208333333333 0.26973148148148146 0.014177083333333333 0.06701851851851852
3 0.4657916666666667 0.27584259259259264 0.04567708333333333 0.057805555555555554
4 0.32492708333333337 0.2895092592592593 0.11048958333333332 0.22523148148148148
3 0.4786354166666667 0.2911944444444445 0.047276041666666664 0.06423148148148149
5 0.5966822916666668 0.30671296296296297 0.03096875 0.14583333333333334
3 0.5798177083333333 0.3218796296296296 0.03044791666666667 0.0656574074074074
3 0.2557291666666667 0.32522222222222225 0.0301875 0.08789814814814816
3 0.6067083333333334 0.3290185185185185 0.023213541666666667 0.0727962962962963
3 0.622765625 0.3340092592592593 0.024010416666666666 0.08707407407407408
3 0.6305885416666667 0.3393611111111111 0.041265625 0.07208333333333333
3 0.6540677083333333 0.34971296296296295 0.048078125 0.07993518518518518
3 0.673734375 0.3504259259259259 0.06492708333333333 0.06423148148148149
5 0.5490677083333334 0.3672870370370371 0.04827083333333334 0.1774722222222222
5 0.9693437500000001 0.42062962962962963 0.023401041666666667 0.10172222222222223
2 0.8267083333333333 0.6337685185185186 0.34303645833333335 0.6636388888888889
3 0.25484375 0.8368055555555556 0.119546875 0.32639814814814816