5 0.9346718749999999 0.15856481481481483 0.01175 0.05439814814814815
5 0.9484999999999999 0.15914814814814815 0.011354166666666667 0.05324074074074074
5 0.6393802083333333 0.24733333333333335 0.0034322916666666664 0.012462962962962964
5 0.5631354166666667 0.24937962962962962 0.005182291666666667 0.023453703703703702
5 0.6472187500000001 0.26928703703703705 0.006697916666666666 0.018000000000000002
5 0.6396822916666667 0.2700648148148148 0.005609375 0.027777777777777776
1 0.652703125 0.29644444444444445 0.02371875 0.03963888888888889
2 0.7081197916666666 0.3136574074074074 0.08441666666666667 0.0798611111111111
2 0.6209739583333334 0.314962962962963 0.031864583333333335 0.043111111111111114
1 0.539859375 0.32523148148148145 0.036046875 0.03626851851851852
1 0.6051249999999999 0.3404537037037037 0.04086458333333333 0.059833333333333336
5 0.633703125 0.34120370370370373 0.011822916666666666 0.06574074074074074
0 0.5748593750000001 0.3662037037037037 0.045171875 0.08981481481481482
3 0.6960833333333334 0.3663240740740741 0.012822916666666666 0.03935185185185185
3 0.6150416666666667 0.39537037037037037 0.025197916666666667 0.06296296296296296
0 0.7228541666666667 0.40712037037037035 0.04356770833333334 0.1388888888888889
3 0.5860520833333334 0.43796296296296294 0.0613125 0.03888888888888889
3 0.7707135416666666 0.44328703703703703 0.052703124999999997 0.032990740740740744
3 0.7821041666666667 0.4534166666666667 0.05628125 0.03009259259259259
3 0.7803958333333333 0.4642685185185185 0.05677083333333333 0.029805555555555554
3 0.5795416666666667 0.46574074074074073 0.06495833333333333 0.0962962962962963
3 0.8086302083333333 0.5011574074074074 0.03153645833333333 0.044564814814814814
3 0.5469947916666666 0.5101851851851852 0.08423958333333334 0.10185185185185185
3 0.8330416666666667 0.5124444444444445 0.065703125 0.04282407407407408
3 0.8350729166666666 0.5244537037037037 0.07334895833333334 0.04716666666666666
3 0.862859375 0.5443888888888889 0.06415104166666667 0.05174074074074074
3 0.8739635416666667 0.5588240740740741 0.07318229166666666 0.06426851851851852
3 0.5243385416666667 0.5611111111111111 0.106640625 0.14444444444444443
3 0.813109375 0.5658240740740741 0.0408125 0.05931481481481482
3 0.8803958333333333 0.5932777777777778 0.06705729166666667 0.08360185185185186
3 0.4725260416666667 0.6101851851851852 0.10405208333333334 0.17222222222222222
3 0.8335260416666667 0.6284722222222222 0.08229687499999999 0.11747222222222223
3 0.43503125 0.6351851851851852 0.13010416666666666 0.19074074074074074
3 0.92621875 0.646537037037037 0.08869270833333333 0.13687962962962963
3 0.86653125 0.7056851851851852 0.10855208333333333 0.16137962962962962
5 0.038228352864583336 0.5740740740740741 0.026452538215810742 0.601851851851852 0.04857968882764258 0.8449074074074074 0.06940524234466079 0.826388888888889 0.0407701062587608 0.5810185185185186
2 0.6453802083333334 0.7299351851851852 0.29298437499999996 0.5401203703703704
3 0.36506249999999996 0.7299351851851852 0.13165625 0.16975
3 0.8717447916666666 0.756287037037037 0.11301041666666665 0.18320370370370373
3 0.8977760416666667 0.7943148148148148 0.122671875 0.1428611111111111