4 0.11755729166666667 0.21000925925925926 0.034645833333333334 0.07510185185185185
5 0.25094791666666666 0.23087962962962963 0.016140625 0.03337962962962963
5 0.2349166666666667 0.25962037037037033 0.010151041666666666 0.06119444444444445
5 0.4355833333333334 0.2665740740740741 0.019281250000000003 0.037092592592592594
3 0.4715625 0.2749166666666667 0.05629166666666666 0.0547037037037037
5 0.14726041666666667 0.27869444444444447 0.027072916666666665 0.1643703703703704
4 0.3266822916666667 0.2821018518518519 0.1180625 0.22577777777777777
3 0.57953125 0.3011111111111111 0.005192708333333334 0.022712962962962963
5 0.6699791666666666 0.30217592592592596 0.018588541666666666 0.060555555555555564
3 0.5850104166666666 0.31038888888888894 0.02453125 0.03755555555555556
5 0.17506770833333332 0.31144444444444447 0.0270625 0.1631388888888889
5 0.43154687500000005 0.3155648148148148 0.033921875 0.04820370370370371
5 0.521578125 0.3256574074074074 0.027677083333333335 0.14460185185185184
3 0.6426354166666666 0.32614814814814813 0.026114583333333333 0.02178703703703704
3 0.5481145833333334 0.33055555555555555 0.011203125000000001 0.05007407407407407
5 0.622015625 0.3373981481481481 0.04084375 0.15819444444444444
3 0.5958333333333333 0.3463148148148148 0.034703124999999994 0.07696296296296297
5 0.5639791666666666 0.3466666666666666 0.023489583333333335 0.16189814814814815
3 0.6053489583333334 0.34932407407407406 0.021932291666666666 0.0746388888888889
5 0.6866562500000001 0.36335185185185187 0.029703125 0.16066666666666668
3 0.6418489583333333 0.3674074074074074 0.019776041666666667 0.07371296296296297
3 0.6561875 0.37807407407407406 0.019770833333333335 0.08205555555555556
3 0.7105520833333333 0.37946296296296295 0.027963541666666664 0.07649074074074073
5 0.8528125000000001 0.3818888888888889 0.0158125 0.07662962962962963
5 0.246484375 0.38425925925925924 0.04932291666666667 0.2175925925925926
3 0.6693541666666667 0.38919444444444445 0.028369791666666665 0.08020370370370371
3 0.749171875 0.39754629629629634 0.04774479166666667 0.11543518518518518
5 0.873671875 0.4029074074074074 0.024510416666666666 0.11617592592592592
3 0.7700312500000001 0.40658333333333335 0.049833333333333334 0.1223888888888889
3 0.808359375 0.4200277777777778 0.051932291666666665 0.12146296296296297
3 0.9057499999999999 0.4209537037037037 0.016635416666666666 0.02874074074074074
5 0.9476927083333333 0.4276203703703704 0.020640625000000003 0.07415740740740741
5 0.97028125 0.4313240740740741 0.015770833333333335 0.09639814814814815
3 0.8471979166666667 0.43439814814814814 0.02575 0.018546296296296297
3 0.818125 0.43648148148148147 0.05574479166666667 0.10894444444444444
3 0.9223072916666666 0.4629074074074074 0.018979166666666665 0.09318518518518519
5 0.18659895833333331 0.4930555555555556 0.07278125 0.2824074074074074
3 0.8788697916666667 0.510425925925926 0.10129687500000001 0.14336111111111113
5 0.9885 0.5153703703703704 0.023 0.21010185185185185
3 0.9459531250000001 0.5215462962962962 0.014385416666666668 0.0914537037037037
3 0.9685416666666666 0.5363796296296296 0.016463541666666668 0.09392592592592593
5 0.5817135416666667 0.5960648148148148 0.06613020833333333 0.32175925925925924
3 0.24908333333333335 0.8414351851851852 0.10573437499999999 0.31712962962962965
5 0.06552083333333333 0.8796296296296297 0.08844270833333333 0.24074074074074073
5 0.905875 0.9247685185185185 0.07642708333333334 0.15046296296296297