3 0.7367447916666666 0.10052777777777777 0.01178125 0.026953703703703702
3 0.7223958333333333 0.10884259259259259 0.021317708333333334 0.04831481481481482
3 0.7163020833333333 0.11298148148148147 0.024932291666666665 0.04998148148148148
3 0.7106354166666667 0.11624074074074074 0.026130208333333335 0.04716666666666666
3 0.7118125000000001 0.12649074074074076 0.010572916666666666 0.02988888888888889
3 0.701109375 0.13202777777777777 0.011145833333333332 0.039296296296296294
0 0.7535520833333333 0.13769444444444445 0.03575 0.08606481481481482
0 0.6695833333333333 0.13798148148148148 0.05275 0.09410185185185185
3 0.6348645833333334 0.1671203703703704 0.0330625 0.05272222222222222
3 0.6214270833333334 0.17507407407407408 0.03211979166666667 0.05348148148148148
3 0.7064322916666667 0.17882407407407408 0.014697916666666666 0.05146296296296296
3 0.6032864583333333 0.18497222222222223 0.028078125 0.06021296296296296
3 0.7458854166666666 0.1864537037037037 0.047515625 0.06114814814814815
3 0.5890729166666666 0.1939537037037037 0.029838541666666666 0.06762962962962964
3 0.6993020833333333 0.19977777777777778 0.021416666666666664 0.034527777777777775
3 0.5745520833333334 0.2050925925925926 0.0390625 0.06972222222222221
3 0.7071770833333333 0.2167037037037037 0.034520833333333334 0.042944444444444445
3 0.5592760416666667 0.22386111111111112 0.044932291666666666 0.05475
3 0.5375624999999999 0.23775 0.042265625 0.07312037037037036
1 0.7303854166666667 0.2497037037037037 0.10008333333333333 0.06827777777777777
3 0.527921875 0.25077777777777777 0.04594270833333333 0.06686111111111111
3 0.5151510416666667 0.25686111111111115 0.04465104166666667 0.08062037037037037
3 0.45792187500000003 0.2649166666666667 0.018838541666666667 0.03484259259259259
1 0.6351718749999999 0.2657314814814815 0.12049479166666667 0.1520462962962963
3 0.48796875 0.271 0.04583333333333333 0.07617592592592592
3 0.41236979166666665 0.2831111111111111 0.04243229166666666 0.07326851851851851
3 0.421984375 0.28694444444444445 0.03133854166666667 0.040212962962962964
3 0.4529635416666667 0.2902314814814815 0.025072916666666667 0.07111111111111111
1 0.695828125 0.30715740740740743 0.17266145833333332 0.10554629629629629
5 0.48156770833333334 0.30816666666666664 0.036140625 0.1260185185185185
3 0.431609375 0.3149351851851852 0.046796874999999995 0.08185185185185186
2 0.33179166666666665 0.34018518518518515 0.12378645833333332 0.2296851851851852
1 0.668625 0.43039814814814814 0.230921875 0.23260185185185187
5 0.238390625 0.44428703703703704 0.03530208333333333 0.11046296296296296
3 0.23574479166666668 0.46396296296296297 0.046734375 0.09376851851851851
3 0.21601041666666668 0.47158333333333335 0.04290625 0.1093425925925926
3 0.20513020833333334 0.49550925925925926 0.051921875 0.10462037037037036
5 0.136984375 0.5107777777777778 0.019671875000000002 0.07017592592592593
5 0.6850885416666667 0.5199351851851851 0.05396875 0.2267037037037037
5 0.17425 0.5200462962962963 0.040265625 0.15118518518518517
5 0.112625 0.5260462962962963 0.012708333333333332 0.05229629629629629
3 0.10221354166666667 0.5435 0.013359375 0.05185185185185185
5 0.13059375 0.5589259259259259 0.041838541666666666 0.15112962962962964
3 0.09045833333333334 0.5638981481481481 0.02021875 0.05884259259259259
5 0.15949479166666666 0.5894537037037038 0.046302083333333334 0.16215740740740742
5 0.2653697916666667 0.5903703703703704 0.054072916666666665 0.19355555555555554
3 0.077703125 0.5995555555555555 0.023661458333333333 0.0497037037037037
5 0.7201927083333334 0.6241296296296296 0.048026041666666665 0.18057407407407408
5 0.05990104166666667 0.6251574074074073 0.030729166666666665 0.15056481481481482
3 0.10756770833333333 0.633611111111111 0.08547395833333334 0.1586574074074074
5 0.04047916666666666 0.6416851851851851 0.023572916666666666 0.14091666666666666
3 0.05528125 0.6614629629629629 0.02900520833333333 0.06060185185185185
3 0.020098958333333337 0.669675925925926 0.03536458333333334 0.12785185185185186
3 0.008473958333333333 0.709212962962963 0.016942708333333334 0.07331481481481482
3 0.7425520833333333 0.7688796296296296 0.16353125000000002 0.1982962962962963