5 0.7194479166666666 0.10729629629629629 0.017104166666666667 0.05882407407407408
5 0.73384375 0.10757407407407409 0.009244791666666667 0.03866666666666666
5 0.6947187499999999 0.12481481481481482 0.013651041666666667 0.06721296296296296
5 0.734765625 0.1252685185185185 0.006796875 0.03921296296296296
5 0.7058125000000001 0.1383425925925926 0.011901041666666667 0.08387962962962964
5 0.6866145833333334 0.13887962962962963 0.018281250000000002 0.07475
5 0.6658854166666667 0.14316666666666666 0.013078125 0.058638888888888886
5 0.6398489583333333 0.14590740740740743 0.010770833333333334 0.04560185185185185
3 0.726953125 0.15958333333333333 0.018125 0.03486111111111111
5 0.7501614583333333 0.16733333333333333 0.016526041666666668 0.05486111111111111
5 0.6325208333333333 0.16801851851851854 0.012703125000000001 0.08298148148148149
3 0.7065833333333333 0.17974074074074076 0.024552083333333332 0.02287962962962963
5 0.5876822916666666 0.18687962962962965 0.017151041666666665 0.07337962962962963
5 0.60928125 0.1872222222222222 0.022546875 0.07612037037037037
3 0.48951041666666667 0.18838888888888888 0.022072916666666668 0.037750000000000006
3 0.7232760416666667 0.19117592592592592 0.023640625000000002 0.02178703703703704
5 0.6872916666666666 0.19150925925925927 0.020401041666666668 0.05451851851851852
3 0.573421875 0.19658333333333333 0.03517708333333334 0.05698148148148148
5 0.6522864583333334 0.1983703703703704 0.013661458333333333 0.07577777777777778
5 0.64071875 0.20025925925925925 0.009807291666666666 0.061037037037037035
3 0.7343020833333332 0.2004351851851852 0.017515625 0.02287962962962963
5 0.668875 0.20676851851851852 0.020213541666666668 0.08298148148148149
3 0.5531927083333333 0.2126111111111111 0.031578125 0.060537037037037035
3 0.49652083333333336 0.21652777777777776 0.030489583333333334 0.06552777777777777
3 0.705359375 0.2175925925925926 0.04047916666666666 0.04412037037037037
1 0.7303125 0.24648148148148147 0.10186979166666667 0.06566666666666666
3 0.5330885416666666 0.2507314814814815 0.043984375 0.05396296296296296
3 0.5189635416666667 0.26328703703703704 0.0403125 0.06419444444444444
3 0.495390625 0.28073148148148147 0.044015625 0.05907407407407407
3 0.41240104166666663 0.2884259259259259 0.04630729166666667 0.0824074074074074
3 0.4734166666666667 0.2891111111111111 0.04505729166666667 0.0646574074074074
1 0.6068385416666667 0.29989814814814814 0.14820833333333333 0.14700925925925926
3 0.464 0.3035277777777778 0.04976041666666667 0.06093518518518519
1 0.6944791666666668 0.30921296296296297 0.17463541666666668 0.10094444444444443
1 0.6702552083333334 0.4322037037037037 0.23104166666666667 0.23324999999999999
1 0.48970833333333336 0.4469074074074074 0.16091666666666665 0.20385185185185184
3 0.23557291666666666 0.4693611111111111 0.046609374999999995 0.07814814814814815
3 0.21594791666666666 0.4823888888888889 0.042942708333333336 0.08280555555555556
5 0.4266770833333334 0.4838518518518518 0.029135416666666667 0.18341666666666667
3 0.20313020833333334 0.5026203703703704 0.05340625 0.07675
3 0.182984375 0.5256481481481482 0.043458333333333335 0.0735
5 0.46454166666666663 0.5289351851851852 0.06743229166666667 0.2019351851851852
3 0.16179687499999998 0.5349537037037037 0.04502083333333333 0.0855925925925926
3 0.14086458333333332 0.558675925925926 0.048151041666666665 0.08466666666666667
3 0.12253125 0.5824074074074074 0.049234375000000004 0.07163888888888889
3 0.10277604166666668 0.5998425925925926 0.047921875 0.08605555555555555
3 0.082109375 0.616824074074074 0.04686979166666667 0.07814814814814815
3 0.067328125 0.631712962962963 0.039802083333333335 0.07908333333333332
3 0.042734375 0.6577592592592593 0.035083333333333334 0.08651851851851852
3 0.025203125 0.6689259259259259 0.038223958333333335 0.09768518518518518
5 0.7557447916666666 0.06808333333333333 0.0069791666666666665 0.018518518518518517
3 0.008552083333333333 0.7059074074074074 0.017104166666666667 0.07768518518518519
1 0.6586927083333334 0.7796388888888889 0.37214583333333334 0.40084259259259264
5 0.7514583333333333 0.0797962962962963 0.008817708333333334 0.02450925925925926
5 0.702140625 0.08524074074074074 0.006479166666666666 0.017972222222222223