5 0.6465364583333333 0.24964814814814815 0.004328125 0.01923148148148148
5 0.65375 0.25142592592592594 0.0027239583333333334 0.018518518518518517
5 0.6507447916666667 0.25177777777777777 0.003125 0.017805555555555557
5 0.5628541666666667 0.25655555555555554 0.0047395833333333335 0.03935185185185185
5 0.6587552083333333 0.2774259259259259 0.006328125 0.01923148148148148
5 0.6825885416666666 0.2784907407407407 0.005916666666666666 0.012824074074074075
5 0.6897968750000001 0.28703703703703703 0.005911458333333333 0.02849074074074074
3 0.6756041666666667 0.2971111111111111 0.006291666666666667 0.013972222222222223
2 0.595265625 0.2995 0.027583333333333335 0.027777777777777776
5 0.6829895833333333 0.30092592592592593 0.009119791666666667 0.026351851851851852
1 0.5536041666666667 0.30769444444444444 0.058041666666666665 0.035611111111111114
5 0.658953125 0.3084074074074074 0.010734374999999999 0.03988888888888889
3 0.6681562499999999 0.31265740740740744 0.012822916666666666 0.015074074074074075
1 0.5469947916666666 0.31446296296296294 0.052036458333333334 0.0235
1 0.5495989583333334 0.326212962962963 0.056442708333333334 0.03275925925925926
3 0.69990625 0.3273981481481481 0.027302083333333334 0.01938888888888889
3 0.6590625 0.3278333333333333 0.017557291666666665 0.02836111111111111
3 0.6769635416666666 0.3278333333333333 0.010713541666666666 0.03125
1 0.6036770833333333 0.336537037037037 0.04359895833333333 0.05199074074074074
5 0.6333177083333333 0.34187962962962964 0.010744791666666666 0.06410185185185185
5 0.6447343750000001 0.34473148148148147 0.008734374999999999 0.07122222222222223
3 0.6936458333333333 0.3596666666666667 0.014125 0.034722222222222224
0 0.5778385416666667 0.3650277777777778 0.04561458333333333 0.08048148148148149
3 0.6962499999999999 0.3695 0.011197916666666667 0.034722222222222224
5 0.6629583333333334 0.3782037037037037 0.017140625 0.08119444444444444
3 0.6144947916666667 0.39390740740740743 0.029020833333333333 0.05787037037037037
0 0.7242447916666667 0.401712962962963 0.045953125000000004 0.1324814814814815
3 0.5577500000000001 0.40347222222222223 0.025213541666666665 0.02638888888888889
3 0.6628802083333334 0.4124259259259259 0.015552083333333333 0.04552777777777778
3 0.57428125 0.4166666666666667 0.047859375 0.013888888888888888
3 0.5902395833333334 0.42650925925925925 0.057854166666666665 0.02546296296296296
3 0.76703125 0.4350185185185185 0.05054166666666667 0.03935185185185185
3 0.5843802083333334 0.4450277777777778 0.05915625 0.027777777777777776
3 0.7690781250000001 0.45039814814814816 0.05500520833333333 0.023805555555555555
3 0.7791197916666667 0.4543611111111111 0.057229166666666664 0.018518518518518517
3 0.7776302083333333 0.4712314814814815 0.0624375 0.0205
3 0.7947447916666667 0.47883333333333333 0.038625 0.026453703703703705
3 0.5793385416666667 0.47975 0.06534374999999999 0.06597222222222222
3 0.551671875 0.4832222222222222 0.07316145833333333 0.03935185185185185
3 0.8081354166666667 0.49867592592592597 0.028953125000000003 0.023805555555555555
3 0.8332395833333333 0.5112407407407408 0.069484375 0.026453703703703705
3 0.547171875 0.5146018518518518 0.08444270833333332 0.060537037037037035
3 0.8306354166666666 0.5337314814814814 0.06799479166666668 0.027777777777777776
3 0.8628072916666666 0.5505925925925926 0.067609375 0.04299074074074074
3 0.8098072916666667 0.5595277777777777 0.035270833333333335 0.054231481481481485
3 0.47406770833333334 0.5683796296296296 0.09769270833333334 0.08689814814814814
3 0.5277447916666667 0.5697962962962962 0.08725520833333333 0.11253703703703705
3 0.8732187499999999 0.5724166666666667 0.08397395833333333 0.031083333333333334
3 0.8691302083333333 0.5939166666666666 0.07653645833333332 0.039685185185185184
3 0.4360625 0.6246481481481482 0.133859375 0.1691574074074074
3 0.8254270833333333 0.6279722222222223 0.07766666666666668 0.10648148148148148
3 0.4684635416666667 0.6314074074074074 0.10650520833333334 0.11039814814814815
5 0.11630208333333333 0.6412037037037037 0.036359375 0.22685185185185186
3 0.9215729166666667 0.6501296296296296 0.09585416666666666 0.1124351851851852
3 0.3636875 0.6912870370370371 0.13725520833333332 0.18683333333333332
3 0.8609427083333333 0.6961018518518518 0.1040625 0.125
2 0.6487604166666666 0.7326388888888888 0.29137500000000005 0.5347222222222222
3 0.9815208333333333 0.7491851851851852 0.03695833333333333 0.06154629629629629
3 0.8737760416666667 0.7541203703703704 0.10889062499999999 0.15506481481481482
3 0.8986979166666667 0.8040648148148148 0.12078645833333333 0.15176851851851852
3 0.9821666666666666 0.8055555555555556 0.033963541666666666 0.08061111111111112