1 0.603515625 0.25056481481481485 0.020677083333333336 0.01301851851851852
5 0.6633281249999999 0.26733333333333337 0.005052083333333333 0.028027777777777776
5 0.65346875 0.27404629629629634 0.007140625 0.017833333333333336
5 0.6757291666666667 0.2851296296296296 0.006666666666666667 0.025962962962962962
5 0.6843020833333333 0.29962962962962963 0.003421875 0.025555555555555557
5 0.6801302083333333 0.30024999999999996 0.003885416666666667 0.021018518518518516
5 0.6982135416666666 0.30642592592592593 0.006197916666666667 0.025962962962962962
1 0.5521145833333333 0.3148333333333333 0.059437500000000004 0.05477777777777777
3 0.666484375 0.3179166666666667 0.015197916666666667 0.02821296296296296
1 0.5455572916666667 0.32378703703703704 0.051812500000000004 0.04881481481481481
3 0.6783125 0.32541666666666663 0.008708333333333334 0.033462962962962965
3 0.70059375 0.3268888888888889 0.02255208333333333 0.018203703703703705
1 0.53915625 0.32839814814814816 0.037786458333333335 0.0428425925925926
1 0.6047291666666667 0.3349074074074074 0.043250000000000004 0.05477777777777777
3 0.6917864583333333 0.36362037037037037 0.008854166666666666 0.03438888888888889
3 0.69728125 0.3667407407407407 0.008098958333333333 0.0374074074074074
0 0.5765156250000001 0.36689814814814814 0.045390625000000004 0.08731481481481482
3 0.6151979166666667 0.3939722222222222 0.02405208333333333 0.052064814814814814
0 0.7239947916666666 0.40369444444444447 0.04331770833333334 0.13652777777777778
3 0.5544791666666666 0.40608333333333335 0.022114583333333333 0.04762037037037037
3 0.5905572916666666 0.4265833333333333 0.05408854166666666 0.04100925925925926
3 0.7673489583333333 0.4400925925925926 0.04048958333333333 0.01801851851851852
3 0.5771666666666667 0.4550277777777778 0.05706770833333333 0.042324074074074076
5 0.6775312499999999 0.4555648148148148 0.013500000000000002 0.025555555555555557
3 0.7741041666666667 0.46044444444444443 0.04573958333333333 0.02001851851851852
3 0.5526145833333334 0.4715648148148148 0.06600520833333333 0.05687962962962963
3 0.779171875 0.4724537037037037 0.035604166666666666 0.01735185185185185
3 0.7998125 0.48179629629629633 0.03109375 0.028027777777777776
5 0.6094270833333333 0.4982685185185185 0.03324479166666667 0.07758333333333334
3 0.8043125 0.4988148148148148 0.02508854166666667 0.01935185185185185
3 0.54703125 0.5079351851851852 0.08609375000000001 0.07407407407407407
3 0.8328333333333333 0.5211666666666667 0.05059375 0.02135185185185185
3 0.8273906249999999 0.5338425925925926 0.04946875 0.025361111111111112
3 0.5258333333333334 0.5522499999999999 0.09577083333333333 0.13624074074074072
3 0.8613541666666666 0.555537037037037 0.06183854166666667 0.01400925925925926
3 0.8103177083333333 0.5622037037037036 0.03634375 0.046046296296296294
3 0.8673593749999999 0.5715462962962963 0.06408854166666667 0.03537037037037037
3 0.47821874999999997 0.5800277777777777 0.10024999999999999 0.11772222222222223
3 0.8737395833333333 0.6029166666666667 0.04832291666666667 0.039370370370370375
3 0.46929166666666666 0.6051574074074074 0.10471875 0.16799074074074075
3 0.8241979166666666 0.6216018518518519 0.066359375 0.07807407407407407
3 0.4365572916666667 0.625 0.127046875 0.17063888888888887
3 0.9209270833333334 0.6463518518518518 0.09376041666666667 0.12725
5 0.115 0.6469907407407407 0.044171875 0.22453703703703703
3 0.021067708333333334 0.6655092592592593 0.04213541666666667 0.14583333333333334
3 0.8636041666666666 0.6786481481481482 0.08285416666666667 0.04671296296296296
3 0.36514583333333334 0.6878333333333333 0.13153645833333333 0.18253703703703703
2 0.64640625 0.7238888888888888 0.297359375 0.5522222222222222
3 0.97978125 0.7487222222222222 0.0314375 0.0427037037037037
3 0.8656458333333333 0.7708055555555556 0.10053645833333333 0.13092592592592592
3 0.899484375 0.7901944444444444 0.1340625 0.1469351851851852
3 0.9805677083333334 0.8061481481481482 0.032864583333333336 0.05881481481481482
3 0.8835156249999999 0.907537037037037 0.08289062500000001 0.11744444444444445