5 0.8266171874999999 0.07768055555555556 0.003921875 0.029243055555555557
5 0.725765625 0.0785625 0.00950390625 0.01479861111111111
5 0.0451015625 0.8493263888888889 0.0888203125 0.21222222222222223
3 0.8158203125 0.08578472222222222 0.01640625 0.020784722222222222
5 0.7707460937499999 0.08719444444444445 0.004734375 0.015854166666666666
5 0.7171484375 0.08965972222222224 0.0089140625 0.015854166666666666
5 0.72685546875 0.09124305555555555 0.0093046875 0.012680555555555556
1 0.8560546875 0.09265277777777776 0.0652265625 0.031
1 0.8574414062500001 0.10956944444444444 0.06324609375 0.042979166666666666
5 0.8359296875 0.11115277777777778 0.00827734375 0.047562499999999994
3 0.66303515625 0.11290972222222223 0.00453125 0.008104166666666666
5 0.7868906250000001 0.11290972222222223 0.0073046874999999995 0.03276388888888889
5 0.6109609375 0.11333333333333333 0.010558593750000001 0.06050694444444444
5 0.84197265625 0.11555555555555556 0.0053046875 0.042979166666666666
3 0.65966796875 0.11943055555555555 0.015234375 0.011270833333333334
5 0.6711484375000001 0.13500694444444444 0.00494921875 0.05689583333333334
3 0.653328125 0.13752083333333334 0.02316015625 0.024305555555555556
3 0.5788554687499999 0.15538194444444445 0.028628906250000002 0.030819444444444448
5 0.62823046875 0.20228472222222224 0.0186796875 0.09572222222222222
5 0.51801953125 0.2993611111111111 0.031921875 0.1291388888888889
5 0.4357421875 0.30523611111111115 0.02179296875 0.1336527777777778
5 0.315046875 0.4750069444444444 0.03946484375 0.1336527777777778
5 0.10884374999999999 0.5115833333333333 0.04359765625 0.12552777777777777
5 0.09106640625 0.5689305555555555 0.05071484375 0.1733888888888889
5 0.0051484375 0.5824722222222222 0.010296875 0.08488888888888889
5 0.80224609375 0.06129861111111111 0.004328125 0.023249999999999996
5 0.7819375 0.06253472222222221 0.007703125 0.03065277777777778
2 0.7385390625 0.06552777777777778 0.051296875 0.049319444444444444
0 0.82651953125 0.06799305555555556 0.01878125 0.03945833333333333
5 0.04433984375 0.6759375 0.071046875 0.21944444444444444
5 0.715859375 0.06817361111111112 0.00871484375 0.020083333333333335