1 0.605140625 0.2507037037037037 0.020036458333333333 0.01649074074074074
5 0.5508802083333334 0.26307407407407407 0.006765625 0.02474074074074074
5 0.6489010416666667 0.26426851851851857 0.006604166666666666 0.03100925925925926
5 0.6663385416666666 0.27285185185185185 0.007338541666666667 0.029694444444444443
5 0.6353541666666668 0.28175925925925926 0.0040104166666666665 0.022435185185185186
1 0.697265625 0.3192685185185185 0.09292708333333333 0.06624074074074075
5 0.6468541666666667 0.32069444444444445 0.015140625 0.060703703703703704
1 0.5519583333333333 0.32080555555555557 0.06025520833333333 0.05333333333333334
1 0.5476302083333333 0.3232777777777778 0.05469270833333333 0.04178703703703704
1 0.5394375 0.32712962962962966 0.0376875 0.034083333333333334
5 0.670609375 0.32728703703703704 0.011416666666666667 0.05542592592592593
1 0.6045208333333334 0.3309722222222222 0.039828125 0.04837962962962963
3 0.6942968749999999 0.34524074074074074 0.01484375 0.018546296296296297
0 0.574375 0.3664351851851852 0.04571354166666666 0.07751851851851851
3 0.6987656250000001 0.37424074074074076 0.016630208333333334 0.039462962962962964
5 0.6106770833333334 0.37545370370370373 0.01775 0.07126851851851852
0 0.72340625 0.40197222222222223 0.041755208333333335 0.13100925925925927
3 0.5689635416666667 0.41953703703703704 0.046239583333333334 0.02758333333333333
3 0.5825 0.42683333333333334 0.052145833333333336 0.012453703703703703
3 0.5857760416666667 0.43648148148148147 0.05282291666666667 0.02851851851851852
3 0.7664322916666666 0.4440648148148148 0.04167708333333333 0.016953703703703703
3 0.7729895833333333 0.4493611111111111 0.038697916666666665 0.011657407407407408
3 0.778203125 0.4602314814814815 0.04793229166666667 0.012185185185185186
3 0.5778802083333333 0.46379629629629626 0.063296875 0.0349537037037037
3 0.777609375 0.46950000000000003 0.041375 0.007416666666666667
5 0.6307239583333334 0.4705 0.03930208333333333 0.09374074074074074
3 0.789828125 0.4787777777777778 0.030640624999999998 0.016425925925925924
3 0.5547083333333334 0.4844814814814815 0.06255208333333333 0.0225
3 0.8051770833333334 0.4970555555555556 0.024380208333333334 0.01801851851851852
3 0.5560625 0.5005555555555555 0.062098958333333336 0.028120370370370372
3 0.542390625 0.5122037037037036 0.09034375 0.0361574074074074
3 0.827078125 0.5195740740740741 0.05327604166666667 0.025962962962962962
5 0.5197447916666667 0.5365185185185186 0.043000000000000003 0.2007037037037037
3 0.829609375 0.5373333333333333 0.053572916666666665 0.02225925925925926
3 0.8594270833333333 0.5466018518518518 0.056567708333333334 0.03232407407407407
3 0.8102395833333333 0.5617037037037037 0.032125 0.04238888888888889
3 0.47603125 0.5628333333333333 0.10033333333333333 0.1309537037037037
3 0.5319322916666667 0.5746851851851852 0.08027083333333333 0.09524074074074074
3 0.871046875 0.5749537037037038 0.06311979166666666 0.02861111111111111
3 0.8705989583333333 0.6019814814814815 0.049109375000000004 0.05511111111111111
3 0.46784895833333334 0.6111111111111112 0.10777604166666667 0.16137962962962962
3 0.43559375 0.6219444444444445 0.13391666666666666 0.1743611111111111
3 0.821875 0.629537037037037 0.05717708333333334 0.0922037037037037
3 0.9231874999999999 0.6459537037037038 0.09257291666666667 0.12551851851851853
3 0.021718750000000002 0.6678240740740741 0.043437500000000004 0.14583333333333334
3 0.8628489583333334 0.682787037037037 0.09321874999999999 0.04504629629629629
3 0.3653177083333333 0.6862962962962963 0.13098437500000001 0.18162037037037038
5 0.14159375000000002 0.692212962962963 0.06328645833333334 0.2675277777777778
2 0.6470781250000001 0.7211666666666667 0.29844791666666665 0.5329907407407407
3 0.8682135416666666 0.7302222222222222 0.09560416666666667 0.06252777777777778
3 0.9763489583333332 0.7720462962962963 0.0403125 0.08789814814814816
3 0.98446875 0.7930092592592592 0.025265625 0.05458333333333334
3 0.8968229166666667 0.7946018518518518 0.11467187499999999 0.10862962962962962
3 0.8807239583333334 0.9054074074074074 0.07794270833333333 0.1154074074074074