5 0.2518984375 0.16649999999999998 0.01809375 0.0756111111111111
5 0.9766718750000001 0.4597777777777778 0.032328125 0.14575
5 0.6776015625 0.5416666666666666 0.051453125 0.19444444444444445
5 0.703890625 0.5789305555555555 0.048835937499999996 0.22454166666666664
3 0.6708359374999999 0.5986388888888888 0.09309375 0.17270833333333332
5 0.2386875 0.08472222222222223 0.00825 0.030555555555555555
5 0.2446796875 0.09073611111111111 0.0098125 0.03333333333333333
5 0.1745625 0.1131111111111111 0.01240625 0.05773611111111111
5 0.16215625 0.11419444444444445 0.0111875 0.06172222222222222
3 0.24578906250000002 0.118 0.015921875 0.028597222222222222
5 0.20685156249999997 0.13194444444444445 0.0120390625 0.06327777777777778
5 0.22047656249999997 0.1328611111111111 0.013953125 0.06327777777777778