3 0.7197916666666667 0.09316666666666668 0.020588541666666668 0.017361111111111112
3 0.7144739583333333 0.11342592592592593 0.019942708333333333 0.051694444444444446
3 0.7353072916666666 0.11728703703703704 0.015651041666666667 0.047842592592592596
3 0.7025416666666667 0.12364814814814815 0.0134375 0.03125
3 0.7121979166666667 0.1265462962962963 0.009307291666666667 0.032407407407407406
3 0.7009166666666666 0.13561111111111113 0.010614583333333334 0.03125
0 0.6704895833333333 0.13720370370370372 0.05175 0.09210185185185185
0 0.755625 0.14287037037037037 0.03870833333333333 0.08832407407407407
3 0.6213645833333333 0.17819444444444443 0.033921875 0.04228703703703704
3 0.7449895833333334 0.17903703703703705 0.047281250000000004 0.048324074074074075
3 0.7111770833333334 0.18358333333333335 0.023265625 0.05825925925925926
3 0.6046250000000001 0.19092592592592592 0.029072916666666667 0.04616666666666667
3 0.4968125 0.20525 0.03303645833333333 0.07407407407407407
3 0.5677395833333333 0.20559259259259258 0.02811458333333333 0.020277777777777777
3 0.5842395833333334 0.20753703703703702 0.038302083333333334 0.049185185185185186
3 0.706609375 0.21056481481481482 0.03594270833333334 0.04660185185185185
3 0.5598333333333334 0.22997222222222222 0.04240625 0.04314814814814815
5 0.5886614583333334 0.23922222222222222 0.017744791666666666 0.07414814814814814
3 0.5376302083333333 0.24463888888888888 0.03877083333333333 0.0595462962962963
1 0.7319791666666667 0.2503240740740741 0.09928125 0.07273148148148148
3 0.5267135416666666 0.25758333333333333 0.04363020833333333 0.05609259259259259
3 0.5153072916666667 0.2677222222222222 0.04411458333333333 0.061703703703703705
1 0.63515625 0.2689722222222222 0.119234375 0.1582222222222222
3 0.4903125 0.28152777777777777 0.04315104166666666 0.05307407407407407
3 0.4724791666666667 0.2901574074074074 0.04291666666666667 0.06514814814814815
3 0.4121770833333333 0.2903703703703704 0.04705729166666666 0.0535
3 0.4643489583333333 0.30375 0.04461458333333333 0.062129629629629625
1 0.6967760416666666 0.30534259259259255 0.17340625 0.10721296296296297
3 0.4317083333333333 0.32575 0.04438541666666666 0.06126851851851852
5 0.5290989583333333 0.41114814814814815 0.03613541666666666 0.1720925925925926
1 0.6714218750000001 0.4228425925925926 0.230484375 0.2222222222222222
3 0.2294739583333333 0.4496851851851852 0.03720833333333333 0.08868518518518519
3 0.20875000000000002 0.4537037037037037 0.029619791666666666 0.07962962962962963
1 0.31645833333333334 0.4583333333333333 0.15250520833333334 0.25002777777777774
3 0.17653125 0.49070370370370375 0.029276041666666665 0.06925925925925926
3 0.16332291666666665 0.5181944444444444 0.043557291666666664 0.11648148148148148
3 0.21340625 0.5283240740740741 0.061671875 0.12555555555555556
5 0.14670833333333333 0.5573148148148148 0.0424375 0.1539722222222222
3 0.12172916666666667 0.5650092592592593 0.055651041666666665 0.10249074074074074
3 0.11559375 0.6040462962962962 0.06840625 0.09319444444444445
3 0.07906770833333333 0.6068518518518519 0.03272916666666667 0.057388888888888885
5 0.060244791666666665 0.623675925925926 0.041666666666666664 0.14405555555555558
3 0.04494270833333334 0.6375 0.019723958333333333 0.05092592592592592
3 0.11275520833333334 0.6500925925925927 0.07490625 0.13615740740740742
5 0.03594270833333334 0.6631111111111111 0.04671875 0.16719444444444445
3 0.019859375000000002 0.6860277777777778 0.03129166666666667 0.09924074074074074
3 0.008755208333333332 0.7046296296296296 0.016192708333333333 0.08333333333333333
3 0.73053125 0.07233333333333333 0.021671875 0.020444444444444442
1 0.654875 0.7797037037037038 0.3663177083333334 0.40355555555555556
3 0.7293385416666667 0.08873148148148148 0.020583333333333335 0.016972222222222222