1 0.81075 0.10191666666666666 0.02284375 0.04248611111111111
1 0.8522812500000001 0.10386111111111111 0.05190625 0.04064583333333333
1 0.8699140625 0.12510416666666668 0.03845703125 0.035333333333333335
3 0.659671875 0.1329861111111111 0.033910156250000004 0.04236111111111111
3 0.5782812500000001 0.16435416666666666 0.03891015625 0.05092361111111111
5 0.6253046875 0.1736111111111111 0.028453125000000003 0.0625
4 0.701953125 0.19618055555555555 0.0896328125 0.1932847222222222
5 0.81680859375 0.19643055555555555 0.02607421875 0.1011875
3 0.6237421875 0.221875 0.014839843750000001 0.03263888888888889
5 0.43861718749999995 0.3628472222222222 0.03053515625 0.15625
5 0.65810546875 0.446875 0.051535156250000005 0.17569444444444443
3 0.72435546875 0.06842361111111112 0.02146484375 0.017159722222222222