5 0.26810416666666664 0.22175925925925927 0.013963541666666666 0.0712962962962963
4 0.19754166666666664 0.25277777777777777 0.08636979166666667 0.17037037037037037
5 0.6553541666666667 0.25416666666666665 0.0145 0.08981481481481482
4 0.3249010416666666 0.28425925925925927 0.10984895833333333 0.22407407407407406
3 0.6346197916666667 0.32381481481481483 0.046234375 0.02623148148148148
3 0.5734375 0.3323055555555555 0.05464583333333333 0.07922222222222222
5 0.81003125 0.3425925925925926 0.029067708333333334 0.12222222222222222
3 0.6067083333333334 0.35005555555555556 0.016447916666666666 0.08075925925925925
3 0.6224739583333334 0.3587962962962963 0.021359375 0.0787037037037037
3 0.6586354166666666 0.3603425925925926 0.04854166666666667 0.07355555555555555
3 0.6777656249999999 0.375 0.05307291666666667 0.09074074074074075
5 0.9141770833333334 0.38333333333333336 0.03944270833333333 0.13333333333333333
5 0.9529739583333333 0.39166666666666666 0.030578125 0.09814814814814815
3 0.720984375 0.39305555555555555 0.06346875 0.09537037037037037
3 0.7511875 0.4013888888888889 0.059291666666666666 0.09907407407407408
3 0.8342447916666667 0.44212962962962965 0.07540625 0.09907407407407408
3 0.8613229166666667 0.4527777777777778 0.06602083333333333 0.1
2 0.850140625 0.6481481481481481 0.2997239583333334 0.4444444444444444