4 0.11474999999999999 0.2129537037037037 0.051375 0.08468518518518518
5 0.23820312500000002 0.22643518518518518 0.013354166666666667 0.06217592592592593
4 0.19222395833333333 0.24669444444444444 0.08027604166666666 0.1668425925925926
5 0.3897291666666666 0.2544444444444445 0.015817708333333333 0.06382407407407407
3 0.45673437499999997 0.2635277777777778 0.05040625 0.06973148148148148
5 0.3733333333333333 0.2699814814814815 0.016973958333333334 0.10850000000000001
3 0.472125 0.2713148148148148 0.055692708333333334 0.06298148148148147
4 0.32547916666666665 0.2805648148148148 0.117921875 0.2328425925925926
5 0.3999010416666666 0.28614814814814815 0.030895833333333334 0.10339814814814816
3 0.5758072916666667 0.2928055555555556 0.025677083333333333 0.034944444444444445
3 0.5850364583333333 0.29730555555555555 0.040567708333333334 0.030185185185185186
3 0.6285208333333333 0.30260185185185184 0.023885416666666666 0.030185185185185186
3 0.6544270833333333 0.3092222222222222 0.013177083333333334 0.040240740740740744
3 0.23771354166666667 0.310037037037037 0.034041666666666665 0.056027777777777774
5 0.5309947916666666 0.32108333333333333 0.028635416666666667 0.1616203703703704
5 0.4271822916666667 0.32231481481481483 0.027557291666666664 0.14509259259259258
5 0.5081979166666667 0.32372222222222224 0.024510416666666666 0.15442592592592594
3 0.591890625 0.3343703703703704 0.047 0.09689814814814815
5 0.5536822916666666 0.3466666666666666 0.03125520833333333 0.17233333333333334
3 0.6770625 0.3600555555555556 0.05830729166666667 0.11437037037037037
5 0.459359375 0.36544444444444446 0.031359375 0.18691666666666668
3 0.6956770833333333 0.3788518518518519 0.058 0.11172222222222222
3 0.7201041666666667 0.38573148148148145 0.04847395833333333 0.11489814814814815
3 0.7504791666666667 0.39949999999999997 0.05919270833333334 0.11489814814814815
3 0.7750520833333333 0.4042685185185185 0.05294270833333334 0.1223148148148148
5 0.6413437500000001 0.4173611111111111 0.03947916666666666 0.2122962962962963
3 0.8091614583333333 0.41909259259259257 0.05027604166666667 0.11913888888888888
5 0.6148541666666667 0.43080555555555555 0.03915104166666667 0.23394444444444445
3 0.8325416666666666 0.43603703703703706 0.04818229166666667 0.12019444444444445
3 0.8530885416666667 0.445037037037037 0.05711458333333333 0.12337037037037038
3 0.8877916666666666 0.4553611111111111 0.03895833333333333 0.14296296296296296
3 0.9026822916666667 0.4619814814814815 0.03478645833333334 0.14666666666666667
3 0.9251770833333333 0.47203703703703703 0.036890624999999996 0.16149074074074074
3 0.95034375 0.4868703703703704 0.03419791666666667 0.16149074074074074
3 0.9784791666666667 0.4945462962962963 0.03686979166666667 0.15778703703703703
3 0.9931302083333333 0.5181018518518518 0.013744791666666667 0.13608333333333333
5 0.840140625 0.6302129629629629 0.05077604166666667 0.31565740740740744
5 0.797140625 0.6513611111111112 0.07595312500000001 0.3575185185185185
5 0.7028541666666667 0.712037037037037 0.07529166666666667 0.3890092592592593