5 0.81498828125 0.08315972222222222 0.00614453125 0.043013888888888886
5 0.6884375 0.08568055555555555 0.00350390625 0.017201388888888888
5 0.69542578125 0.0926875 0.00529296875 0.021020833333333332
1 0.8570546875 0.097375 0.06205078125 0.045166666666666674
5 0.6809140625000001 0.10065277777777777 0.00708984375 0.020381944444444446
5 0.68933203125 0.10224305555555555 0.00529296875 0.024847222222222222
5 0.6520742187499999 0.12390277777777776 0.01390625 0.05542361111111111
5 0.66497265625 0.12709027777777776 0.01318359375 0.049048611111111105
5 0.817609375 0.14269444444444443 0.00743359375 0.025479166666666664
5 0.80650390625 0.14715277777777777 0.00887109375 0.034402777777777775
3 0.66389453125 0.1547986111111111 0.01891796875 0.033125
1 0.6167812500000001 0.16276388888888887 0.07303515625 0.07070833333333333
5 0.596890625 0.17200000000000001 0.0131875 0.08790972222222222
4 0.7122773437500001 0.18888194444444445 0.1063515625 0.17772916666666666
5 0.44311718750000006 0.28429166666666666 0.023265625 0.0976111111111111
5 0.41927343749999996 0.2989375 0.021562500000000002 0.11591666666666665
5 0.43968749999999995 0.3529305555555556 0.02738671875 0.13970833333333335
5 0.08333984375 0.4905902777777778 0.02390625 0.07260416666666666
5 0.109296875 0.5108125 0.03614453125 0.17528472222222222
5 0.7888515625 0.05627777777777778 0.0030625 0.027000000000000003
5 0.77809765625 0.059861111111111115 0.0049453125 0.029868055555555554
5 0.78468359375 0.06021527777777777 0.0049453125 0.028194444444444446
5 0.77366015625 0.06105555555555556 0.00387109375 0.02795833333333333