5 0.24430729166666668 0.22736111111111112 0.012786458333333334 0.06591666666666667
5 0.2697760416666667 0.2320648148148148 0.01240625 0.07000925925925926
5 0.2543020833333333 0.23619444444444446 0.013395833333333333 0.0720462962962963
4 0.19136458333333334 0.2528888888888889 0.08075 0.16698148148148148
3 0.4709114583333333 0.2753703703703704 0.054593749999999996 0.06101851851851852
4 0.32277083333333334 0.28237962962962965 0.11525 0.2341388888888889
5 0.2094322916666667 0.3038703703703704 0.016630208333333334 0.10998148148148149
3 0.23674479166666668 0.30748148148148147 0.037843749999999995 0.06101851851851852
3 0.5644895833333333 0.3210185185185185 0.047989583333333335 0.09258333333333332
3 0.6637291666666666 0.32464814814814813 0.04375 0.04747222222222223
3 0.5818333333333333 0.3261111111111111 0.044171875 0.09167592592592592
3 0.593984375 0.33116666666666666 0.04876041666666667 0.09324074074074075
3 0.6364635416666666 0.3380740740740741 0.04990625 0.09596296296296296
5 0.4086666666666667 0.3382222222222222 0.02421875 0.14764814814814817
3 0.6107135416666666 0.3463333333333333 0.030583333333333334 0.08025925925925927
5 0.6395885416666667 0.3511759259259259 0.033979166666666664 0.16673148148148148
5 0.4469166666666667 0.36500925925925926 0.05336458333333333 0.17774074074074075
3 0.6784947916666667 0.3661574074074074 0.06033854166666666 0.10163888888888889
3 0.6942968749999999 0.37675 0.05621875 0.10924074074074075
3 0.7212447916666667 0.38502777777777775 0.045083333333333336 0.11495370370370371
3 0.7476041666666667 0.3971111111111111 0.055359375 0.11197222222222222
3 0.7701979166666667 0.40268518518518515 0.05063020833333333 0.12346296296296297
3 0.8084895833333333 0.419962962962963 0.055703125 0.1172962962962963
3 0.8292291666666666 0.43734259259259256 0.04193229166666667 0.11724074074074074
3 0.8532395833333334 0.4457037037037037 0.05905208333333333 0.11744444444444445
3 0.8877083333333334 0.4537777777777778 0.040338541666666665 0.13541666666666666
3 0.980359375 0.4539814814814815 0.01608333333333333 0.05588888888888889
3 0.9012916666666667 0.45638888888888884 0.03883333333333334 0.13483333333333333
3 0.9248072916666668 0.45931481481481484 0.039562499999999994 0.09072222222222223
5 0.9135364583333333 0.4832592592592592 0.053625 0.21700925925925926
3 0.9518958333333334 0.48463888888888884 0.034166666666666665 0.14933333333333335
3 0.9957083333333333 0.5179444444444444 0.008583333333333333 0.12699074074074074
5 0.987484375 0.5294722222222222 0.02503125 0.23642592592592593
5 0.9609166666666666 0.5322037037037036 0.04010416666666667 0.23547222222222222