4 0.11911458333333333 0.20880555555555555 0.03897916666666667 0.07547222222222223
5 0.245890625 0.22355555555555556 0.010541666666666666 0.05586111111111111
4 0.19405729166666666 0.24761111111111112 0.070765625 0.15689814814814815
1 0.41370312499999995 0.27182407407407405 0.108984375 0.07939814814814815
3 0.47701041666666666 0.2728055555555556 0.040817708333333334 0.05862037037037037
5 0.27139583333333334 0.2787222222222222 0.017260416666666667 0.0905462962962963
4 0.325640625 0.2832222222222222 0.11158333333333334 0.2288611111111111
5 0.5430104166666666 0.284962962962963 0.017546875 0.08127777777777778
5 0.3872760416666667 0.28975 0.019083333333333334 0.07556481481481482
3 0.5722552083333333 0.29359259259259257 0.03274479166666667 0.03969444444444444
3 0.23843229166666668 0.29391666666666666 0.040338541666666665 0.0385462962962963
5 0.526375 0.2940185185185185 0.023286458333333333 0.10794444444444444
5 0.3966458333333333 0.3056203703703704 0.025895833333333333 0.0835
3 0.5777239583333333 0.30983333333333335 0.032130208333333334 0.03634259259259259
3 0.66653125 0.31975 0.038515625000000005 0.04349074074074074
5 0.22670833333333332 0.3249722222222223 0.032651041666666665 0.07787037037037037
5 0.5974322916666667 0.3254907407407407 0.029979166666666668 0.1445648148148148
5 0.619953125 0.3310092592592593 0.02959895833333333 0.14957407407407405
5 0.6397864583333334 0.33519444444444446 0.03627604166666667 0.1627685185185185
5 0.44654166666666667 0.34425 0.026500000000000003 0.15401851851851853
3 0.580140625 0.34775925925925927 0.02508854166666667 0.06380555555555555
3 0.6767187499999999 0.36469444444444443 0.06199479166666667 0.09713888888888889
3 0.6940520833333333 0.3763888888888889 0.06107291666666667 0.10758333333333334
5 0.5039322916666666 0.3799074074074074 0.034499999999999996 0.19973148148148148
3 0.7219739583333333 0.38382407407407404 0.04658333333333333 0.1147962962962963
5 0.5511666666666667 0.39089814814814816 0.04338541666666666 0.18621296296296297
3 0.549296875 0.3929722222222222 0.07498958333333333 0.10461111111111111
3 0.7492864583333334 0.40028703703703705 0.05514583333333333 0.10538888888888888
3 0.7705520833333334 0.4028888888888889 0.051328124999999995 0.12176851851851851
3 0.8071041666666667 0.4190740740740741 0.052328124999999996 0.11766666666666667
3 0.833203125 0.43071296296296296 0.05239583333333333 0.1291851851851852
3 0.8548125 0.44172222222222224 0.061125 0.1194351851851852
3 0.8875729166666667 0.4534444444444445 0.045557291666666666 0.13523148148148148
3 0.9010885416666666 0.4608425925925926 0.0416875 0.14591666666666667
3 0.9245677083333333 0.47791666666666666 0.03905729166666667 0.14300925925925925
3 0.9498802083333333 0.48664814814814816 0.03672916666666667 0.154
3 0.9767395833333333 0.4979166666666667 0.041901041666666666 0.14713888888888887
3 0.9932031250000001 0.5230648148148148 0.013588541666666667 0.12038888888888889
3 0.14678645833333331 0.7930555555555555 0.184453125 0.28374074074074074