5 0.14549479166666668 0.2131574074074074 0.005661458333333333 0.03635185185185185
1 0.110875 0.2319537037037037 0.052958333333333336 0.03510185185185185
5 0.238078125 0.2425277777777778 0.013588541666666667 0.07322222222222222
5 0.2517395833333333 0.2441759259259259 0.011390625 0.07088888888888889
4 0.19784895833333332 0.2496574074074074 0.08234895833333335 0.16478703703703704
5 0.6454791666666666 0.25991666666666663 0.0125 0.07805555555555556
5 0.6377968749999999 0.2680648148148148 0.027020833333333334 0.08135185185185186
3 0.464984375 0.27125925925925926 0.042807291666666664 0.0651851851851852
5 0.15286979166666667 0.28001851851851856 0.01303125 0.08582407407407407
3 0.4831822916666667 0.28350000000000003 0.057203125 0.0756111111111111
3 0.25427083333333333 0.3282314814814815 0.037234375 0.0852962962962963
3 0.5817708333333333 0.32993518518518516 0.03888020833333334 0.09675925925925925
4 0.3628072916666667 0.33467592592592593 0.19530208333333335 0.3339537037037037
3 0.5970208333333333 0.3348425925925926 0.042171875 0.09609259259259259
3 0.6185416666666667 0.33775 0.04548958333333333 0.10041666666666667
3 0.634640625 0.34173148148148147 0.04778125 0.10298148148148148
3 0.6563489583333334 0.35007407407407404 0.053619791666666666 0.09624074074074074
3 0.67321875 0.35377777777777775 0.04922395833333334 0.05551851851851852
5 0.13294791666666667 0.5421203703703704 0.06196354166666666 0.3027592592592593
2 0.8112656250000001 0.6452222222222223 0.37424999999999997 0.7011759259259259
3 0.24906770833333333 0.8436018518518519 0.1045 0.31280555555555556