3 0.7193697916666667 0.09673148148148147 0.01913541666666667 0.025824074074074076
3 0.7121041666666666 0.1101388888888889 0.027088541666666667 0.05750925925925926
3 0.7349947916666667 0.11549999999999999 0.011567708333333334 0.04580555555555556
3 0.7075833333333333 0.12450925925925926 0.020234375000000002 0.03264814814814815
3 0.6996770833333333 0.13467592592592592 0.014671875000000001 0.036333333333333336
0 0.66978125 0.13799074074074075 0.05320833333333333 0.09226851851851853
0 0.7547239583333333 0.14080555555555554 0.03671354166666666 0.09065740740740741
3 0.6369479166666667 0.1736388888888889 0.03046875 0.036083333333333335
3 0.6207447916666666 0.1815277777777778 0.03384895833333333 0.04886111111111111
0 0.7458906249999999 0.18328703703703703 0.04421354166666667 0.04485185185185185
3 0.601859375 0.18766666666666668 0.030177083333333334 0.05362037037037037
0 0.7115781250000001 0.1890462962962963 0.023510416666666666 0.04836111111111111
3 0.5841041666666666 0.20120370370370372 0.04004166666666666 0.060138888888888895
3 0.4957708333333333 0.2089537037037037 0.03370833333333333 0.07469444444444445
3 0.5714218750000001 0.2129814814814815 0.03891145833333333 0.0636388888888889
3 0.7069322916666666 0.21323148148148147 0.033421875000000004 0.05061111111111111
3 0.5597864583333333 0.22325 0.044703124999999996 0.054620370370370375
3 0.538296875 0.24041666666666664 0.042583333333333334 0.0689074074074074
1 0.7299166666666667 0.2489351851851852 0.09915104166666668 0.07194444444444445
3 0.527796875 0.2530648148148148 0.04413020833333334 0.06313888888888888
3 0.514765625 0.2648425925925926 0.045671875 0.06664814814814815
1 0.6355104166666667 0.2689259259259259 0.121015625 0.15758333333333333
3 0.48966666666666664 0.2754907407407407 0.04907291666666667 0.06689814814814815
3 0.4117239583333333 0.2826296296296296 0.04535416666666667 0.0716574074074074
3 0.421953125 0.2866388888888889 0.032567708333333334 0.0410925925925926
3 0.47317708333333336 0.2898981481481481 0.04371354166666667 0.06564814814814815
3 0.464296875 0.3036851851851852 0.049640625 0.05962962962962964
1 0.6950729166666666 0.306037037037037 0.17205208333333333 0.1073425925925926
3 0.4318854166666667 0.3165833333333334 0.04653125 0.08042592592592593
1 0.6690468749999999 0.43315740740740744 0.22846875000000003 0.23862037037037034
3 0.223671875 0.4357037037037037 0.025322916666666664 0.05200925925925926
3 0.20815625000000001 0.4582407407407407 0.025812500000000002 0.037564814814814815
5 0.14163541666666665 0.5065925925925926 0.027760416666666666 0.05824074074074074
3 0.12876041666666665 0.5421759259259259 0.031822916666666666 0.03091666666666667
3 0.1170625 0.5693333333333334 0.03025 0.044787037037037035
3 0.09301041666666668 0.5818981481481482 0.024354166666666666 0.04912037037037037
3 0.078875 0.6073240740740741 0.0289375 0.051425925925925924
5 0.12153645833333333 0.6238981481481481 0.048755208333333334 0.17637037037037037
5 0.060661458333333335 0.6274629629629629 0.03517708333333334 0.1505462962962963
5 0.036557291666666665 0.6365370370370371 0.039510416666666666 0.15219444444444444
2 0.321171875 0.6470555555555556 0.2470520833333333 0.3496574074074074
3 0.10113541666666667 0.6545648148148148 0.048078125 0.1256851851851852
3 0.055385416666666666 0.6651111111111112 0.030739583333333334 0.05431481481481481
3 0.021020833333333332 0.6844722222222223 0.033817708333333335 0.09476851851851852
3 0.00896875 0.7096111111111111 0.0179375 0.07280555555555555
3 0.7310208333333333 0.07261111111111111 0.018859375 0.021444444444444443
1 0.6497083333333333 0.7731481481481481 0.35720833333333335 0.3919722222222222