5 0.7458515625000001 0.1644027777777778 0.005187499999999999 0.01941666666666667
5 0.7354296875 0.165 0.0035390625 0.020583333333333335
5 0.702015625 0.16911111111111113 0.003546875 0.017055555555555553
5 0.7594140625 0.16940277777777776 0.0031953125 0.017652777777777778
5 0.7101171875000001 0.17058333333333334 0.0045390625 0.01411111111111111
5 0.707640625 0.17234722222222223 0.0028828125 0.025875
5 0.7162421875 0.1791111111111111 0.0068515625 0.028819444444444446
2 0.6078984375 0.18234722222222222 0.0469140625 0.06352777777777778
5 0.6171640625 0.18881944444444443 0.0045703125 0.027055555555555555
5 0.7033359375 0.18881944444444443 0.006195312499999999 0.018819444444444444
0 0.6576875 0.18940277777777778 0.01878125 0.051763888888888894
5 0.765890625 0.19352777777777777 0.00425 0.021180555555555557
1 0.7860703124999999 0.19645833333333332 0.03203125 0.028236111111111108
3 0.7010546875 0.2076388888888889 0.00559375 0.025875
5 0.6361796875 0.21676388888888887 0.012171875 0.035875
5 0.49128906250000004 0.26822222222222225 0.01221875 0.08118055555555556