5 0.649953125 0.2588425925925926 0.023057291666666667 0.08164814814814815
5 0.123796875 0.27314814814814814 0.038015625 0.19444444444444445
3 0.47147916666666667 0.27525 0.060046875000000006 0.06734259259259259
5 0.09613020833333333 0.2835648148148148 0.024817708333333334 0.14583333333333334
5 0.6748437500000001 0.29966666666666664 0.019807291666666667 0.05724074074074074
4 0.32340625 0.30710185185185185 0.12472916666666665 0.23765740740740743
3 0.6189791666666667 0.3181851851851852 0.055802083333333335 0.03535185185185185
5 0.173265625 0.32252777777777775 0.050145833333333334 0.20678703703703705
3 0.6374427083333334 0.3278611111111111 0.05201041666666666 0.036194444444444446
3 0.5616666666666668 0.3324907407407407 0.03303125 0.07912037037037037
3 0.25300520833333334 0.33564814814814814 0.03659375 0.07407407407407407
3 0.5727916666666667 0.3446944444444444 0.02119270833333333 0.06144444444444445
3 0.5888854166666667 0.34596296296296297 0.022130208333333335 0.08249074074074074
5 0.8691718749999999 0.39562037037037034 0.0249375 0.12625925925925927
5 0.8192291666666667 0.4175092592592593 0.04247395833333333 0.19528703703703704
3 0.904015625 0.4330833333333334 0.024546875000000003 0.06986111111111111
5 0.9371510416666666 0.47475 0.032109375 0.21885185185185185
3 0.9717135416666667 0.4987407407407407 0.023572916666666666 0.1506759259259259
3 0.8745208333333333 0.5171203703703704 0.10290625 0.12625925925925927
1 0.6584010416666667 0.5416666666666666 0.27388541666666666 0.4351851851851852
5 0.028885416666666667 0.6018518518518519 0.057770833333333334 0.3271574074074074
5 0.4557604166666666 0.7384259259259259 0.07608333333333334 0.3719166666666667
5 0.24877083333333333 0.7770092592592592 0.12647916666666667 0.36265740740740743
3 0.22468229166666667 0.8780833333333333 0.08007291666666667 0.24382407407407405