5 0.653171875 0.28099074074074076 0.009479166666666667 0.017555555555555557
5 0.5549635416666666 0.2861111111111111 0.011755208333333333 0.04136111111111111
3 0.6539010416666666 0.30030555555555555 0.00825 0.017898148148148146
2 0.5962239583333333 0.3049351851851852 0.03086458333333333 0.03456481481481481
3 0.6674947916666666 0.31851851851851853 0.0168125 0.02962962962962963
5 0.6354375 0.3185555555555556 0.01769270833333333 0.058638888888888886
5 0.5473177083333333 0.325 0.01175 0.024074074074074074
3 0.6786041666666667 0.3296296296296296 0.020973958333333334 0.03333333333333333
3 0.69921875 0.33117592592592593 0.022640625 0.027777777777777776
5 0.71184375 0.3314814814814815 0.009328125 0.015435185185185187
1 0.604640625 0.3388888888888889 0.042145833333333334 0.054935185185185184
5 0.7423958333333334 0.3466018518518518 0.011401041666666667 0.04259259259259259
3 0.6966145833333334 0.3669722222222222 0.011880208333333333 0.03888888888888889
0 0.5745677083333334 0.36821296296296296 0.04402604166666667 0.08703703703703704
5 0.6013697916666667 0.38360185185185186 0.01768229166666667 0.08994444444444445
3 0.618484375 0.3950648148148148 0.018666666666666668 0.061731481481481484
0 0.7233697916666666 0.39947222222222223 0.04590625 0.12434259259259259
3 0.5891510416666667 0.4228425925925926 0.053046875 0.020990740740740744
3 0.765234375 0.4344166666666667 0.051875 0.03981481481481482
3 0.5841145833333333 0.43703703703703706 0.05686979166666666 0.03950925925925926
3 0.7806822916666667 0.4538611111111111 0.05360416666666667 0.03302777777777778
3 0.7800729166666667 0.469287037037037 0.06106770833333333 0.028703703703703703
3 0.5785572916666666 0.48086111111111113 0.065203125 0.0728425925925926
3 0.8104583333333333 0.4966018518518519 0.028083333333333335 0.03518518518518519
3 0.8320729166666666 0.5094166666666666 0.06471354166666667 0.03981481481481482
3 0.83103125 0.5203703703703704 0.070265625 0.05555555555555555
3 0.5464270833333333 0.5216018518518519 0.07970833333333333 0.12345370370370372
3 0.530515625 0.5535 0.088390625 0.1502037037037037
3 0.8138489583333333 0.5587962962962963 0.03972395833333333 0.06821296296296296
3 0.8701822916666667 0.5614166666666667 0.07427083333333333 0.06358333333333334
3 0.47728125 0.5725277777777779 0.101140625 0.13271296296296298
5 0.125453125 0.5751018518518519 0.05372916666666667 0.12345370370370372
3 0.8799895833333333 0.5915092592592593 0.07061979166666667 0.07932407407407407
3 0.46831249999999996 0.6131666666666666 0.10635416666666667 0.1584351851851852
3 0.8329375 0.6262314814814816 0.07998958333333334 0.11543518518518518
3 0.4359322916666667 0.6346296296296297 0.12840625 0.14874074074074073
3 0.924953125 0.6475277777777778 0.08658854166666667 0.13333333333333333
5 0.11359375 0.6610092592592592 0.04273958333333334 0.23353703703703704
3 0.367953125 0.690324074074074 0.13397395833333334 0.19341666666666665
3 0.8666197916666667 0.70725 0.10568229166666666 0.16450925925925924
2 0.64190625 0.7299351851851852 0.29298437499999996 0.5401203703703704
3 0.8746875000000001 0.7510833333333333 0.11557291666666666 0.17932407407407405
3 0.9804999999999999 0.7796296296296297 0.039 0.1259259259259259
3 0.8995989583333334 0.8001574074074074 0.118515625 0.16450925925925924