5 0.5581666666666667 0.25500925925925927 0.004942708333333334 0.034416666666666665
5 0.6386875 0.25500925925925927 0.004651041666666666 0.014601851851851852
2 0.6549635416666667 0.2576203703703704 0.0201875 0.05006481481481481
5 0.6416197916666667 0.26022222222222224 0.0040625 0.016685185185185185
1 0.5566927083333333 0.30872222222222223 0.047765625 0.038592592592592595
2 0.7064270833333333 0.31133333333333335 0.08263541666666667 0.08343518518518518
1 0.5492135416666667 0.3152407407407407 0.051578125 0.034944444444444445
2 0.6455364583333334 0.3257129629629629 0.03611458333333333 0.06198148148148148
1 0.5467239583333333 0.33114814814814814 0.051875 0.04172222222222222
1 0.6039270833333333 0.33375925925925926 0.03956770833333333 0.05319444444444445
5 0.6297395833333332 0.3478333333333334 0.012572916666666666 0.06883333333333333
3 0.6948489583333333 0.3512222222222222 0.01371875 0.023462962962962963
3 0.6092083333333334 0.36348148148148146 0.02490104166666667 0.025027777777777777
0 0.575625 0.3642592592592592 0.045145833333333336 0.08396296296296298
3 0.6963333333333334 0.36995370370370373 0.013098958333333332 0.03486111111111111
3 0.6153958333333333 0.39294444444444443 0.022500000000000003 0.05162962962962963
0 0.7230000000000001 0.39737962962962964 0.04772916666666667 0.12202777777777778
3 0.566515625 0.4106759259259259 0.04101041666666667 0.025555555555555557
3 0.5887708333333334 0.4230555555555555 0.05386979166666667 0.022583333333333334
3 0.5879583333333334 0.4342037037037037 0.04963541666666667 0.022296296296296293
3 0.5833958333333332 0.44680555555555557 0.05647395833333334 0.02548148148148148
3 0.7703854166666667 0.448712962962963 0.039703125 0.012638888888888889
3 0.7794322916666666 0.45819444444444446 0.042281250000000006 0.015509259259259259
3 0.5808697916666666 0.4669259259259259 0.06543229166666667 0.03966666666666667
3 0.7747395833333334 0.4708333333333333 0.04647916666666666 0.013212962962962963
3 0.5521197916666666 0.4870555555555555 0.06298437500000001 0.03127777777777778
3 0.8065677083333332 0.4935277777777778 0.027401041666666667 0.02987962962962963
3 0.5491041666666666 0.5081944444444445 0.07063541666666667 0.027796296296296295
3 0.8304791666666667 0.5127777777777778 0.059057291666666664 0.022407407407407407
3 0.8332239583333333 0.5346111111111111 0.06842708333333333 0.03160185185185185
3 0.8608489583333333 0.54725 0.06163020833333333 0.027
3 0.8114166666666667 0.5584537037037037 0.03773958333333333 0.044814814814814814
3 0.5236197916666667 0.56575 0.09914583333333334 0.11047222222222222
3 0.86828125 0.5702314814814815 0.07325520833333334 0.024703703703703703
3 0.8782604166666667 0.5967314814814815 0.05846354166666667 0.04625925925925926
3 0.46999479166666663 0.6083611111111111 0.10003125 0.15613888888888888
3 0.8242760416666666 0.6241944444444444 0.07149479166666667 0.09772222222222222
3 0.43490104166666665 0.6258703703703704 0.13146875 0.17244444444444446
3 0.9225208333333333 0.6458888888888888 0.09618750000000001 0.13278703703703704
3 0.36232291666666666 0.6873888888888889 0.13477083333333334 0.1817962962962963
2 0.6456666666666667 0.7302685185185186 0.29609375 0.5394629629629629
3 0.8710208333333332 0.7491666666666666 0.11996354166666667 0.1754351851851852
3 0.873953125 0.7521944444444445 0.11953125 0.18091666666666664
3 0.981125 0.7559444444444444 0.037744791666666666 0.06426851851851852
3 0.897546875 0.8026203703703704 0.13295833333333335 0.16422222222222224
3 0.9783437500000001 0.8079537037037038 0.03652604166666666 0.06625