3 0.4704375 0.27049999999999996 0.04897395833333333 0.05687962962962963
4 0.32277083333333334 0.2771203703703704 0.11672916666666668 0.22619444444444445
5 0.40275 0.2804259259259259 0.025197916666666667 0.11375925925925925
3 0.23896875 0.3047870370370371 0.034609375000000005 0.0663611111111111
3 0.5662187500000001 0.3210185185185185 0.051187500000000004 0.09557407407407408
3 0.58134375 0.3274722222222222 0.04741145833333334 0.0981851851851852
3 0.5953072916666666 0.33099074074074075 0.05321875 0.09722222222222222
3 0.6359739583333333 0.34194444444444444 0.050140625 0.10473148148148148
3 0.6571927083333333 0.35 0.057453125 0.10937962962962963
5 0.457421875 0.35780555555555554 0.0393125 0.18386111111111111
3 0.6757552083333334 0.3668611111111111 0.05714583333333333 0.0999351851851852
3 0.6947604166666667 0.37812962962962965 0.05585416666666666 0.10643518518518519
3 0.7218489583333334 0.38442592592592595 0.04847395833333333 0.11722222222222221
5 0.5266354166666667 0.39417592592592593 0.04814583333333333 0.17195370370370372
3 0.754703125 0.39502777777777776 0.062098958333333336 0.11845370370370371
3 0.7760572916666667 0.40317592592592594 0.05934375 0.12618518518518518
3 0.8076145833333332 0.4183888888888889 0.061859375 0.12100925925925926
3 0.8330833333333333 0.43644444444444447 0.056921875000000004 0.12249074074074073
4 0.5151875 0.4444444444444444 0.048177083333333336 0.11481481481481481
3 0.8574947916666668 0.44581481481481483 0.06634895833333333 0.1185462962962963
3 0.8895156249999999 0.45461111111111113 0.048567708333333334 0.13616666666666666
3 0.9030260416666667 0.45987962962962964 0.040984374999999997 0.14939814814814814
3 0.9204843749999999 0.4824444444444444 0.033130208333333334 0.13996296296296296
3 0.9482447916666668 0.4884907407407408 0.02304166666666667 0.1487037037037037
3 0.9758854166666667 0.4946018518518518 0.018859375 0.16203703703703703
3 0.9927760416666668 0.5231481481481481 0.014442708333333333 0.10185185185185185