5 0.424671875 0.2520555555555556 0.022864583333333334 0.09052777777777778
5 0.651375 0.2598796296296296 0.008255208333333333 0.09136111111111112
4 0.21058333333333332 0.26234259259259257 0.10741666666666667 0.21604629629629632
4 0.32688020833333337 0.2839537037037037 0.12126041666666666 0.24691666666666667
5 0.6983229166666667 0.31655555555555553 0.02596875 0.08680555555555555
3 0.5744479166666667 0.33044444444444443 0.05296354166666666 0.0798611111111111
3 0.6242760416666666 0.34462037037037035 0.049755208333333335 0.07812962962962963
5 0.8103854166666667 0.3477962962962963 0.023947916666666666 0.10532407407407407
3 0.6368072916666667 0.3504074074074074 0.04421354166666667 0.07002777777777777
3 0.6569843750000001 0.36053703703703704 0.049416666666666664 0.0763888888888889
3 0.66040625 0.37412962962962965 0.0328125 0.09549074074074074
3 0.6820468749999999 0.3891759259259259 0.028578125 0.08044444444444444
3 0.7131302083333334 0.39641666666666664 0.04971875 0.08912037037037036
3 0.7514739583333333 0.3975740740740741 0.05716666666666667 0.12384259259259259
5 0.9497916666666666 0.40190740740740744 0.02890625 0.10589814814814816
5 0.9076458333333334 0.41898148148148145 0.028593749999999998 0.19791666666666666
3 0.8234947916666666 0.4395277777777778 0.06081770833333333 0.10243518518518518
3 0.8588749999999999 0.45544444444444443 0.07275000000000001 0.09143518518518519
3 0.9760989583333333 0.4664351851851852 0.022229166666666668 0.09722222222222222
3 0.9380208333333333 0.49189814814814814 0.016354166666666666 0.07407407407407407
5 0.9451510416666667 0.5333703703703704 0.051812500000000004 0.2496111111111111
3 0.9936041666666667 0.5358796296296297 0.012786458333333334 0.1087962962962963