3 0.7452135416666666 0.9514537037037036 0.10134895833333334 0.09708333333333333
4 0.657875 0.24630555555555556 0.022000000000000002 0.02838888888888889
5 0.6447343750000001 0.2477962962962963 0.00353125 0.014203703703703703
5 0.6375624999999999 0.25002777777777774 0.004276041666666667 0.016574074074074074
5 0.6704791666666666 0.25726851851851856 0.005057291666666667 0.023148148148148147
5 0.6488802083333333 0.26475925925925925 0.0050104166666666665 0.021833333333333333
5 0.6538333333333333 0.26621296296296293 0.0033802083333333336 0.02209259259259259
5 0.6571614583333333 0.2695 0.005895833333333334 0.019731481481481482
5 0.5915416666666666 0.27081481481481484 0.006640625 0.023935185185185188
5 0.658640625 0.28264814814814815 0.005005208333333333 0.01814814814814815
1 0.6799427083333334 0.2851296296296296 0.021052083333333336 0.019203703703703702
5 0.6384375 0.28659259259259257 0.01046875 0.03550925925925926
5 0.6484270833333333 0.28725 0.00825 0.025777777777777778
5 0.677875 0.2885648148148148 0.012989583333333334 0.015259259259259259
5 0.687640625 0.28870370370370374 0.003515625 0.017620370370370373
5 0.5978281249999999 0.2902777777777778 0.0050104166666666665 0.01814814814814815
5 0.5905052083333333 0.2934351851851852 0.007822916666666667 0.01710185185185185
5 0.6661145833333334 0.2934351851851852 0.007520833333333333 0.04340740740740741
5 0.6064114583333333 0.30013888888888884 0.00796875 0.030518518518518518
5 0.5777083333333334 0.30185185185185187 0.009161458333333334 0.03550925925925926
3 0.6589375000000001 0.30203703703703705 0.004171875 0.020342592592592593
3 0.6880364583333333 0.30467592592592596 0.02077604166666667 0.008805555555555556
1 0.5571510416666666 0.30934259259259256 0.048802083333333336 0.03256481481481482
3 0.6919947916666668 0.3112314814814815 0.028473958333333334 0.007046296296296296
1 0.5491666666666667 0.3126851851851852 0.056317708333333334 0.027555555555555555
5 0.6539010416666666 0.3205277777777778 0.009208333333333334 0.03077777777777778
5 0.5901354166666667 0.3223703703703704 0.010041666666666667 0.01551851851851852
3 0.6900156249999999 0.3223796296296296 0.025614583333333333 0.018000000000000002
5 0.653234375 0.32737037037037037 0.015567708333333334 0.04971296296296296
1 0.5383697916666667 0.3281296296296296 0.03566145833333333 0.03674074074074074
3 0.7053072916666667 0.3285462962962963 0.024067708333333333 0.018583333333333334
5 0.6915572916666667 0.32855555555555555 0.008104166666666668 0.02262037037037037
5 0.62875 0.3311851851851852 0.00446875 0.028935185185185185
5 0.6055989583333333 0.3313148148148148 0.008114583333333333 0.030250000000000003
5 0.6226822916666667 0.3336851851851852 0.012697916666666666 0.04919444444444444
5 0.700140625 0.33894444444444444 0.00484375 0.017620370370370373
3 0.6523385416666667 0.34750000000000003 0.0053124999999999995 0.02507407407407407
5 0.6860104166666667 0.3548611111111111 0.008546875 0.056296296296296296
5 0.6157343750000001 0.35853703703703704 0.015114583333333332 0.02999074074074074
0 0.5749947916666667 0.3636111111111111 0.04316145833333333 0.07430555555555556
0 0.7250208333333333 0.36444444444444446 0.04545833333333334 0.04925925925925926
5 0.6925208333333334 0.3678796296296296 0.007953125 0.058138888888888886
5 0.6009791666666667 0.3765 0.012015625 0.014768518518518518
3 0.6279427083333334 0.3788333333333333 0.011244791666666667 0.017546296296296296
5 0.736328125 0.3823425925925926 0.00796875 0.011314814814814816
5 0.6110989583333333 0.3852685185185185 0.013572916666666665 0.04337037037037037
5 0.5791822916666667 0.38573148148148145 0.019270833333333334 0.049833333333333334
5 0.6984375 0.38589814814814816 0.010317708333333333 0.07418518518518519
5 0.58359375 0.39496296296296296 0.011343750000000001 0.03506481481481481
5 0.5991614583333333 0.40925925925925927 0.01653125 0.03414814814814815
3 0.5553281250000001 0.4149351851851852 0.009296875000000001 0.022564814814814815
5 0.7261927083333333 0.4191759259259259 0.0069375 0.07654629629629629
5 0.7155416666666666 0.42903703703703705 0.011677083333333334 0.1099537037037037
3 0.7795885416666667 0.4321666666666667 0.008812500000000001 0.01287037037037037
3 0.7808802083333333 0.43967592592592597 0.017604166666666664 0.014407407407407409
5 0.5778802083333333 0.44063888888888886 0.014463541666666666 0.07659259259259259
3 0.7878645833333333 0.4470277777777778 0.012265625 0.0095
3 0.7974322916666666 0.4485648148148148 0.02278125 0.02175925925925926
5 0.736109375 0.4507407407407408 0.023244791666666667 0.10863888888888888
3 0.618921875 0.4532962962962963 0.008989583333333334 0.026074074074074076
5 0.7668750000000001 0.45678703703703705 0.01846354166666667 0.06024074074074074
3 0.7988125 0.4580648148148148 0.023473958333333333 0.017472222222222222
5 0.746609375 0.46178703703703705 0.020291666666666666 0.07181481481481482
1 0.6613385416666666 0.4674814814814815 0.08679687500000001 0.1611388888888889
3 0.7976041666666667 0.46849074074074076 0.023817708333333333 0.01562962962962963
5 0.7787864583333334 0.475462962962963 0.014463541666666666 0.04813888888888889
5 0.5651666666666666 0.4853981481481482 0.020177083333333335 0.10704629629629629
5 0.5116614583333333 0.48724074074074075 0.016973958333333334 0.029527777777777778
5 0.7977187499999999 0.497037037037037 0.0159375 0.046564814814814816
5 0.5960468750000001 0.5075462962962963 0.028984375 0.1864074074074074
3 0.8485572916666667 0.5152314814814816 0.041562499999999995 0.03125925925925926
5 0.7513489583333333 0.5182129629629629 0.044848958333333334 0.1236388888888889
3 0.8581249999999999 0.5339259259259259 0.05035416666666667 0.02942592592592593
5 0.5415 0.5439907407407407 0.02059895833333333 0.18548148148148147
5 0.7842604166666667 0.547675925925926 0.03258333333333333 0.11732407407407407
3 0.5826614583333334 0.549574074074074 0.022786458333333332 0.08223148148148149
3 0.8667447916666667 0.5504722222222223 0.052083333333333336 0.038009259259259257
3 0.4667291666666667 0.5633611111111111 0.08313020833333334 0.058666666666666666
3 0.743234375 0.5647129629629629 0.016354166666666666 0.06975925925925926
3 0.8726041666666667 0.5647314814814814 0.06759895833333333 0.04873148148148149
3 0.5650364583333333 0.5774074074074075 0.034921875 0.08775
5 0.5233333333333333 0.5836759259259259 0.04759375 0.22424074074074074
5 0.7457239583333333 0.5893703703703703 0.05342708333333333 0.14862037037037037
3 0.453046875 0.5933333333333333 0.097515625 0.05541666666666667
3 0.8799322916666666 0.5978333333333333 0.058807291666666664 0.04505555555555555
3 0.8456197916666667 0.613 0.019807291666666667 0.06068518518518519
3 0.9252760416666667 0.6209537037037037 0.07404166666666666 0.04282407407407408
3 0.8651927083333334 0.6542314814814816 0.057942708333333336 0.08061111111111112
3 0.7518072916666667 0.6586481481481482 0.06780208333333333 0.08411111111111111
3 0.9631510416666667 0.6598611111111111 0.07369791666666667 0.06536111111111112
3 0.44523958333333336 0.6602314814814815 0.11066666666666666 0.14603703703703705
3 0.021718750000000002 0.6736111111111112 0.043437500000000004 0.14814814814814814
5 0.37076041666666665 0.6801018518518518 0.04992708333333333 0.29160185185185183
5 0.81534375 0.6857314814814816 0.04540625 0.17978703703703702
3 0.9051770833333334 0.6866666666666666 0.019765625000000002 0.11461111111111111
5 0.31625520833333337 0.6870277777777778 0.063234375 0.2999074074074074
3 0.43556249999999996 0.6929814814814814 0.10034375 0.13137962962962962
5 0.1595208333333333 0.6999444444444445 0.06536458333333334 0.29806481481481484
3 0.8528802083333333 0.7033888888888888 0.030302083333333334 0.06566666666666666
3 0.968625 0.7037129629629629 0.06275 0.05612962962962963
5 0.7810416666666666 0.7095833333333333 0.03916145833333333 0.16500925925925927
3 0.37746875 0.7160555555555556 0.1043125 0.12135185185185185
5 0.8634322916666667 0.7356481481481482 0.07321354166666666 0.16789814814814816
3 0.8716927083333333 0.7513148148148148 0.11105208333333333 0.06281481481481482
3 0.9712864583333333 0.7517222222222222 0.05742708333333334 0.12725925925925927
3 0.9778333333333333 0.7839444444444444 0.044328125 0.11420370370370371
3 0.980359375 0.8092407407407407 0.039281250000000004 0.0905462962962963
5 0.7459479166666667 0.8230000000000001 0.09636979166666666 0.2814537037037037
3 0.9906822916666667 0.8331018518518518 0.018630208333333335 0.05343518518518518
3 0.8713541666666667 0.8577777777777778 0.14110416666666667 0.15662962962962962
3 0.8832656249999999 0.8767407407407407 0.06993229166666667 0.06812037037037036
3 0.7760833333333333 0.8833240740740741 0.045885416666666665 0.20535185185185184