5 0.646375 0.2489074074074074 0.0027031250000000002 0.017425925925925925
5 0.6523489583333333 0.25054629629629627 0.0030052083333333333 0.018518518518518517
5 0.6492864583333334 0.2532685185185185 0.00178125 0.014157407407407407
5 0.5602239583333334 0.2566574074074074 0.005572916666666666 0.03782407407407407
5 0.656328125 0.2678611111111111 0.006067708333333334 0.017425925925925925
5 0.6866562500000001 0.2820833333333333 0.004833333333333333 0.023416666666666665
5 0.6806822916666667 0.2990185185185185 0.004526041666666666 0.020694444444444446
5 0.65571875 0.2992962962962963 0.006067708333333334 0.023416666666666665
5 0.684359375 0.29983333333333334 0.003911458333333334 0.02124074074074074
3 0.67509375 0.3058888888888889 0.0048125 0.016537037037037038
1 0.550921875 0.30594444444444446 0.055526041666666665 0.03626851851851852
2 0.5964218750000001 0.30648148148148147 0.030312500000000003 0.03975925925925926
3 0.6675572916666667 0.313 0.010578124999999999 0.017527777777777778
3 0.6555520833333334 0.3201574074074074 0.016749999999999998 0.020657407407407406
1 0.5483177083333334 0.3202129629629629 0.05639583333333333 0.03858333333333334
3 0.6869947916666667 0.3242407407407408 0.006666666666666667 0.016203703703703703
3 0.6779739583333334 0.3244074074074074 0.008713541666666666 0.03306481481481482
3 0.6999166666666666 0.32489814814814816 0.022838541666666667 0.01686111111111111
1 0.6005885416666668 0.32815740740740745 0.03673958333333334 0.04085185185185185
5 0.66015625 0.3295185185185185 0.013723958333333335 0.03812962962962963
1 0.5468020833333332 0.33140740740740743 0.056828125 0.03626851851851852
5 0.6336614583333334 0.3434074074074074 0.011593750000000002 0.06045370370370371
3 0.6948020833333334 0.34375 0.014473958333333333 0.01025
5 0.6260052083333334 0.3502222222222222 0.014046874999999999 0.06426851851851852
3 0.6905260416666666 0.3611111111111111 0.00778125 0.032407407407407406
3 0.6108541666666666 0.3622037037037037 0.022338541666666666 0.023962962962962964
0 0.5759843750000001 0.36450925925925926 0.04477083333333333 0.0808611111111111
3 0.6633645833333334 0.3650277777777778 0.009135416666666667 0.03489814814814814
3 0.6965729166666667 0.3678888888888889 0.00759375 0.034722222222222224
3 0.6146822916666667 0.39461111111111113 0.023260416666666665 0.06154629629629629
3 0.5680364583333334 0.4031666666666667 0.04201041666666667 0.03317592592592592
0 0.7239062500000001 0.4032777777777778 0.04477604166666667 0.12731481481481483
3 0.5820260416666667 0.41938888888888887 0.054765625000000005 0.026148148148148146
3 0.5899895833333333 0.43300925925925926 0.057213541666666666 0.025055555555555553
3 0.76334375 0.4419537037037037 0.04803645833333334 0.022083333333333333
3 0.58478125 0.44499074074074074 0.05659895833333333 0.026148148148148146
3 0.77115625 0.4505 0.04122395833333334 0.017805555555555557
3 0.7779635416666667 0.4593981481481481 0.048427083333333336 0.02563888888888889
3 0.5814114583333333 0.4785277777777777 0.062114583333333334 0.07143518518518518
3 0.5513958333333334 0.48774074074074075 0.06641666666666667 0.031046296296296298
3 0.8042864583333333 0.4905277777777778 0.033588541666666666 0.028194444444444442
3 0.8352447916666667 0.512462962962963 0.06683333333333333 0.022083333333333333
3 0.5474114583333333 0.5147037037037037 0.07315625 0.03486111111111111
3 0.834640625 0.5295555555555556 0.06883333333333333 0.03205555555555555
3 0.8124166666666667 0.5534166666666667 0.029187499999999998 0.05412962962962963
3 0.8630833333333333 0.5548425925925926 0.06561979166666666 0.02849074074074074
3 0.5309947916666666 0.5633888888888889 0.081375 0.11696296296296296
3 0.4768072916666667 0.5751666666666666 0.09126041666666666 0.06753703703703703
3 0.8708906249999999 0.5787037037037037 0.07082291666666667 0.037750000000000006
3 0.8746979166666667 0.6036296296296296 0.0648125 0.04487037037037037
3 0.8233645833333333 0.6213981481481482 0.069921875 0.09464814814814815
3 0.43580729166666665 0.62625 0.12913020833333333 0.1784259259259259
3 0.47328125000000004 0.6268055555555556 0.09585416666666666 0.12180555555555557
5 0.11240104166666667 0.6400462962962963 0.03896354166666667 0.2199074074074074
3 0.9246145833333334 0.6554537037037037 0.08839583333333333 0.11337962962962964
3 0.3626979166666667 0.6871296296296296 0.1315625 0.187
3 0.8635729166666667 0.7163703703703703 0.09941145833333334 0.11792592592592592
2 0.64634375 0.7349537037037037 0.29521875000000003 0.5300925925925926
3 0.9827656250000001 0.7391944444444445 0.03224479166666667 0.038064814814814815
3 0.87109375 0.7680185185185185 0.10403645833333333 0.14097222222222222
3 0.9850572916666667 0.7968148148148148 0.029885416666666668 0.07922222222222222
3 0.9003072916666667 0.8069999999999999 0.11501562500000001 0.15103703703703705