4 0.11850000000000001 0.20538888888888887 0.040427083333333336 0.07012962962962963
4 0.19363541666666664 0.23753703703703705 0.06956770833333333 0.13442592592592592
5 0.3856822916666667 0.24838888888888888 0.015166666666666667 0.040907407407407406
4 0.32769791666666664 0.2797037037037037 0.10765104166666667 0.22710185185185186
5 0.3936614583333334 0.2980740740740741 0.013942708333333333 0.10186111111111111
3 0.620328125 0.3444074074074074 0.04553125 0.0692962962962963
5 0.472140625 0.3527592592592593 0.03282291666666667 0.16448148148148148
3 0.6308906249999999 0.3556759259259259 0.043182291666666664 0.07514814814814814
3 0.660953125 0.37154629629629626 0.053557291666666666 0.09017592592592592
3 0.7205885416666666 0.3899074074074074 0.06391145833333332 0.09851851851851852
5 0.5700416666666667 0.3978425925925926 0.04265104166666667 0.21124074074074073
5 0.7821874999999999 0.4199074074074074 0.028583333333333336 0.0787037037037037
3 0.8271822916666667 0.43624999999999997 0.06019270833333333 0.11772222222222223
5 0.8728020833333333 0.4537037037037037 0.027687499999999997 0.09259259259259259
5 0.9147135416666666 0.4699074074074074 0.03322395833333333 0.09537037037037037
3 0.994625 0.536861111111111 0.010750000000000001 0.09350925925925925