5 0.17196875 0.22516666666666668 0.003640625 0.035791666666666666
5 0.166859375 0.22543055555555555 0.0059765625 0.03205555555555555
5 0.11853906249999999 0.23369444444444443 0.0064843750000000006 0.020583333333333335
5 0.203203125 0.23480555555555555 0.00978125 0.03733333333333333
3 0.11905468749999999 0.24158333333333332 0.0050703125 0.012624999999999999
3 0.20271093750000002 0.24393055555555554 0.00828125 0.03038888888888889
5 0.2288515625 0.24862499999999998 0.007625 0.052083333333333336
5 0.19832031249999998 0.24934722222222222 0.000015625 0.00825
5 0.1524375 0.26255555555555554 0.010187499999999999 0.058222222222222224
5 0.2712578125 0.2703055555555556 0.012843750000000001 0.06516666666666666
5 0.16415625 0.2729722222222222 0.0101796875 0.06197222222222222
5 0.139328125 0.2816111111111111 0.014953125000000001 0.06216666666666666
3 0.27425 0.2819027777777778 0.019546875 0.04644444444444444
5 0.4358984375 0.3425972222222222 0.026000000000000002 0.11883333333333333
5 0.6674218749999999 0.3726805555555555 0.0448125 0.15586111111111112