5 0.0487578125 0.7497638888888889 0.06523828125 0.23377777777777778
5 0.7741757812500001 0.0763888888888889 0.0059179687500000005 0.034722222222222224
5 0.024574218749999998 0.7769027777777778 0.048812499999999995 0.21123611111111112
5 0.7969570312500001 0.08796527777777778 0.0091796875 0.049770833333333334
5 0.7868710937500001 0.08940972222222222 0.007222656249999999 0.0445625
5 0.8055820312499999 0.09056944444444444 0.00871484375 0.0491875
1 0.8490273437500001 0.09172222222222223 0.048082031250000004 0.030673611111111113
5 0.69004296875 0.09404166666666666 0.0062109375 0.029513888888888888
5 0.6918320312499999 0.09779861111111111 0.0116875 0.021993055555555557
5 0.6820703124999999 0.10040277777777779 0.00713671875 0.02720138888888889
1 0.85553515625 0.10445833333333332 0.057839843749999995 0.034145833333333334
5 0.6698632812499999 0.11197916666666667 0.006164062499999999 0.02372916666666667
1 0.870671875 0.12586805555555555 0.039285156249999995 0.030673611111111113
5 0.8202265625 0.14525694444444442 0.0113125 0.03240972222222222
5 0.8060703124999999 0.14640972222222223 0.01113671875 0.0335625
1 0.618265625 0.16493055555555555 0.07212109375 0.06944444444444445
5 0.593375 0.17578472222222222 0.0155 0.0876736111111111
5 0.6614765625000001 0.1892361111111111 0.0169375 0.09375
4 0.70765625 0.19661805555555556 0.10246484375 0.18836805555555555
5 0.83959375 0.046875 0.0033398437500000004 0.018520833333333334
5 0.84268359375 0.04774305555555555 0.00414453125 0.015625
5 0.0876640625 0.49768749999999995 0.0285625 0.08333333333333333
5 0.1999609375 0.5022083333333333 0.021046875 0.04759027777777778
5 0.21240234375 0.5197430555555556 0.02902734375 0.049263888888888885
5 0.1828203125 0.5932152777777778 0.035609375 0.20789583333333334
5 0.8138828124999999 0.06336805555555555 0.00578515625 0.02372916666666667
5 0.22343359375 0.6575069444444444 0.06893359375 0.26634027777777775
5 0.83129296875 0.0685763888888889 0.010007812500000001 0.03298611111111111