5 0.41254687500000004 0.27840740740740744 0.025510416666666664 0.10522222222222222
4 0.32253645833333333 0.29012037037037036 0.11605208333333333 0.2962962962962963
5 0.23686458333333332 0.30257407407407405 0.02928645833333333 0.12423148148148147
5 0.38481770833333334 0.3125 0.028802083333333332 0.08796296296296297
5 0.6375937500000001 0.32252777777777775 0.027411458333333336 0.18826851851851853
2 0.5295260416666667 0.3275462962962963 0.134203125 0.22145370370370368
5 0.6193645833333333 0.33178703703703705 0.029151041666666665 0.18210185185185185
5 0.606875 0.34049074074074076 0.021177083333333332 0.1641388888888889
5 0.4477395833333333 0.3472222222222222 0.039203125 0.17592592592592593
3 0.6783854166666666 0.3766851851851852 0.06571354166666667 0.07491666666666666
3 0.6918802083333334 0.3863611111111111 0.06144791666666667 0.09090740740740741
3 0.723859375 0.3947777777777778 0.051541666666666666 0.09427777777777777
3 0.7503645833333333 0.4048796296296296 0.061947916666666665 0.09596296296296296
3 0.7695416666666667 0.4212962962962963 0.05105208333333333 0.09680555555555555
3 0.803890625 0.4276111111111111 0.04968229166666667 0.10774074074074073
3 0.8327708333333333 0.43392592592592594 0.06386979166666666 0.11363888888888889
3 0.85478125 0.45412037037037034 0.06055208333333333 0.11532407407407406
3 0.8853177083333333 0.4722222222222222 0.038286458333333336 0.14477777777777778
3 0.9014114583333334 0.47559259259259257 0.037333333333333336 0.12794444444444444
3 0.9210625 0.4873703703703704 0.033067708333333334 0.14310185185185187
3 0.9482812500000001 0.4962129629629629 0.030692708333333332 0.14393518518518517
3 0.9743177083333333 0.5042129629629629 0.023104166666666665 0.1515185185185185
3 0.9936927083333333 0.5328240740740741 0.012614583333333334 0.09596296296296296
3 0.1506875 0.793212962962963 0.18815625 0.28858333333333336