5 0.7424296874999999 0.16270833333333334 0.0029375 0.015444444444444443
5 0.750359375 0.1651111111111111 0.003390625 0.01538888888888889
5 0.7464609375 0.16556944444444444 0.00225 0.015041666666666667
5 0.7089921875 0.1793472222222222 0.0063984375 0.03113888888888889
0 0.6583984375 0.18855555555555553 0.020171875 0.05166666666666667
1 0.7857031250000001 0.19294444444444442 0.0305 0.03688888888888889
2 0.6153671875 0.19305555555555556 0.0352421875 0.050736111111111114
5 0.639671875 0.20743055555555553 0.0110859375 0.057041666666666664
5 0.6519453125 0.42384722222222226 0.0355859375 0.1763888888888889
5 0.70115625 0.46481944444444445 0.0386875 0.11481944444444445
3 0.6938671875 0.5756527777777778 0.1032734375 0.13758333333333334