3 0.716796875 0.10956481481481481 0.030604166666666665 0.051444444444444445
3 0.7123125 0.11574074074074074 0.028583333333333336 0.04937962962962963
3 0.7063802083333334 0.11882407407407408 0.023088541666666667 0.04526851851851852
3 0.7011770833333333 0.13168518518518518 0.011520833333333334 0.04321296296296297
0 0.67075 0.13368518518518518 0.05327083333333334 0.08680555555555555
0 0.75634375 0.13947222222222222 0.04086979166666667 0.09375
5 0.7137604166666667 0.15637962962962962 0.016432291666666668 0.04937962962962963
1 0.585671875 0.17222222222222222 0.11642708333333333 0.13703703703703704
3 0.7480416666666667 0.1785 0.04447916666666667 0.037037037037037035
5 0.6577552083333333 0.18673148148148147 0.02321875 0.08333333333333333
3 0.7110104166666668 0.19521296296296298 0.04449479166666667 0.033435185185185186
3 0.6767291666666666 0.20164814814814816 0.020494791666666668 0.05040740740740741
3 0.492984375 0.20717592592592593 0.03758854166666667 0.06712962962962964
3 0.6777395833333333 0.22633333333333333 0.05086979166666667 0.04218518518518519
5 0.412140625 0.2816388888888889 0.019838541666666668 0.11574074074074074
5 0.49979687500000003 0.28780555555555554 0.047572916666666666 0.09722222222222222
3 0.4311510416666666 0.2934074074074074 0.019385416666666665 0.04976851851851852
5 0.6785833333333334 0.3590555555555555 0.026682291666666667 0.19341666666666665
5 0.6512447916666667 0.38349074074074074 0.03103125 0.17437962962962963
5 0.47896875 0.42824074074074076 0.045848958333333335 0.19289814814814815
5 0.23378645833333334 0.4444444444444444 0.029453125 0.12037037037037036
5 0.26026041666666666 0.44830555555555557 0.01816145833333333 0.08178703703703703
5 0.198203125 0.47839814814814813 0.02772916666666667 0.1574074074074074
3 0.16196354166666668 0.5150462962962963 0.04091145833333333 0.12268518518518519
3 0.12551041666666665 0.5648148148148148 0.048734374999999996 0.125
5 0.0915 0.5879629629629629 0.03225 0.08703703703703704
3 0.5236562499999999 0.6288611111111111 0.10745833333333334 0.14969444444444444
5 0.05869270833333333 0.6342592592592593 0.024973958333333334 0.09074074074074075
3 0.021041666666666667 0.6666666666666666 0.03770833333333334 0.12731481481481483
3 0.6560052083333333 0.7175925925925926 0.16902083333333331 0.17592592592592593