3 0.7149583333333334 0.10113888888888889 0.029255208333333334 0.029194444444444446
3 0.73459375 0.10176851851851852 0.007828125 0.021583333333333333
3 0.7084166666666667 0.10706481481481481 0.026875 0.02327777777777778
3 0.7044270833333334 0.11182407407407408 0.022239583333333333 0.02813888888888889
3 0.6994947916666666 0.1256851851851852 0.01403125 0.027925925925925927
0 0.6713489583333333 0.12917592592592592 0.05213020833333334 0.08278703703703703
0 0.7538333333333332 0.1323888888888889 0.03644270833333333 0.08778703703703704
1 0.5922447916666667 0.17413888888888887 0.11954166666666667 0.10848148148148148
3 0.7535572916666666 0.17642592592592593 0.03376041666666666 0.028101851851851854
3 0.7328125 0.18403703703703703 0.025208333333333333 0.026935185185185184
3 0.7218333333333333 0.20491666666666666 0.048921875000000004 0.03668518518518518
3 0.49170833333333336 0.2055462962962963 0.03328645833333333 0.058527777777777776
3 0.6806770833333334 0.22462962962962962 0.047838541666666665 0.0425462962962963
3 0.417234375 0.2833425925925926 0.040901041666666665 0.06851851851851852
5 0.3831197916666667 0.28798148148148145 0.028874999999999998 0.10349074074074073
5 0.5980989583333333 0.29583333333333334 0.028479166666666667 0.1591574074074074
2 0.68171875 0.31993518518518516 0.20116666666666666 0.20391666666666666
5 0.22894270833333333 0.4267962962962963 0.031244791666666667 0.07708333333333334
5 0.19923958333333333 0.44285185185185183 0.025640624999999997 0.08207407407407408
5 0.2558333333333333 0.4492777777777778 0.021604166666666664 0.08636111111111111
5 0.16692708333333334 0.4628333333333333 0.0356875 0.10634259259259259
3 0.236953125 0.4696111111111111 0.027192708333333333 0.0727962962962963
3 0.2044375 0.48638888888888887 0.04406770833333333 0.08492592592592592
5 0.10491145833333333 0.5242129629629629 0.014421875 0.07208333333333333
3 0.16008854166666667 0.5245740740740741 0.041276041666666666 0.09277777777777778
3 0.123359375 0.5641759259259259 0.03366145833333333 0.10634259259259259
3 0.5276770833333333 0.6215277777777778 0.122125 0.15046296296296297
5 0.06356770833333333 0.6223425925925926 0.02246875 0.07422222222222222
3 0.016583333333333332 0.6712314814814815 0.03127083333333333 0.11633333333333333
3 0.738046875 0.06844444444444445 0.019489583333333334 0.02052777777777778
3 0.6506979166666667 0.7037037037037037 0.14941145833333333 0.2175925925925926
3 0.7325729166666667 0.07267592592592592 0.01496875 0.02348148148148148
3 0.7244791666666667 0.08378703703703703 0.019015624999999998 0.024120370370370372
3 0.7184114583333333 0.09129629629629629 0.025921875 0.02813888888888889