5 0.14208333333333334 0.2197962962962963 0.009208333333333334 0.04171296296296296
4 0.18859375 0.23447222222222222 0.07216145833333334 0.13927777777777778
3 0.47166145833333334 0.2757222222222222 0.053927083333333334 0.058638888888888886
4 0.32408333333333333 0.28832407407407407 0.11794791666666667 0.25686111111111115
3 0.23498958333333334 0.3022314814814815 0.041390625 0.060148148148148145
3 0.5626354166666666 0.32336111111111115 0.04442708333333333 0.08833333333333333
3 0.5791406250000001 0.33225925925925925 0.03952083333333333 0.08372222222222223
3 0.5903958333333333 0.336537037037037 0.043432291666666664 0.08574999999999999
3 0.6164166666666666 0.34049074074074076 0.044546875 0.09502777777777778
3 0.6329427083333333 0.3489259259259259 0.043744791666666664 0.09022222222222222
3 0.6560468749999999 0.35733333333333334 0.051046875000000005 0.0923888888888889
5 0.444984375 0.35760185185185184 0.045031249999999995 0.18587037037037038
3 0.6704218750000001 0.37303703703703706 0.053859375 0.08962962962962963
3 0.6901822916666667 0.38087037037037036 0.0534375 0.10041666666666667
3 0.7206354166666666 0.38855555555555554 0.04461458333333333 0.10432407407407407
3 0.7424947916666667 0.4010462962962963 0.046572916666666665 0.10437037037037036
3 0.7693020833333333 0.40891666666666665 0.049015625 0.11449999999999999
3 0.8018489583333334 0.4222962962962963 0.04410416666666667 0.11005555555555556
3 0.8278072916666667 0.43828703703703703 0.04550520833333334 0.11642592592592592
3 0.850234375 0.4492962962962963 0.05434375 0.11031481481481481
3 0.8861614583333334 0.45720370370370367 0.04383854166666667 0.12864814814814815
3 0.9011354166666667 0.4633148148148148 0.03996354166666667 0.14452777777777778
3 0.9242343749999999 0.4770740740740741 0.040421875 0.15739814814814815
3 0.9470520833333332 0.48348148148148146 0.033890624999999994 0.15923148148148147
3 0.9777760416666667 0.49843518518518515 0.030140624999999997 0.15251851851851853
3 0.9935468749999999 0.5162685185185185 0.012906250000000001 0.10625