4 0.7268046874999999 0.1494861111111111 0.0237734375 0.04826388888888889
5 0.7386250000000001 0.16938888888888887 0.006070312499999999 0.015375
5 0.577421875 0.172875 0.0089921875 0.04459722222222222
5 0.6954140625 0.1772638888888889 0.0064843750000000006 0.024125
5 0.7270625 0.17945833333333333 0.005648437500000001 0.024125
5 0.6876015625 0.18275000000000002 0.008125 0.030708333333333334
5 0.7625390624999999 0.18993055555555555 0.00540625 0.03333333333333333
1 0.74428125 0.1928888888888889 0.025140625 0.033680555555555554
5 0.7038359375 0.19370833333333334 0.007710937499999999 0.03947222222222223
1 0.7830468749999999 0.19502777777777777 0.038546875 0.035875
5 0.6480234375 0.2018888888888889 0.012171875 0.05258333333333333
5 0.7208359375 0.202375 0.01046875 0.03769444444444445