4 0.753828125 0.14520833333333333 0.013382812499999999 0.02501388888888889
4 0.7241640625 0.152 0.017671875 0.03752777777777778
5 0.7450859375000001 0.16581944444444444 0.0056953125 0.012986111111111111
5 0.7399140625 0.16695833333333332 0.0057421875 0.018486111111111113
5 0.755203125 0.17294444444444443 0.002828125 0.02175
5 0.7498515625 0.17375 0.00375 0.02338888888888889
3 0.74546875 0.17565277777777777 0.004171875 0.006527777777777778
5 0.6278203125 0.17865277777777777 0.0073046874999999995 0.041874999999999996
5 0.730890625 0.18490277777777778 0.00665625 0.03698611111111111
1 0.784109375 0.1957777777777778 0.03478125 0.03698611111111111
5 0.633625 0.1957777777777778 0.007914062500000001 0.04894444444444445
1 0.7671328125 0.20284722222222223 0.045492187499999996 0.03588888888888889
5 0.6559453125 0.24391666666666667 0.013523437499999999 0.06688888888888889
5 0.323375 0.45852777777777776 0.0555390625 0.2043611111111111
5 0.35819531250000003 0.46120833333333333 0.038875 0.20059722222222223