5 0.6469270833333333 0.25966666666666666 0.006015625 0.02447222222222222
5 0.5502864583333333 0.2659444444444445 0.009015625 0.02262962962962963
5 0.6660104166666667 0.27612037037037035 0.007348958333333333 0.031083333333333334
1 0.5490885416666667 0.3246574074074074 0.05505729166666666 0.03587962962962963
1 0.698921875 0.3263888888888889 0.09028645833333333 0.06812037037037036
5 0.6544791666666666 0.32969444444444446 0.0125625 0.06944444444444445
5 0.6688020833333332 0.3333333333333333 0.014416666666666666 0.06349074074074074
1 0.604265625 0.34061111111111114 0.04084895833333334 0.05687962962962963
0 0.5769270833333333 0.3726851851851852 0.04718229166666667 0.09193518518518519
3 0.696140625 0.37777777777777777 0.010624999999999999 0.032712962962962965
5 0.6087291666666667 0.3819444444444444 0.02373958333333333 0.08663888888888888
0 0.7231041666666667 0.4050925925925926 0.046385416666666665 0.13823148148148148
3 0.765734375 0.42989814814814814 0.04756770833333333 0.037037037037037035
5 0.5891979166666667 0.4318796296296296 0.06056770833333334 0.03175
5 0.5841770833333333 0.4411388888888889 0.05499479166666667 0.030425925925925926
3 0.7832135416666667 0.45304629629629634 0.05871875 0.037037037037037035
5 0.6303489583333334 0.4647037037037037 0.024552083333333332 0.09606481481481481
3 0.777078125 0.4766111111111111 0.06163541666666667 0.02826851851851852
5 0.57878125 0.48213888888888895 0.06727083333333334 0.07275
3 0.8092864583333333 0.5024351851851852 0.025718750000000002 0.037037037037037035
3 0.8344947916666666 0.5121851851851852 0.07065625 0.03606481481481482
3 0.5603697916666667 0.5185185185185185 0.05647395833333334 0.05324074074074074
5 0.5193645833333334 0.5306759259259259 0.047374999999999994 0.21180555555555555
3 0.8291510416666666 0.5358148148148147 0.065453125 0.02875
3 0.862453125 0.5487314814814814 0.06352083333333333 0.05360185185185185
3 0.8720416666666666 0.5604259259259259 0.07831770833333333 0.06822222222222223
3 0.8128489583333334 0.5684722222222223 0.03284375 0.04825
3 0.5584218750000001 0.5740740740740741 0.035645833333333335 0.09259259259259259
3 0.47575 0.5798611111111112 0.10207291666666667 0.1087962962962963
3 0.884515625 0.5942962962962963 0.06652604166666667 0.07456481481481482
3 0.4692395833333334 0.6209537037037037 0.10858333333333332 0.13773148148148148
3 0.832578125 0.6308518518518519 0.08216666666666667 0.11744444444444445
3 0.9233177083333334 0.6452222222222223 0.09040625000000001 0.13548148148148148
3 0.4340885416666667 0.6487314814814815 0.12942708333333333 0.1261574074074074
3 0.021067708333333334 0.6701388888888888 0.04213541666666667 0.1597222222222222
3 0.3641979166666667 0.6909166666666667 0.129921875 0.17549074074074075
3 0.8635572916666666 0.7010277777777778 0.11671354166666667 0.15253703703703705
5 0.149828125 0.7098796296296296 0.090078125 0.29012037037037036
2 0.643640625 0.7339074074074075 0.3033958333333333 0.5321851851851852
3 0.9801770833333333 0.7434166666666666 0.039651041666666664 0.06286111111111112
3 0.8730104166666667 0.7521944444444445 0.11479166666666667 0.17592592592592593
3 0.980859375 0.796537037037037 0.03828125 0.09015740740740741
3 0.8987708333333334 0.79825 0.12191145833333333 0.154
3 0.8822500000000001 0.8730185185185185 0.07383333333333333 0.05555555555555555