3 0.7214218750000001 0.10619444444444444 0.029203125 0.06655555555555555
3 0.7121458333333333 0.11602777777777779 0.029531250000000002 0.0572962962962963
3 0.7116614583333334 0.1261574074074074 0.013583333333333333 0.037037037037037035
3 0.7014114583333334 0.12962962962962962 0.013260416666666667 0.04861111111111111
0 0.669921875 0.13657407407407407 0.053010416666666664 0.09722222222222222
0 0.7535000000000001 0.14166666666666666 0.03788020833333334 0.09444444444444444
3 0.6353385416666666 0.16550925925925927 0.037369791666666666 0.059027777777777776
3 0.6215052083333333 0.1701388888888889 0.03509895833333333 0.05439814814814815
3 0.745953125 0.18287037037037038 0.04569270833333334 0.04537037037037037
3 0.7092395833333334 0.18333333333333332 0.019151041666666667 0.05555555555555555
3 0.6026302083333334 0.18547222222222223 0.034453125 0.05845370370370371
3 0.5866041666666667 0.20092592592592592 0.034296875 0.05925925925925926
3 0.49521875000000004 0.20601851851851852 0.04109895833333333 0.0712962962962963
3 0.706125 0.21614814814814814 0.032463541666666665 0.04340740740740741
3 0.5581875000000001 0.22268518518518518 0.04725 0.058333333333333334
3 0.5384010416666667 0.2388888888888889 0.04309375 0.08703703703703704
1 0.7298020833333333 0.24768518518518517 0.09777083333333333 0.06944444444444445
3 0.526421875 0.2518518518518518 0.046223958333333336 0.06481481481481481
3 0.5152291666666666 0.25925925925925924 0.042583333333333334 0.07962962962962963
1 0.6352864583333333 0.26805555555555555 0.11915625 0.16018518518518518
3 0.489453125 0.2726851851851852 0.04519270833333333 0.0787037037037037
3 0.4725260416666667 0.28379629629629627 0.045723958333333335 0.07685185185185185
3 0.41055729166666666 0.2875 0.04678645833333333 0.0824074074074074
3 0.4610677083333333 0.2962962962962963 0.053015625000000004 0.08333333333333333
1 0.6949062500000001 0.3111111111111111 0.17172916666666668 0.11296296296296296
3 0.429296875 0.3256203703703704 0.05872916666666667 0.08333333333333333
5 0.3344010416666666 0.41512037037037036 0.04488020833333333 0.11625925925925926
5 0.23146875 0.41670370370370374 0.023463541666666664 0.058166666666666665
1 0.6685989583333334 0.43148148148148147 0.23370312499999998 0.2351851851851852
3 0.20791666666666667 0.4465 0.023057291666666667 0.05761111111111111
5 0.6454010416666667 0.4722222222222222 0.05344270833333333 0.13580555555555554
5 0.14813541666666669 0.4893981481481481 0.026833333333333334 0.06093518518518519
5 0.16816145833333335 0.4900277777777778 0.012317708333333333 0.04432407407407407
5 0.6834583333333334 0.4925925925925926 0.04154166666666667 0.1925925925925926
5 0.14853645833333334 0.5121111111111112 0.016328125000000002 0.059833333333333336
5 0.13068749999999998 0.5390092592592592 0.017140625 0.07835185185185185
5 0.11228125000000001 0.5395277777777778 0.017546875 0.08048148148148149
5 0.026229166666666668 0.5720185185185185 0.010380208333333333 0.03292592592592593
5 0.0804375 0.5733981481481482 0.02891145833333333 0.08048148148148149
5 0.057203125 0.6004259259259259 0.029984375 0.09828703703703705
3 0.106671875 0.6285648148148149 0.06882291666666666 0.08902777777777779
2 0.340484375 0.6466018518518519 0.21507291666666667 0.3456759259259259
1 0.5959010416666667 0.75 0.35375520833333335 0.40123148148148147
2 0.094875 0.8271574074074074 0.18392187499999998 0.33641666666666664