3 0.7239583333333334 0.09583333333333334 0.029166666666666667 0.021296296296296296
3 0.71484375 0.11574074074074074 0.03697916666666667 0.046296296296296294
3 0.7098958333333333 0.11666666666666667 0.034375 0.04814814814814815
3 0.7317708333333334 0.11990740740740741 0.007291666666666667 0.041666666666666664
3 0.7028645833333333 0.12222222222222222 0.0328125 0.046296296296296294
3 0.7013020833333333 0.13240740740740742 0.011979166666666667 0.037037037037037035
0 0.66875 0.13703703703703704 0.05520833333333333 0.09259259259259259
0 0.7533854166666667 0.1375 0.033854166666666664 0.06388888888888888
3 0.6359375 0.16620370370370371 0.034375 0.05092592592592592
3 0.6208333333333333 0.17592592592592593 0.03333333333333333 0.04259259259259259
3 0.6026041666666667 0.1837962962962963 0.03125 0.04537037037037037
3 0.7111979166666667 0.18611111111111112 0.022395833333333334 0.05
3 0.7453125 0.18703703703703703 0.04479166666666667 0.03888888888888889
3 0.49114583333333334 0.2 0.04375 0.05740740740740741
3 0.5838541666666667 0.20046296296296295 0.03958333333333333 0.062037037037037036
3 0.57265625 0.21342592592592594 0.04010416666666667 0.062037037037037036
3 0.5716145833333334 0.2152777777777778 0.04114583333333333 0.062037037037037036
3 0.7044270833333334 0.21712962962962962 0.024479166666666666 0.041666666666666664
3 0.5606770833333333 0.22314814814814815 0.0515625 0.06111111111111111
1 0.7317708333333334 0.2351851851851852 0.1 0.07407407407407407
3 0.53984375 0.24074074074074073 0.043229166666666666 0.06481481481481481
3 0.5255208333333333 0.24722222222222223 0.046875 0.07222222222222222
3 0.5143229166666666 0.25972222222222224 0.04739583333333333 0.075
1 0.6333333333333333 0.2712962962962963 0.12395833333333334 0.18703703703703703
3 0.49140625 0.27361111111111114 0.04739583333333333 0.07314814814814814
3 0.47239583333333335 0.2861111111111111 0.04479166666666667 0.07592592592592592
3 0.4114583333333333 0.2884259259259259 0.04791666666666667 0.06018518518518518
1 0.6963541666666667 0.30092592592592593 0.175 0.10185185185185185
3 0.46510416666666665 0.30277777777777776 0.04479166666666667 0.06296296296296296
3 0.43203125 0.32407407407407407 0.0453125 0.053703703703703705
1 0.6682291666666667 0.425 0.23333333333333334 0.22407407407407406
3 0.22023958333333335 0.43333333333333335 0.0203125 0.053703703703703705
5 0.44765625 0.4375 0.04010416666666667 0.1675925925925926
5 0.18880208333333334 0.4462962962962963 0.030729166666666665 0.046296296296296294
5 0.5828125 0.4615740740740741 0.03854166666666667 0.175
3 0.16614583333333333 0.48055555555555557 0.019791666666666666 0.05740740740740741
5 0.6856770833333333 0.4930555555555556 0.0390625 0.1712962962962963
5 0.1421875 0.5037037037037037 0.027083333333333334 0.05185185185185185
3 0.12630208333333334 0.5305555555555556 0.0265625 0.05185185185185185
3 0.11458333333333333 0.5523148148148148 0.0375 0.0712962962962963
3 0.09427083333333333 0.5685185185185185 0.03333333333333333 0.07037037037037037
3 0.07552083333333333 0.5972222222222222 0.03229166666666667 0.07037037037037037
5 0.05859375 0.6268518518518519 0.0359375 0.15185185185185185
5 0.0359375 0.6402777777777777 0.034375 0.1527777777777778
2 0.3302083333333333 0.6412037037037037 0.21875 0.3398148148148148
3 0.103125 0.6449074074074074 0.05520833333333333 0.1527777777777778
3 0.05703125 0.6652777777777777 0.030729166666666665 0.05648148148148148
3 0.02265625 0.6759259259259259 0.03697916666666667 0.11666666666666667
3 0.7432291666666667 0.0712962962962963 0.029166666666666667 0.020370370370370372
3 0.00546875 0.7148148148148148 0.0109375 0.07777777777777778
3 0.7307291666666667 0.07407407407407407 0.023958333333333335 0.020370370370370372
1 0.6450520833333333 0.775 0.36614583333333334 0.40185185185185185
3 0.7260416666666667 0.08981481481481482 0.03854166666666667 0.03148148148148148