3 0.72681640625 0.06963194444444444 0.0168671875 0.0161875
1 0.81119921875 0.08558333333333333 0.02537890625 0.03942361111111111
5 0.71456640625 0.08799305555555555 0.00459765625 0.024319444444444446
1 0.84733203125 0.0890763888888889 0.04346875 0.026451388888888892
5 0.721984375 0.09397222222222222 0.00737890625 0.03132638888888889
1 0.81014453125 0.10242361111111112 0.02299609375 0.042666666666666665
1 0.8530820312499999 0.10279861111111112 0.05273046875 0.035930555555555556
1 0.8055859375000001 0.11252777777777777 0.02285546875 0.04940277777777778
5 0.8598750000000001 0.11701388888888889 0.0073359375000000004 0.03588888888888889
4 0.7705625 0.11825694444444444 0.08044140625 0.10552777777777779
1 0.870109375 0.12434722222222222 0.0375859375 0.028305555555555553
3 0.6587890625 0.13773611111111111 0.0360625 0.03319444444444444
3 0.58102734375 0.1650625 0.026382812500000002 0.043277777777777776
5 0.80009765625 0.1683611111111111 0.01476953125 0.03997916666666667
4 0.717234375 0.2005347222222222 0.1211640625 0.19406944444444443
5 0.5516953124999999 0.22101388888888887 0.0170078125 0.10445138888888889
5 0.7511875 0.26665972222222223 0.02312890625 0.08902083333333333
5 0.3594609375 0.35306944444444444 0.03791015625 0.1534375
2 0.8240078125 0.03716666666666667 0.02071484375 0.024430555555555556
5 0.40517578125 0.39185416666666667 0.030375000000000003 0.15999305555555554
5 0.058808593750000006 0.5192777777777777 0.0303359375 0.09254166666666666
0 0.78059375 0.05536111111111111 0.017222656250000003 0.03898611111111111
3 0.71430078125 0.06814583333333334 0.0090859375 0.014479166666666668