3 0.7138958333333334 0.09740740740740741 0.030619791666666667 0.020666666666666667
5 0.72428125 0.1002037037037037 0.01284375 0.06531481481481483
3 0.7056197916666667 0.10649074074074075 0.02921354166666667 0.019416666666666665
3 0.70359375 0.11212037037037037 0.023401041666666667 0.015657407407407408
3 0.7006875 0.11337962962962964 0.019 0.019416666666666665
3 0.6984843749999999 0.1265277777777778 0.019526041666666667 0.025055555555555553
0 0.6702916666666667 0.13107407407407407 0.052640624999999996 0.07798148148148148
0 0.7547604166666667 0.1345185185185185 0.034124999999999996 0.0798611111111111
5 0.6366197916666666 0.14176851851851854 0.015385416666666667 0.05344444444444444
5 0.57734375 0.14659259259259258 0.011234375 0.05121296296296297
5 0.6126197916666667 0.14770370370370373 0.0158125 0.06383333333333333
5 0.6591614583333333 0.14845370370370373 0.015380208333333334 0.06680555555555556
5 0.5917447916666667 0.1521574074074074 0.014151041666666668 0.06235185185185185
3 0.7275729166666667 0.16156481481481483 0.017 0.03924074074074074
5 0.6109479166666667 0.1618148148148148 0.0158125 0.06531481481481483
3 0.6371770833333333 0.16519444444444445 0.02859895833333333 0.03749074074074074
5 0.7478645833333334 0.16997222222222222 0.019932291666666668 0.0475
5 0.479328125 0.17694444444444443 0.0109375 0.054981481481481485
3 0.7416666666666667 0.18239814814814817 0.04028645833333333 0.02664814814814815
3 0.5902291666666667 0.18319444444444444 0.02861979166666667 0.03749074074074074
3 0.49254166666666666 0.19119444444444444 0.018802083333333334 0.03449074074074074
5 0.6359947916666666 0.19261111111111112 0.01747395833333333 0.058638888888888886
5 0.6516510416666667 0.19558333333333333 0.016213541666666668 0.061611111111111116
3 0.5876979166666667 0.1996851851851852 0.027494791666666667 0.030490740740740742
3 0.728453125 0.20529629629629628 0.030213541666666666 0.0235
3 0.5761770833333333 0.20643518518518517 0.03255729166666667 0.031990740740740736
3 0.6729322916666667 0.21034259259259258 0.025625000000000002 0.036833333333333336
3 0.49492708333333335 0.21143518518518517 0.030328124999999997 0.04798148148148148
3 0.555375 0.21618518518518517 0.028630208333333334 0.03749074074074074
3 0.6928697916666666 0.2175185185185185 0.044661458333333334 0.03962037037037037
3 0.5417291666666666 0.23092592592592592 0.033963541666666666 0.03599074074074074
3 0.530625 0.2416759259259259 0.0370625 0.041490740740740745
3 0.5171354166666666 0.2489259259259259 0.03763020833333333 0.05398148148148148
1 0.7314895833333334 0.24896296296296297 0.09958333333333333 0.06211111111111111
3 0.49633333333333335 0.2749166666666667 0.04101041666666667 0.05998148148148148
3 0.41354166666666664 0.2856574074074074 0.044119791666666665 0.05648148148148148
5 0.4619010416666667 0.2889074074074074 0.02275 0.10596296296296297
3 0.45682812500000003 0.2934074074074074 0.032296874999999996 0.05198148148148148
1 0.6054895833333334 0.2969814814814815 0.14840625 0.13905555555555557
5 0.48354166666666665 0.3006574074074074 0.021057291666666665 0.08347222222222223
1 0.6939635416666667 0.306 0.17438020833333334 0.09869444444444445
5 0.42548958333333337 0.3074074074074074 0.02584375 0.12296296296296297
3 0.42731250000000004 0.3218981481481481 0.04242708333333333 0.052981481481481484
1 0.6690677083333333 0.431037037037037 0.229296875 0.23069444444444445
1 0.490046875 0.44584259259259257 0.16279166666666667 0.2004351851851852
3 0.23483333333333334 0.45987962962962964 0.04911458333333333 0.10082407407407408
3 0.21516145833333333 0.4722222222222222 0.04217708333333334 0.107
3 0.20301041666666667 0.49176851851851855 0.054911458333333336 0.10287962962962963
3 0.185078125 0.5123425925925926 0.04103125 0.107
3 0.16193229166666667 0.519037037037037 0.043354166666666666 0.11419444444444445
3 0.14052083333333334 0.5493796296296297 0.047989583333333335 0.1111111111111111
3 0.12171875 0.5751018518518519 0.050890624999999995 0.08848148148148148
3 0.103203125 0.5884814814814814 0.04858333333333333 0.11316666666666667
5 0.44713020833333333 0.5933148148148147 0.05281770833333333 0.23392592592592593
3 0.08440104166666668 0.6105925925925927 0.04338541666666666 0.09567592592592593
3 0.06878645833333333 0.6286018518518518 0.03877083333333333 0.09053703703703704
3 0.040401041666666665 0.6435185185185185 0.03640104166666667 0.11831481481481482
3 0.023619791666666667 0.6625555555555555 0.04334895833333333 0.11522222222222223
3 0.008786458333333334 0.7016481481481481 0.01756770833333333 0.09259259259259259
3 0.7441927083333333 0.07172222222222221 0.021447916666666667 0.016287037037037037
3 0.7240260416666667 0.07437962962962963 0.024447916666666666 0.01848148148148148
1 0.6537291666666667 0.7695555555555555 0.35665625 0.40598148148148144
3 0.7172447916666667 0.08112037037037037 0.020755208333333334 0.016916666666666667
5 0.7326302083333334 0.08238888888888889 0.009505208333333333 0.03711111111111111
5 0.7409791666666667 0.0879537037037037 0.011171875 0.04379629629629629
3 0.7128385416666667 0.08941666666666666 0.022515624999999997 0.01660185185185185