4 0.194625 0.24679629629629632 0.07726562499999999 0.16452777777777777
5 0.5020833333333333 0.26816666666666666 0.014291666666666668 0.060537037037037035
4 0.329484375 0.27623148148148147 0.10910416666666665 0.22530555555555556
1 0.41495312500000003 0.2770648148148148 0.089234375 0.09401851851851853
5 0.5698229166666666 0.2777777777777778 0.023979166666666666 0.05555555555555555
5 0.47965104166666667 0.28026851851851853 0.027119791666666667 0.03917592592592593
5 0.3773229166666667 0.28738888888888886 0.027593749999999997 0.099
5 0.18281770833333333 0.2909537037037037 0.015182291666666665 0.06766666666666667
5 0.5256354166666667 0.3055555555555556 0.022244791666666666 0.16666666666666666
3 0.23729166666666668 0.3103611111111111 0.03839583333333333 0.0680185185185185
3 0.5023020833333333 0.3287037037037037 0.05399479166666667 0.07905555555555555
3 0.54796875 0.3319074074074074 0.019526041666666667 0.05840740740740741
3 0.6196927083333333 0.3383148148148148 0.04679166666666667 0.10113888888888889
3 0.6353177083333333 0.33902777777777776 0.04678645833333333 0.10256481481481482
3 0.5958333333333333 0.34224074074074073 0.043140625 0.07193518518518519
3 0.6591510416666666 0.3511388888888889 0.051984375 0.09687037037037037
5 0.4542291666666667 0.3603981481481482 0.029166666666666667 0.16524074074074074
3 0.6787760416666667 0.3685925925925926 0.06319270833333333 0.10327777777777779
5 0.5646875 0.3719166666666667 0.030906250000000003 0.16358333333333333
3 0.6941979166666666 0.3789166666666667 0.057979166666666665 0.1111111111111111
3 0.7254739583333334 0.38675 0.05482291666666667 0.10968518518518518
5 0.30811458333333336 0.39019444444444445 0.03382291666666667 0.09995370370370371
3 0.7503072916666667 0.3956574074074074 0.050807291666666664 0.11182407407407408
5 0.27534895833333334 0.3974351851851852 0.028776041666666665 0.10113888888888889
3 0.7733385416666666 0.4031296296296296 0.056005208333333334 0.12962962962962962
3 0.8089895833333334 0.4177314814814815 0.05599479166666667 0.11751851851851852
3 0.8298177083333333 0.4383888888888889 0.043166666666666666 0.10612962962962963
5 0.5127135416666666 0.44764814814814813 0.031546875 0.16880555555555557
3 0.8488489583333333 0.45299074074074075 0.04996875 0.10256481481481482
3 0.8828958333333333 0.4643888888888889 0.04114583333333333 0.11965740740740739
5 0.36941145833333333 0.4702037037037037 0.05007291666666667 0.2770648148148148
3 0.9203854166666667 0.4821944444444444 0.027979166666666666 0.13817592592592592
3 0.9496249999999999 0.49074074074074076 0.026364583333333334 0.15242592592592594
3 0.9774635416666667 0.4989351851851852 0.026755208333333332 0.1559814814814815
3 0.9940208333333334 0.5366851851851852 0.011958333333333333 0.12037037037037036
5 0.5115260416666667 0.6354166666666666 0.06434375 0.3479907407407407
3 0.14982291666666667 0.793212962962963 0.19075520833333334 0.29012037037037036