1 0.81024609375 0.07916666666666666 0.02900390625 0.025
1 0.8481328124999999 0.09027777777777778 0.044640625 0.030555555555555555
3 0.6897578125 0.10173611111111111 0.015175781250000001 0.017361111111111112
1 0.8524296874999999 0.10173611111111111 0.050109375 0.035416666666666666
1 0.8055625 0.10972222222222222 0.02197265625 0.043055555555555555
3 0.66515234375 0.11493055555555555 0.0276796875 0.01875
5 0.81727734375 0.11597222222222223 0.010257812500000001 0.05416666666666667
5 0.8385624999999999 0.12118055555555556 0.0114375 0.050694444444444445
1 0.86980078125 0.12604166666666666 0.0385390625 0.035416666666666666
3 0.65930078125 0.13229166666666667 0.0371484375 0.03680555555555556
3 0.5805078124999999 0.16340972222222222 0.02802734375 0.04470833333333333
5 0.6036718750000001 0.1875 0.0141640625 0.09259027777777779
4 0.70605859375 0.19375 0.0993828125 0.19583333333333333
5 0.7885703125 0.2326388888888889 0.01923046875 0.10416666666666667
5 0.58026171875 0.2615763888888889 0.028910156250000003 0.12036805555555556
5 0.5382734375 0.2662013888888889 0.02567578125 0.1273125
5 0.058378906249999994 0.5219930555555555 0.03261328125 0.10416666666666667
3 0.72315625 0.06805555555555555 0.02662890625 0.022222222222222223
5 0.7850546875 0.06805555555555555 0.00985546875 0.041666666666666664