5 0.25678125 0.2260185185185185 0.011072916666666667 0.06448148148148149
5 0.23259895833333333 0.22820370370370371 0.007140625 0.05825925925925926
4 0.20819270833333334 0.2676574074074074 0.12020833333333333 0.17083333333333334
4 0.32451041666666663 0.2786574074074074 0.11299479166666666 0.22530555555555556
3 0.6175520833333333 0.3477685185185185 0.042140625 0.08771296296296296
3 0.6377604166666667 0.3588796296296296 0.050984375 0.09121296296296297
3 0.6589895833333334 0.36424074074074075 0.05596875 0.08323148148148148
3 0.7167083333333333 0.3934722222222222 0.05521354166666667 0.0909537037037037
3 0.7510416666666667 0.4052222222222222 0.05175520833333334 0.10173148148148149
5 0.7861666666666667 0.41885185185185186 0.02086979166666667 0.07687037037037037
3 0.8292239583333333 0.42844444444444446 0.060203125 0.08964814814814814
5 0.8763489583333333 0.45496296296296296 0.0356875 0.0867037037037037
5 0.907546875 0.46255555555555555 0.024307291666666668 0.0875
3 0.9479843750000001 0.4834722222222222 0.05748958333333333 0.10853703703703703
3 0.9929114583333334 0.5286666666666667 0.014177083333333333 0.09494444444444446