3 0.7435104166666666 0.9460277777777778 0.09943229166666666 0.10793518518518518
5 0.6504635416666668 0.2533518518518519 0.005364583333333334 0.02287962962962963
5 0.6564479166666667 0.2546759259259259 0.0031458333333333334 0.022657407407407407
5 0.660453125 0.2663518518518519 0.006286458333333333 0.019805555555555555
5 0.6468958333333333 0.2712407407407407 0.004791666666666666 0.028287037037037038
5 0.6052135416666666 0.27419444444444446 0.006572916666666666 0.03264814814814815
3 0.6610260416666667 0.27624074074074073 0.003890625 0.012361111111111111
5 0.624921875 0.2769259259259259 0.0037656250000000003 0.010759259259259258
5 0.6304114583333333 0.28076851851851853 0.004911458333333333 0.01611111111111111
5 0.6199635416666667 0.2883425925925926 0.006458333333333333 0.027666666666666666
5 0.67553125 0.2946944444444444 0.004463541666666667 0.03371296296296296
5 0.6254270833333333 0.2997592592592593 0.009401041666666667 0.046120370370370374
5 0.639203125 0.30116666666666664 0.0074375 0.0427037037037037
1 0.605 0.3020833333333333 0.025041666666666667 0.018472222222222223
3 0.6813281250000001 0.3087314814814815 0.009338541666666667 0.026425925925925926
5 0.6299427083333333 0.30987962962962967 0.008604166666666666 0.04241666666666667
1 0.5511927083333333 0.3123518518518518 0.05854166666666667 0.03270370370370371
1 0.60328125 0.31251851851851853 0.028125 0.026796296296296297
1 0.5509322916666667 0.31745370370370374 0.059583333333333335 0.031101851851851856
3 0.699828125 0.32487037037037036 0.025552083333333333 0.04312962962962963
5 0.6819010416666667 0.3267777777777778 0.008348958333333333 0.043250000000000004
1 0.550671875 0.3271018518518518 0.05984375 0.035444444444444445
5 0.6699322916666667 0.3375833333333333 0.015244791666666667 0.06781481481481481
5 0.5983697916666666 0.33882407407407406 0.008015625 0.03603703703703704
1 0.611453125 0.34505555555555556 0.03947916666666666 0.06877777777777778
5 0.625046875 0.3579814814814815 0.008453125 0.07782407407407407
5 0.6200729166666666 0.36137037037037034 0.015796875 0.07350925925925926
3 0.6895208333333334 0.3663518518518519 0.007109375 0.03721296296296296
0 0.575640625 0.3665555555555556 0.045828125 0.07714814814814815
5 0.6968489583333334 0.38124074074074077 0.008322916666666668 0.06969444444444443
3 0.5857447916666667 0.40025925925925926 0.048151041666666665 0.042583333333333334
5 0.6719479166666668 0.4101666666666667 0.019703125 0.11691666666666667
3 0.5802708333333333 0.41074074074074074 0.057984375 0.042324074074074076
0 0.7230989583333333 0.41188888888888886 0.045921875 0.14413888888888887
5 0.5861614583333333 0.4194722222222222 0.022453125 0.07366666666666667
5 0.6151614583333332 0.4214074074074074 0.017583333333333333 0.08106481481481481
3 0.7591510416666666 0.42777777777777776 0.04946875 0.03164814814814815
5 0.68521875 0.4434259259259259 0.027010416666666665 0.13902777777777778
3 0.762640625 0.45062962962962966 0.055135416666666666 0.06799999999999999
3 0.7780104166666667 0.45572222222222225 0.05138541666666666 0.0375
3 0.7670156250000001 0.4671018518518519 0.056088541666666665 0.08088888888888889
3 0.7722760416666666 0.4815277777777777 0.059723958333333334 0.05740740740740741
3 0.579953125 0.4820833333333333 0.06569791666666666 0.06937037037037037
3 0.5528958333333333 0.48691666666666666 0.0715 0.023564814814814813
5 0.6188125 0.4910092592592592 0.032817708333333334 0.0944074074074074
3 0.7806093749999999 0.49326851851851855 0.07701041666666668 0.056796296296296296
5 0.6505937500000001 0.49372222222222223 0.028703125 0.10191666666666666
3 0.7981666666666667 0.5082962962962964 0.07166666666666667 0.07431481481481482
3 0.547390625 0.5112037037037037 0.07760416666666667 0.027462962962962963
3 0.8337135416666667 0.5209444444444444 0.05973958333333333 0.06061111111111111
0 0.5037239583333333 0.5248888888888888 0.029203125 0.05018518518518519
3 0.7843020833333333 0.5302592592592592 0.06008854166666667 0.053564814814814815
3 0.8414375 0.5314444444444445 0.07425520833333334 0.0640462962962963
3 0.8596458333333333 0.5496574074074074 0.06208333333333334 0.06189814814814814
3 0.43720312499999997 0.5552222222222222 0.027276041666666664 0.0692037037037037
3 0.797875 0.5673148148148148 0.06761979166666668 0.07105555555555555
3 0.8722083333333334 0.5709537037037037 0.07438020833333334 0.08452777777777779
3 0.7496562499999999 0.5753796296296296 0.03355208333333334 0.10790740740740741
3 0.418375 0.5758796296296297 0.037510416666666664 0.0632962962962963
3 0.39964583333333337 0.5898148148148148 0.02069270833333333 0.06497222222222222
3 0.8787760416666667 0.5899166666666666 0.07843229166666667 0.08016666666666666
3 0.812375 0.6183333333333333 0.08952083333333333 0.08772222222222222
3 0.9262760416666667 0.6226944444444444 0.075203125 0.08
3 0.38481770833333334 0.6317592592592592 0.03319791666666667 0.09162037037037038
3 0.85178125 0.64725 0.09683333333333333 0.1089537037037037
3 0.021718750000000002 0.6736111111111112 0.043437500000000004 0.14351851851851852
3 0.7519843749999999 0.6775277777777778 0.07736979166666667 0.1786388888888889
3 0.8693333333333333 0.6843425925925927 0.10605729166666666 0.11381481481481481
3 0.9625052083333333 0.6863518518518519 0.07485416666666667 0.14812037037037037
3 0.3507395833333333 0.7083425925925926 0.10608333333333334 0.13130555555555556
3 0.8230000000000001 0.7210740740740741 0.115625 0.11106481481481481
3 0.9710104166666667 0.7397222222222222 0.057979166666666665 0.14818518518518517
2 0.5422604166666667 0.7568703703703703 0.34509375000000003 0.4862592592592592
3 0.8720989583333334 0.7615740740740741 0.12450520833333334 0.10846296296296297
3 0.9804583333333333 0.8012685185185185 0.039078125 0.08249999999999999
3 0.8713385416666667 0.8467129629629631 0.150484375 0.19050925925925927
3 0.7619062499999999 0.861638888888889 0.06879687500000001 0.27337962962962964