1 0.6565520833333333 0.19212962962962962 0.23925520833333333 0.21296296296296297
2 0.194671875 0.02748148148148148 0.039281250000000004 0.05496296296296296
3 0.8583541666666666 0.30787037037037035 0.080359375 0.14351851851851852
3 0.8108489583333333 0.3472222222222222 0.08756770833333333 0.18055555555555555
2 0.3076666666666667 0.04050925925925926 0.07794270833333333 0.08101851851851852
5 0.16050520833333334 0.04122222222222222 0.011093750000000001 0.04773148148148148
5 0.18355729166666668 0.045564814814814815 0.011145833333333332 0.07376851851851852
5 0.25080729166666665 0.045564814814814815 0.010088541666666668 0.0853425925925926
5 0.23997916666666666 0.05324074074074074 0.010270833333333333 0.08796296296296297
5 0.22305208333333332 0.05439814814814815 0.015484375 0.09490740740740741
4 0.5960104166666667 0.6527777777777778 0.36425 0.6944444444444444