5 0.7131145833333333 0.10266666666666666 0.019166666666666665 0.0509074074074074
5 0.7308697916666667 0.10623148148148148 0.012692708333333334 0.05348148148148148
3 0.7011979166666666 0.12692592592592594 0.01371875 0.043444444444444445
0 0.6706249999999999 0.13100925925925927 0.053557291666666666 0.08424999999999999
5 0.6343697916666666 0.14258333333333334 0.015072916666666667 0.04837962962962963
5 0.5828645833333332 0.14950925925925926 0.011458333333333333 0.05184259259259259
5 0.5981354166666667 0.15283333333333335 0.018619791666666666 0.06021296296296296
5 0.71828125 0.1552222222222222 0.018744791666666667 0.065
5 0.6592708333333334 0.1555740740740741 0.019932291666666668 0.07158333333333333
5 0.6168229166666667 0.16191666666666668 0.017010416666666663 0.08358333333333333
5 0.7495208333333333 0.17185185185185184 0.025802083333333333 0.05397222222222222
3 0.5887083333333333 0.18810185185185185 0.036796875 0.036620370370370366
5 0.6359999999999999 0.1958425925925926 0.018322916666666668 0.05613888888888889
5 0.6518385416666667 0.19641666666666666 0.019796875 0.07114814814814815
5 0.6247864583333332 0.1965648148148148 0.017338541666666665 0.04892592592592593
3 0.5709947916666667 0.20369444444444446 0.03255729166666667 0.03891666666666667
3 0.6758072916666666 0.20840740740740743 0.031026041666666667 0.02639814814814815
3 0.49516145833333336 0.21249074074074076 0.04461458333333333 0.04439814814814815
3 0.553203125 0.21278703703703705 0.036932291666666665 0.034583333333333334
3 0.6965416666666666 0.2209074074074074 0.054859375 0.03542592592592592
3 0.5404479166666667 0.2246203703703704 0.037734375 0.027064814814814816
1 0.7367864583333333 0.23502777777777778 0.108078125 0.07286111111111111
3 0.534109375 0.23702777777777778 0.038703125 0.020722222222222222
3 0.5171302083333333 0.24699074074074073 0.03885416666666666 0.042351851851851856
3 0.492921875 0.26330555555555557 0.04501041666666667 0.03512962962962963
3 0.4711458333333333 0.2699444444444445 0.04434375 0.031083333333333334
1 0.6052552083333332 0.27667592592592594 0.143890625 0.10928703703703704
3 0.4009479166666667 0.2863981481481481 0.028697916666666667 0.05358333333333333
3 0.46261979166666667 0.30039814814814814 0.049703125 0.05906481481481481
1 0.70290625 0.30369444444444443 0.1743697916666667 0.09689814814814815
5 0.42532291666666666 0.31222222222222223 0.030661458333333332 0.1312222222222222
1 0.6708541666666666 0.4270277777777778 0.22234895833333335 0.21463888888888888
1 0.4810520833333333 0.442 0.15918749999999998 0.20551851851851852
3 0.23656249999999998 0.46311111111111114 0.046625 0.06038888888888889
3 0.21713020833333332 0.4751666666666666 0.04284895833333333 0.06447222222222222
3 0.20292708333333334 0.495212962962963 0.057046875000000004 0.06
5 0.6160833333333334 0.5046574074074074 0.051541666666666666 0.1483425925925926
3 0.175984375 0.5095 0.035734375 0.05516666666666666
3 0.15582291666666667 0.5156296296296297 0.039276041666666664 0.060731481481481484
3 0.13618229166666668 0.53975 0.040093750000000004 0.06442592592592593
3 0.115921875 0.5701851851851851 0.04467708333333333 0.05401851851851852
3 0.10150520833333333 0.589675925925926 0.03840104166666667 0.059564814814814813
3 0.08343229166666667 0.6087870370370371 0.038593749999999996 0.059925925925925924
3 0.06275 0.6253055555555556 0.037328125000000004 0.0729074074074074
3 0.03767708333333333 0.6509166666666667 0.02978645833333333 0.07066666666666666
3 0.020234375000000002 0.6689166666666666 0.031234374999999998 0.08215740740740742
3 0.009567708333333334 0.7069537037037037 0.019130208333333332 0.08027777777777778
1 0.6661145833333334 0.759287037037037 0.38428125 0.3703518518518519
5 0.7461666666666668 0.08531481481481482 0.01815625 0.04025