5 0.6437135416666667 0.24934259259259262 0.002932291666666667 0.017194444444444446
5 0.6455729166666667 0.2714907407407407 0.007395833333333333 0.03901851851851852
5 0.659890625 0.27314814814814814 0.0040416666666666665 0.02910185185185185
5 0.667703125 0.27447222222222223 0.003296875 0.026453703703703705
5 0.6643541666666667 0.28175 0.003296875 0.030425925925925926
5 0.6483645833333332 0.2867037037037037 0.007020833333333334 0.041666666666666664
2 0.5556458333333333 0.3229166666666667 0.06931250000000001 0.060953703703703704
5 0.6129322916666666 0.33117592592592593 0.012875 0.06358333333333334
1 0.6967083333333334 0.3454351851851852 0.05386979166666667 0.09034259259259259
0 0.73 0.3654074074074074 0.034140625 0.10780555555555556
3 0.5795156250000001 0.3765462962962963 0.04847395833333333 0.047842592592592596
3 0.7628333333333334 0.4446759259259259 0.05574479166666667 0.0625
3 0.7677760416666667 0.45185185185185184 0.052546875 0.024074074074074074
3 0.7784479166666666 0.4597222222222222 0.05670833333333333 0.025
3 0.5754791666666667 0.46041666666666664 0.047 0.048916666666666664
3 0.7751927083333333 0.4759259259259259 0.06426041666666667 0.017592592592592594
3 0.7794895833333333 0.4863425925925926 0.0686875 0.02546296296296296
3 0.55065625 0.4915092592592593 0.07582291666666667 0.02160185185185185
3 0.8005781249999999 0.50625 0.056703125 0.02824074074074074
3 0.5491354166666667 0.5204444444444445 0.075390625 0.03009259259259259
3 0.8348177083333332 0.5284722222222222 0.05903125 0.0375
3 0.7746718749999999 0.549074074074074 0.052286458333333334 0.09259259259259259
3 0.8566041666666667 0.5509259259259259 0.07764583333333334 0.041666666666666664
5 0.13583854166666667 0.5601851851851852 0.05477604166666667 0.12037037037037036
3 0.5354635416666667 0.5636574074074074 0.087109375 0.09953703703703703
3 0.7963177083333334 0.5659722222222222 0.06180729166666667 0.06712962962962964
3 0.4738125 0.5725277777777779 0.08956770833333333 0.052472222222222226
3 0.8698697916666667 0.5729166666666666 0.06372916666666667 0.04513888888888889
3 0.8706875000000001 0.5966481481481481 0.0595 0.046296296296296294
3 0.45905729166666664 0.6013333333333334 0.09825520833333333 0.05658333333333333
3 0.91625 0.6200833333333334 0.061432291666666666 0.04340740740740741
3 0.439109375 0.6239722222222223 0.10364583333333334 0.06275925925925926
3 0.8086822916666667 0.6413240740740741 0.08197916666666667 0.10208333333333333
3 0.8474114583333333 0.650175925925926 0.08847395833333334 0.05728703703703703
3 0.02236979166666667 0.6631944444444444 0.04473958333333334 0.1412037037037037
3 0.9592083333333333 0.6678240740740741 0.06792187499999999 0.07291666666666667
3 0.8644999999999999 0.6736111111111112 0.09269791666666666 0.047453703703703706
3 0.42773958333333334 0.684287037037037 0.11316666666666667 0.1484074074074074
3 0.3562083333333333 0.6926481481481481 0.12982291666666665 0.17900925925925928
3 0.8669427083333333 0.7167222222222221 0.09041666666666666 0.05961111111111111
3 0.9782604166666666 0.7418981481481481 0.03441145833333333 0.03125
3 0.8763802083333334 0.7931111111111111 0.13144270833333332 0.1684074074074074
3 0.9811927083333334 0.7960092592592594 0.025947916666666668 0.07002777777777777
3 0.8758958333333333 0.9256388888888889 0.09726041666666667 0.11863888888888889