5 0.16356770833333334 0.20653703703703705 0.0075625 0.024175925925925927
5 0.15113020833333335 0.21012962962962964 0.005239583333333334 0.03549074074074074
5 0.1441875 0.2137314814814815 0.005239583333333334 0.03549074074074074
1 0.11120833333333334 0.23250925925925928 0.052671875 0.04114814814814815
3 0.4696927083333333 0.27249074074074076 0.056416666666666664 0.0582037037037037
4 0.32797916666666665 0.2876944444444444 0.11375520833333333 0.21561111111111111
3 0.25433854166666664 0.3242407407407408 0.035296875 0.09292592592592593
3 0.5690416666666667 0.3247407407407408 0.04305729166666667 0.09788888888888889
3 0.581125 0.32837037037037037 0.043416666666666666 0.09986111111111111
3 0.598421875 0.33266666666666667 0.038578125 0.09655555555555556
3 0.6183177083333333 0.3359814814814815 0.04786979166666667 0.09921296296296298
3 0.636171875 0.33862962962962967 0.04934895833333333 0.10185185185185185
3 0.6582239583333334 0.3516296296296296 0.05435416666666667 0.10052777777777777
3 0.6769739583333333 0.3650185185185185 0.060484375 0.10306481481481482
3 0.68903125 0.3736759259259259 0.061656249999999996 0.10648148148148148
3 0.721390625 0.3844814814814815 0.047880208333333334 0.11574074074074074
3 0.7527864583333332 0.39699074074074076 0.05921875 0.11210185185185184
5 0.8709010416666667 0.401287037037037 0.03104166666666667 0.13062037037037036
3 0.7709843749999999 0.4026666666666667 0.05096354166666666 0.12434259259259259
3 0.8978958333333333 0.41059259259259256 0.022520833333333334 0.05062962962962963
3 0.9084114583333334 0.4140833333333333 0.02725 0.051222222222222225
5 0.8154791666666666 0.4153425925925926 0.05003125 0.18187962962962964
3 0.7956927083333334 0.42824074074074076 0.03266145833333333 0.09501851851851852
5 0.4287447916666667 0.4398148148148148 0.049265625 0.24537037037037038
3 0.798671875 0.44427777777777777 0.016666666666666666 0.07969444444444444
3 0.9269114583333333 0.4664351851851852 0.037411458333333335 0.11871296296296296
3 0.9509010416666667 0.48412962962962963 0.0333125 0.1527777777777778
3 0.9748958333333333 0.5014907407407407 0.031067708333333333 0.1537685185185185
3 0.8718020833333333 0.5119074074074074 0.11136458333333334 0.12962962962962962
3 0.9937447916666666 0.516537037037037 0.012515625 0.06878703703703705
3 0.994671875 0.5899444444444444 0.01065625 0.07010185185185185
3 0.32198437500000004 0.7935185185185185 0.18990625 0.25833333333333336