5 0.73390625 0.16534722222222223 0.0036328125 0.01838888888888889
5 0.745515625 0.16534722222222223 0.0040546875 0.01838888888888889
5 0.7590234375 0.1702361111111111 0.0040625 0.017638888888888888
5 0.7060625 0.17076388888888888 0.0055625 0.028694444444444446
5 0.7147265625 0.17272222222222222 0.0025937499999999997 0.02838888888888889
5 0.7108203125 0.17379166666666665 0.0035234374999999997 0.026875000000000003
0 0.6585078125 0.1858611111111111 0.018484375 0.04741666666666667
2 0.6160078125 0.18697222222222223 0.0373046875 0.06223611111111112
5 0.6661484375 0.19493055555555555 0.010328125 0.026277777777777782
1 0.7853749999999999 0.19556944444444443 0.032015625 0.03208333333333334
5 0.6846640625 0.2118611111111111 0.009828125 0.02622222222222222
3 0.6634921874999999 0.2177777777777778 0.0074921875 0.017361111111111112
3 0.68340625 0.23533333333333334 0.009953125 0.028541666666666667
5 0.526640625 0.24768055555555557 0.0131796875 0.073625