4 0.11699479166666667 0.2062962962962963 0.042208333333333334 0.06893518518518518
4 0.19322916666666667 0.2525925925925926 0.07777083333333333 0.1666851851851852
4 0.3241822916666666 0.28372222222222226 0.11511979166666667 0.23407407407407407
5 0.3812447916666667 0.2956944444444445 0.022135416666666668 0.10935185185185185
3 0.6204999999999999 0.3403888888888889 0.04730729166666667 0.09894444444444445
3 0.6315572916666666 0.3543425925925926 0.05182291666666667 0.09133333333333334
3 0.659625 0.3600462962962963 0.055677083333333335 0.08922222222222222
3 0.7152760416666666 0.38880555555555557 0.05657291666666667 0.10105555555555555
3 0.752015625 0.39493518518518517 0.05822395833333334 0.10486111111111111
5 0.7855364583333333 0.42269444444444443 0.027375 0.0894537037037037
3 0.8286145833333334 0.43277777777777776 0.066328125 0.11205555555555555
5 0.8746614583333333 0.4575555555555556 0.03984895833333334 0.08916666666666666
5 0.9126145833333333 0.4728611111111111 0.027567708333333333 0.10452777777777778
3 0.9461041666666666 0.4858425925925926 0.05538020833333333 0.12769444444444444
5 0.7269375 0.5271944444444444 0.05582291666666667 0.27109259259259255
3 0.99390625 0.5332870370370371 0.012187499999999999 0.09920370370370371