3 0.7243385416666667 0.10648148148148148 0.029244791666666665 0.03858333333333334
3 0.7224895833333334 0.10705555555555556 0.016015625 0.028935185185185185
5 0.7103541666666667 0.11899074074074073 0.022848958333333332 0.037592592592592594
0 0.753984375 0.1328148148148148 0.03702604166666667 0.07812962962962963
0 0.6698489583333332 0.13599999999999998 0.055609374999999996 0.09953703703703703
3 0.7093177083333334 0.1550925925925926 0.011359375 0.032407407407407406
1 0.5900625 0.17592592592592593 0.12615104166666666 0.11396296296296296
3 0.7481614583333334 0.17669444444444446 0.03958333333333333 0.023148148148148147
3 0.731234375 0.1875 0.031765625 0.023148148148148147
5 0.6430260416666667 0.18981481481481483 0.039984374999999996 0.10185185185185185
3 0.49201562499999996 0.20304629629629628 0.041526041666666666 0.07539814814814816
3 0.7095364583333333 0.22145370370370368 0.01873958333333333 0.04937962962962963
5 0.5965364583333332 0.2440462962962963 0.02884375 0.07010185185185185
5 0.47315625 0.2772037037037037 0.03047916666666667 0.061342592592592594
3 0.41725 0.28108333333333335 0.04378645833333333 0.07539814814814816
5 0.39214062499999996 0.2886944444444445 0.028921875 0.10119444444444445
5 0.459484375 0.2934074074074074 0.03178645833333334 0.059027777777777776
2 0.6859739583333333 0.2993796296296296 0.20118229166666665 0.21296296296296297
5 0.5699375 0.32580555555555557 0.032203125 0.1555925925925926
3 0.4682760416666667 0.348962962962963 0.018338541666666666 0.056712962962962965
5 0.6619947916666666 0.3581388888888889 0.03625520833333333 0.19212962962962962
5 0.6233125 0.3587222222222222 0.03925 0.17047222222222225
5 0.2580572916666667 0.4489074074074074 0.025994791666666666 0.0793611111111111
5 0.381171875 0.4583333333333333 0.04455208333333334 0.1587314814814815
5 0.234203125 0.4620462962962963 0.03483854166666667 0.1489722222222222
5 0.20384375 0.4753611111111111 0.029177083333333336 0.1534351851851852
5 0.17436458333333332 0.4947129629629629 0.031234374999999998 0.10052777777777777
5 0.11102083333333333 0.5295185185185185 0.03131770833333333 0.08217592592592593
3 0.16656770833333334 0.5349074074074075 0.031739583333333335 0.08912037037037036
5 0.4098697916666667 0.5590277777777778 0.05578125 0.16435185185185186
3 0.428109375 0.5983796296296297 0.12127604166666667 0.11805555555555555
5 0.06296354166666666 0.628287037037037 0.031125 0.08757407407407407
3 0.019197916666666665 0.6689814814814815 0.038390625 0.12345370370370372
3 0.650453125 0.7099907407407408 0.15715104166666669 0.1712962962962963
3 0.7301979166666667 0.07387962962962964 0.022734374999999998 0.017361111111111112
3 0.748421875 0.08101851851851852 0.02099479166666667 0.02237962962962963