3 0.7229427083333333 0.09502777777777778 0.021895833333333333 0.018518518518518517
3 0.7115677083333334 0.1101388888888889 0.026557291666666667 0.059453703703703696
3 0.7171875 0.11257407407407408 0.025734374999999997 0.05262962962962963
3 0.7030729166666667 0.12353703703703703 0.015598958333333333 0.03557407407407408
3 0.6986197916666667 0.1328148148148148 0.015036458333333334 0.03685185185185185
0 0.6701666666666667 0.13803703703703704 0.05227604166666667 0.09226851851851853
0 0.7548802083333332 0.1405925925925926 0.03871354166666666 0.08935185185185185
5 0.6592187500000001 0.1581111111111111 0.015197916666666667 0.06159259259259259
3 0.6354270833333333 0.17423148148148146 0.031765625 0.039268518518518515
3 0.6212812499999999 0.18037037037037038 0.034380208333333336 0.04613888888888889
3 0.7446770833333333 0.1892037037037037 0.043729166666666666 0.055462962962962964
3 0.6029270833333332 0.19091666666666665 0.029958333333333333 0.04613888888888889
3 0.7110729166666666 0.1941111111111111 0.023171875 0.04172222222222222
3 0.4959270833333333 0.20613888888888887 0.037046875 0.07207407407407408
3 0.5849739583333334 0.20834259259259258 0.03991666666666667 0.045648148148148146
3 0.7081093749999999 0.2150925925925926 0.034656250000000006 0.0483425925925926
3 0.5714479166666667 0.21852777777777777 0.041291666666666664 0.05128703703703704
3 0.559578125 0.2300648148148148 0.04542708333333333 0.04343518518518518
3 0.5381822916666666 0.2389537037037037 0.042390625 0.07178703703703704
1 0.7306927083333333 0.2499166666666667 0.09855729166666666 0.07422222222222222
3 0.5279010416666667 0.25730555555555557 0.045286458333333335 0.05374074074074074
3 0.5153385416666667 0.2673611111111111 0.044182291666666665 0.05913888888888889
1 0.6351979166666666 0.26764814814814814 0.119640625 0.15435185185185185
3 0.49013541666666666 0.2831296296296296 0.045286458333333335 0.055157407407407405
3 0.4119322916666667 0.29094444444444445 0.045989583333333334 0.056074074074074075
3 0.47255729166666666 0.29094444444444445 0.04528125 0.06710185185185186
3 0.4648072916666666 0.3038148148148148 0.0463125 0.059750000000000004
1 0.6966979166666667 0.30574999999999997 0.17096875 0.10706481481481481
3 0.4310885416666667 0.3165462962962963 0.04681770833333333 0.07892592592592593
5 0.5378072916666666 0.3705833333333334 0.03553645833333333 0.1675925925925926
1 0.6682395833333333 0.4315740740740741 0.22874999999999998 0.23148148148148148
3 0.21944791666666666 0.4333148148148148 0.01940625 0.04701851851851852
5 0.18763541666666667 0.4433148148148148 0.025020833333333332 0.0620462962962963
3 0.20935937500000001 0.4450925925925926 0.027614583333333335 0.051611111111111115
3 0.16718229166666668 0.4832592592592592 0.014359375 0.05341666666666667
5 0.1416197916666667 0.5095 0.0296875 0.05561111111111111
3 0.12820833333333334 0.5351944444444444 0.033390625 0.05229629629629629
3 0.11294270833333334 0.5636944444444444 0.035458333333333335 0.0432037037037037
3 0.097484375 0.5769537037037037 0.034770833333333334 0.052305555555555557
3 0.07983854166666667 0.6080925925925926 0.030276041666666666 0.049638888888888885
2 0.2886458333333334 0.6107222222222223 0.309234375 0.40191666666666664
5 0.061734375 0.6285462962962963 0.039 0.1539722222222222
5 0.036921875 0.6388888888888888 0.03797395833333333 0.148
3 0.107625 0.6496851851851851 0.06252083333333333 0.13650925925925927
3 0.05554166666666667 0.6648518518518518 0.029234375 0.05837037037037037
5 0.03490625 0.7151944444444445 0.06308854166666666 0.1753425925925926
3 0.7307552083333333 0.07650925925925925 0.017234375000000003 0.016564814814814817
1 0.6569427083333333 0.7782870370370369 0.370515625 0.40638888888888886
3 0.7304791666666667 0.08552777777777779 0.018875 0.022907407407407408
3 0.7462395833333333 0.08576851851851851 0.012567708333333334 0.02338888888888889