4 0.19647916666666668 0.2488425925925926 0.07869270833333333 0.1550925925925926
5 0.37031770833333333 0.27373148148148146 0.020244791666666664 0.06597222222222222
4 0.323671875 0.2789351851851852 0.12011979166666667 0.23071296296296295
3 0.3696770833333333 0.30053703703703705 0.0333125 0.05555555555555555
3 0.6686354166666667 0.3516388888888889 0.041171875 0.07365740740740741
3 0.7105312500000001 0.39099074074074075 0.0539375 0.12037037037037036
3 0.7517135416666666 0.4050925925925926 0.05439583333333333 0.11069444444444444
5 0.8675208333333334 0.40625 0.03594791666666666 0.19058333333333335
5 0.786984375 0.41856481481481483 0.025979166666666668 0.08627777777777779
5 0.917640625 0.42476851851851855 0.03722916666666667 0.17437962962962963
3 0.8251562499999999 0.4360277777777778 0.05811458333333333 0.13636111111111113
3 0.9459635416666666 0.46717592592592594 0.059557291666666665 0.15866666666666668
0 0.6047083333333333 0.4955555555555556 0.1365625 0.38233333333333336
3 0.9936041666666667 0.5300925925925926 0.012786458333333334 0.09953703703703703