5 0.24790104166666668 0.22569444444444445 0.010963541666666667 0.0625
4 0.19321875000000002 0.23032407407407407 0.08388541666666667 0.13194444444444445
4 0.31906770833333337 0.2839537037037037 0.13688541666666668 0.25925925925925924
3 0.6180416666666667 0.3371574074074074 0.05463020833333333 0.07569444444444444
3 0.6362708333333333 0.3582222222222222 0.063734375 0.08449074074074074
3 0.6616562500000001 0.3593796296296296 0.05982291666666666 0.11226851851851852
3 0.7180677083333333 0.3863888888888889 0.06066666666666667 0.10455555555555555
5 0.7867395833333333 0.42535185185185187 0.028317708333333334 0.08680555555555555
3 0.8279635416666667 0.43287037037037035 0.06691666666666667 0.12962962962962962
5 0.8764583333333333 0.45678703703703705 0.030234374999999997 0.0933611111111111
5 0.9116093749999999 0.4729907407407407 0.031083333333333334 0.1087962962962963
3 0.9913333333333333 0.525 0.017333333333333333 0.11666666666666667