5 0.6451302083333333 0.2465277777777778 0.003572916666666667 0.013888888888888888
5 0.642203125 0.24768518518518517 0.002921875 0.016203703703703703
5 0.5600104166666667 0.25462962962962965 0.0079375 0.031148148148148147
5 0.698671875 0.2847222222222222 0.0038750000000000004 0.020833333333333332
5 0.703875 0.28530555555555553 0.004526041666666666 0.019675925925925927
5 0.643328125 0.29125 0.008848958333333332 0.03872222222222222
5 0.6085312500000001 0.2929259259259259 0.007442708333333333 0.042083333333333334
5 0.7014375 0.2974537037037037 0.0055000000000000005 0.016203703703703703
5 0.6960677083333333 0.3006388888888889 0.0032291666666666666 0.015620370370370371
5 0.6920000000000001 0.3029537037037037 0.004203125 0.012157407407407408
5 0.6187083333333334 0.3080833333333334 0.01359375 0.05218518518518518
5 0.7649010416666666 0.3096111111111111 0.005473958333333333 0.015046296296296295
5 0.758390625 0.31278703703703703 0.00678125 0.016787037037037038
2 0.5569270833333333 0.3186018518518518 0.06805729166666666 0.046296296296296294
1 0.700640625 0.35090740740740745 0.04961979166666666 0.08060185185185186
0 0.7299947916666666 0.36658333333333337 0.03730208333333333 0.09848148148148148
3 0.5798906250000001 0.3745833333333333 0.048640625 0.04882407407407407
3 0.7609375 0.4319814814814815 0.04722916666666667 0.017805555555555557
3 0.7683489583333334 0.4522777777777778 0.05163541666666667 0.017092592592592593
3 0.5739739583333333 0.4562314814814815 0.045328125000000004 0.04376851851851852
3 0.7745572916666668 0.45975925925925926 0.048026041666666665 0.013537037037037037
3 0.77515625 0.47400000000000003 0.05723958333333334 0.009259259259259259
3 0.5524270833333333 0.49074074074074076 0.07327083333333334 0.030305555555555554
3 0.7815677083333333 0.4910925925925926 0.06444791666666666 0.01211111111111111
3 0.7979895833333334 0.5060555555555555 0.061234374999999994 0.01637962962962963
3 0.5481666666666667 0.5235648148148149 0.07800520833333334 0.030305555555555554
3 0.8350416666666667 0.5242129629629629 0.062421874999999995 0.02563888888888889
3 0.777609375 0.5378796296296297 0.05203125 0.05218518518518518
3 0.8656822916666667 0.5544907407407408 0.06761458333333333 0.022083333333333333
5 0.13128125 0.5590277777777778 0.045661458333333335 0.1087962962962963
3 0.5351510416666667 0.5648148148148148 0.08889583333333334 0.07407407407407407
3 0.7991458333333333 0.5656574074074073 0.06102083333333333 0.05218518518518518
3 0.47408333333333336 0.5694444444444444 0.098390625 0.03956481481481481
3 0.8680208333333332 0.5778611111111112 0.06714583333333332 0.02273148148148148
3 0.45561979166666666 0.5993240740740741 0.10123958333333333 0.03872222222222222
3 0.87228125 0.6001666666666666 0.062406249999999996 0.031990740740740736
3 0.8097916666666667 0.6241574074074074 0.089890625 0.08164814814814815
3 0.919625 0.6245833333333333 0.06144270833333333 0.04713888888888888
3 0.44105208333333334 0.6289722222222222 0.10478125 0.046296296296296294
3 0.85003125 0.6510925925925926 0.08703645833333334 0.04461111111111111
3 0.021718750000000002 0.6655092592592593 0.043437500000000004 0.14583333333333334
3 0.961515625 0.6763425925925927 0.06852604166666666 0.06312962962962963
3 0.864234375 0.6835 0.09081770833333333 0.033666666666666664
3 0.42356770833333335 0.6858425925925926 0.11594791666666666 0.09391666666666668
3 0.9681458333333333 0.7146481481481481 0.04769270833333333 0.04713888888888888
3 0.357734375 0.7175925925925926 0.12415625 0.12037037037037036
3 0.8654166666666666 0.7222222222222222 0.08655208333333334 0.04713888888888888
3 0.9806927083333333 0.7424259259259259 0.032067708333333333 0.040407407407407406
3 0.8701510416666667 0.7908240740740741 0.11022395833333333 0.09343518518518518
3 0.98021875 0.7920833333333334 0.032067708333333333 0.05387037037037037
5 0.7873072916666667 0.8867870370370371 0.07238541666666666 0.22642592592592592