2 0.7177890625 0.163125 0.026007812499999998 0.06172222222222222
5 0.6418359375 0.16752777777777778 0.0059453125 0.016166666666666666
5 0.6864921875000001 0.17047222222222222 0.0034921874999999996 0.022041666666666664
0 0.658671875 0.1713888888888889 0.0181328125 0.015791666666666666
5 0.7428984375 0.17543055555555556 0.0063671875000000005 0.015069444444444444
5 0.660640625 0.1846111111111111 0.006765625 0.008444444444444445
2 0.616140625 0.18802777777777777 0.037375000000000005 0.063
3 0.7417578125000001 0.18884722222222222 0.004921875 0.011750000000000002
5 0.676546875 0.18902777777777777 0.008 0.009916666666666666
1 0.7856015625 0.19527777777777777 0.0329296875 0.031222222222222224
5 0.6546484375 0.2002361111111111 0.006875000000000001 0.04776388888888889
5 0.6678671875 0.20629166666666668 0.0046953125 0.04445833333333333
5 0.6830546875 0.20702777777777778 0.0057265625 0.04519444444444444
5 0.6593984374999999 0.21309722222222224 0.006765625 0.0485
5 0.6745859375000001 0.21768055555555554 0.0053124999999999995 0.05327777777777778
5 0.526953125 0.24872222222222223 0.014249999999999999 0.08083333333333334
5 0.6448046875 0.4245972222222222 0.0410390625 0.18651388888888887