1 0.6420104166666667 0.25462962962962965 0.009177083333333334 0.017361111111111112
5 0.5477916666666667 0.28212037037037035 0.00946875 0.03183333333333334
5 0.6534947916666667 0.2897037037037037 0.008703125 0.04652777777777778
5 0.6634583333333333 0.29010185185185183 0.0066145833333333326 0.04247222222222222
5 0.5508802083333334 0.2934074074074074 0.006479166666666666 0.013888888888888888
5 0.6423333333333333 0.2967592592592593 0.008901041666666666 0.03148148148148148
5 0.565 0.29996296296296293 0.009739583333333333 0.02353703703703704
2 0.707421875 0.31342592592592594 0.08009375 0.09166666666666666
1 0.5383697916666667 0.3245925925925926 0.034791666666666665 0.04012037037037037
3 0.6976666666666667 0.36718518518518517 0.0105 0.03646296296296297
0 0.5761614583333333 0.37175925925925923 0.04674479166666667 0.08425925925925926
5 0.609234375 0.37724074074074077 0.016010416666666666 0.08194444444444444
5 0.634703125 0.38466666666666666 0.019807291666666667 0.10433333333333333
0 0.7217447916666667 0.4074074074074074 0.04415625 0.1388888888888889
5 0.6944114583333333 0.41203703703703703 0.025510416666666664 0.0625
3 0.5714739583333334 0.41759259259259257 0.055078125 0.027777777777777776
3 0.5891822916666667 0.42685185185185187 0.06340104166666667 0.03333333333333333
3 0.5878802083333333 0.44583333333333336 0.061843749999999996 0.026851851851851852
3 0.6954739583333333 0.4556851851851852 0.018395833333333333 0.030425925925925926
3 0.7816510416666667 0.46111111111111114 0.059807291666666665 0.022222222222222223
3 0.7839947916666666 0.4740740740740741 0.06657291666666666 0.024074074074074074
3 0.5516875 0.48194444444444445 0.07279166666666666 0.03981481481481482
3 0.5803958333333333 0.4822962962962963 0.06666145833333333 0.06273148148148149
3 0.8097447916666667 0.4936388888888889 0.027869791666666664 0.03125
3 0.5490833333333334 0.5152777777777777 0.078 0.062037037037037036
3 0.834765625 0.5361111111111111 0.06811979166666667 0.02962962962962963
3 0.5266875 0.5601851851851852 0.09258854166666668 0.1
3 0.86184375 0.5606481481481481 0.06915104166666668 0.04537037037037037
3 0.8735625 0.5787037037037037 0.07383333333333333 0.044444444444444446
3 0.8772083333333334 0.6143518518518518 0.06341666666666666 0.06944444444444445
3 0.4696666666666667 0.6280092592592592 0.10380208333333334 0.12453703703703704
5 0.025828125 0.6307870370370371 0.024677083333333336 0.14583333333333334
3 0.9550625 0.6425925925925926 0.026416666666666665 0.10740740740740741
3 0.8287760416666666 0.6527777777777778 0.07593229166666667 0.15185185185185185
3 0.4420885416666666 0.6541296296296296 0.11947916666666666 0.11921296296296297
5 0.9110572916666667 0.6569444444444444 0.05715625 0.10648148148148148
3 0.36033333333333334 0.7116388888888889 0.13084895833333332 0.14814814814814814
3 0.9123541666666667 0.7240740740740741 0.10870833333333334 0.053703703703703705
2 0.642875 0.7314814814814815 0.3004375 0.5370370370370371
3 0.9818645833333334 0.774074074074074 0.036270833333333335 0.12222222222222222
3 0.895953125 0.7967592592592593 0.12797395833333333 0.12129629629629629