3 0.6818437500000001 0.11743518518518518 0.015635416666666666 0.012953703703703703
5 0.7254791666666667 0.11862037037037039 0.008161458333333333 0.03783333333333333
0 0.7126666666666667 0.11988888888888888 0.050984375 0.07964814814814815
3 0.67959375 0.12495370370370369 0.02103125 0.014870370370370369
5 0.7327916666666667 0.1332037037037037 0.009932291666666667 0.06068518518518519
0 0.7552864583333334 0.13437962962962963 0.036296875 0.07724074074074075
3 0.680265625 0.1408888888888889 0.019703125 0.027194444444444445
3 0.7243697916666666 0.14522222222222222 0.015255208333333332 0.025611111111111112
3 0.7439791666666667 0.167287037037037 0.03541145833333333 0.014583333333333334
3 0.7494114583333332 0.17733333333333334 0.03961979166666666 0.03467592592592593
1 0.5929479166666667 0.1791851851851852 0.12235416666666667 0.11230555555555556
3 0.7315729166666666 0.1881759259259259 0.03364583333333333 0.032712962962962965
3 0.4912447916666667 0.20467592592592593 0.037734375 0.07142592592592592
3 0.7229270833333333 0.21733333333333332 0.042515624999999994 0.04925925925925926
5 0.5753958333333333 0.21925 0.024072916666666666 0.10537037037037036
3 0.41746875 0.2815925925925926 0.046260416666666665 0.08241666666666667
2 0.6823802083333333 0.31451851851851853 0.20113541666666668 0.2164074074074074
5 0.3033125 0.35959259259259263 0.03349479166666667 0.1303888888888889
5 0.6832499999999999 0.39467592592592593 0.047859375 0.2152777777777778
5 0.26703125 0.4011111111111111 0.041229166666666664 0.12009259259259258
5 0.25583854166666664 0.45087037037037037 0.027338541666666667 0.08098148148148147
3 0.23248958333333333 0.45875925925925926 0.03777083333333333 0.0844074074074074
5 0.173828125 0.46287962962962964 0.026218750000000002 0.1269537037037037
5 0.19930208333333335 0.46562037037037035 0.021572916666666667 0.1406851851851852
3 0.20721354166666667 0.4855185185185185 0.04511458333333333 0.07617592592592592
3 0.16263541666666667 0.5181203703703704 0.043973958333333334 0.11803703703703704
5 0.10760937500000001 0.5286481481481482 0.029536458333333335 0.08512037037037037
5 0.061625 0.5717685185185185 0.03711458333333333 0.13551851851851854
3 0.018411458333333335 0.6751388888888888 0.03008854166666667 0.12775
3 0.7346979166666666 0.0686851851851852 0.007770833333333334 0.014083333333333335
3 0.6533854166666667 0.7132222222222222 0.15076562500000001 0.18760185185185185
3 0.7195729166666667 0.07537962962962963 0.00790625 0.01038888888888889
3 0.7317760416666667 0.07573148148148148 0.0105 0.010157407407407408
3 0.7110677083333333 0.07814814814814815 0.006479166666666666 0.007620370370370371
5 0.7464010416666667 0.07817592592592593 0.005218749999999999 0.016333333333333335
3 0.7466822916666668 0.0898425925925926 0.008781249999999999 0.010333333333333333