5 0.6507109375 0.18697222222222223 0.007914062500000001 0.04059722222222222
0 0.6768125 0.18963888888888888 0.022664062500000002 0.041666666666666664
2 0.6179609375 0.1937222222222222 0.0366640625 0.050291666666666665
5 0.611140625 0.19427777777777777 0.0093046875 0.04676388888888889
1 0.7849999999999999 0.19604166666666667 0.034999999999999996 0.028847222222222222
5 0.6563828125 0.20031944444444444 0.009453125 0.04594444444444444
5 0.6798203125 0.20993055555555556 0.0178515625 0.026708333333333334
5 0.6419609375 0.22829166666666667 0.013945312500000001 0.03223611111111111
3 0.67871875 0.2361111111111111 0.0115078125 0.03704166666666667
5 0.5890078125 0.23709722222222224 0.0187421875 0.041666666666666664
3 0.6372734375 0.2631388888888889 0.0140234375 0.03909722222222222
3 0.5821796875 0.27670833333333333 0.007671875 0.03845833333333334
5 0.6051953125 0.31348611111111113 0.0247890625 0.11508333333333333
5 0.44283593750000005 0.3293611111111111 0.039234375 0.08730555555555555
5 0.5795234375 0.3412638888888889 0.035476562499999996 0.07936111111111112
3 0.4397734375 0.3963611111111111 0.031757812499999996 0.11538888888888889
3 0.5812734374999999 0.41559722222222223 0.020296875 0.10897222222222222