1 0.110984375 0.23320370370370372 0.053385416666666664 0.04508333333333333
4 0.19461979166666668 0.2584444444444444 0.08571875000000001 0.14069444444444443
5 0.27216145833333333 0.2638888888888889 0.016135416666666666 0.03600925925925926
3 0.47642708333333333 0.2700648148148148 0.045031249999999995 0.060703703703703704
5 0.4306510416666667 0.2711388888888889 0.017015625 0.049
4 0.33653645833333334 0.2919537037037037 0.13124479166666667 0.20942592592592593
5 0.4502447916666667 0.3164814814814815 0.033942708333333335 0.12702777777777777
5 0.25690625 0.3253888888888889 0.040328125000000006 0.15901851851851853
5 0.7950625 0.35532407407407407 0.0436875 0.08487037037037037
5 0.85384375 0.3894259259259259 0.02255208333333333 0.08566666666666667
5 0.871421875 0.3988703703703703 0.0225625 0.10949074074074074
3 0.7507239583333334 0.4069074074074074 0.055156250000000004 0.08877777777777777
3 0.7638802083333334 0.4216111111111111 0.036484375 0.08037037037037037
3 0.7859010416666667 0.431787037037037 0.014270833333333333 0.09199074074074073
5 0.9740729166666667 0.4383148148148148 0.029062499999999998 0.10946296296296296
3 0.8189739583333334 0.44050925925925927 0.04361458333333333 0.08616666666666667
5 0.9430885416666667 0.46623148148148147 0.02811458333333333 0.20475925925925925
3 0.8870312499999999 0.5056203703703704 0.11046354166666666 0.1402037037037037
3 0.9668281249999999 0.5270555555555556 0.025666666666666667 0.09625925925925925
3 0.9919895833333333 0.5305462962962963 0.016020833333333335 0.11508333333333334
2 0.6188645833333334 0.539287037037037 0.19896354166666666 0.32753703703703707
3 0.24375 0.8454259259259259 0.13009895833333332 0.3091388888888889