5 0.174546875 0.21927777777777777 0.0021484375 0.013069444444444444
5 0.1794453125 0.22349999999999998 0.008390625 0.025736111111111112
5 0.14808593750000001 0.2270972222222222 0.0055078125 0.024777777777777777
5 0.2063203125 0.23054166666666667 0.0082265625 0.03876388888888889
3 0.1802890625 0.2355972222222222 0.0090859375 0.016666666666666666
5 0.274203125 0.24954166666666666 0.0131015625 0.03186111111111111
5 0.1238671875 0.25166666666666665 0.0073046874999999995 0.036125000000000004
5 0.30753125 0.261 0.0168671875 0.07352777777777778
5 0.214484375 0.30280555555555555 0.017890625 0.0942361111111111
5 0.2690234375 0.3183611111111111 0.02265625 0.10252777777777777
5 0.8391093749999999 0.6320972222222222 0.0502265625 0.28744444444444445