3 0.7191041666666667 0.09410185185185185 0.024838541666666665 0.028935185185185185
3 0.713640625 0.10382407407407407 0.024578125 0.026157407407407407
3 0.7048541666666667 0.11331481481481481 0.01378125 0.025231481481481483
3 0.7017291666666666 0.12129629629629629 0.013000000000000001 0.02361111111111111
0 0.671328125 0.13039814814814815 0.05415104166666666 0.08333333333333333
0 0.7543593749999999 0.13425925925925927 0.03668229166666667 0.08115740740740741
5 0.7142916666666667 0.13927777777777778 0.021156249999999998 0.06867592592592593
5 0.7483593749999999 0.1601111111111111 0.018104166666666664 0.051694444444444446
3 0.7325989583333333 0.1699351851851852 0.017062499999999998 0.020694444444444446
3 0.7538854166666666 0.17864814814814814 0.028385416666666666 0.026148148148148146
1 0.5929947916666667 0.17939814814814814 0.12404687499999999 0.10262037037037038
3 0.7126874999999999 0.19199074074074074 0.033609375000000004 0.03213888888888889
3 0.6750208333333333 0.20215740740740742 0.014661458333333332 0.04321296296296297
3 0.494328125 0.20293518518518516 0.032442708333333334 0.04937962962962963
5 0.6266354166666667 0.21103703703703702 0.02119270833333333 0.07330555555555555
3 0.7221822916666666 0.21105555555555555 0.03728125 0.02887037037037037
3 0.6783802083333333 0.22575925925925924 0.039749999999999994 0.03431481481481482
5 0.41520833333333335 0.27847222222222223 0.023234374999999998 0.10138888888888889
3 0.42163541666666665 0.2808611111111111 0.03709375 0.058638888888888886
5 0.5602291666666667 0.2847222222222222 0.033588541666666666 0.1388888888888889
2 0.6786770833333333 0.30787037037037035 0.19756770833333331 0.20833333333333334
5 0.6813020833333333 0.36226851851851855 0.03353645833333333 0.21064814814814814
5 0.651359375 0.39351851851851855 0.02313541666666667 0.18055555555555555
5 0.23477604166666666 0.41782407407407407 0.025911458333333335 0.0763888888888889
5 0.2582083333333333 0.4409722222222222 0.025901041666666666 0.12268518518518519
5 0.17489062500000002 0.45601851851851855 0.036348958333333334 0.1111111111111111
5 0.20028125000000002 0.46064814814814814 0.02722916666666667 0.1388888888888889
5 0.23086979166666666 0.47685185185185186 0.03893229166666667 0.1527777777777778
3 0.16203645833333333 0.5303055555555556 0.044375000000000005 0.09259259259259259
3 0.12298437499999999 0.570287037037037 0.038239583333333334 0.0900648148148148
5 0.08636979166666667 0.5925925925925926 0.03638541666666666 0.0787037037037037
5 0.06293750000000001 0.6168981481481481 0.025979166666666668 0.09027777777777778
3 0.526375 0.6296296296296297 0.1143125 0.1574074074074074
3 0.018598958333333335 0.6712962962962963 0.03496875 0.11363888888888889
3 0.7355104166666667 0.07037037037037037 0.009729166666666667 0.012037037037037037
3 0.653296875 0.7129629629629629 0.16243229166666667 0.18518518518518517
3 0.7294583333333333 0.07314814814814814 0.00465625 0.0125
3 0.7292604166666667 0.08171296296296296 0.026395833333333334 0.02824074074074074
3 0.7254843750000001 0.09016666666666666 0.022755208333333332 0.02199074074074074