3 0.7144322916666667 0.11342592592592593 0.01876041666666667 0.04894444444444444
3 0.712109375 0.1263240740740741 0.010765625000000001 0.030425925925925926
5 0.730765625 0.12826851851851853 0.012953125000000001 0.07462037037037038
5 0.7051822916666667 0.13671296296296298 0.018604166666666665 0.07189814814814816
0 0.66996875 0.13802777777777778 0.051708333333333335 0.09303703703703704
0 0.7547447916666666 0.13802777777777778 0.035958333333333335 0.08591666666666667
3 0.6345781250000001 0.16449074074074074 0.03241666666666667 0.051194444444444445
3 0.6203385416666667 0.1723888888888889 0.03466145833333333 0.04412037037037037
3 0.6031822916666666 0.18273148148148147 0.025994791666666666 0.05500925925925926
3 0.745734375 0.18656481481481482 0.04571354166666666 0.05740740740740741
3 0.5840364583333333 0.19962037037037036 0.039171874999999995 0.06481481481481481
3 0.49545833333333333 0.2075648148148148 0.034041666666666665 0.07278703703703704
3 0.7058802083333333 0.21199074074074073 0.039947916666666666 0.05538888888888889
3 0.5705520833333334 0.2129722222222222 0.04096354166666667 0.06141666666666667
3 0.5598385416666667 0.2237777777777778 0.046078125 0.05402777777777778
3 0.5374427083333334 0.23841666666666667 0.04353125 0.07023148148148148
1 0.7314791666666667 0.24912962962962965 0.099953125 0.07340740740740741
3 0.527046875 0.25092592592592594 0.04544791666666667 0.06568518518518518
3 0.515453125 0.2564722222222222 0.044640624999999996 0.07961111111111112
1 0.6354583333333333 0.2685925925925926 0.121875 0.15681481481481482
3 0.489859375 0.2719722222222222 0.04689583333333334 0.07421296296296297
3 0.41365104166666666 0.28277777777777774 0.04859375 0.07079629629629629
3 0.4731458333333334 0.2851944444444444 0.045135416666666664 0.07734259259259259
3 0.4649114583333333 0.2948611111111111 0.04720833333333333 0.08018518518518518
1 0.6958177083333333 0.30306481481481484 0.17127083333333332 0.10565740740740741
3 0.4325260416666667 0.31589814814814815 0.04544270833333333 0.08074999999999999
1 0.20269791666666667 0.35430555555555554 0.05140104166666667 0.09625
1 0.671625 0.4305555555555556 0.23249479166666667 0.22777777777777777
5 0.21171875 0.4470092592592592 0.028963541666666665 0.09294444444444444
3 0.23678645833333334 0.4578055555555556 0.04300520833333333 0.09689814814814815
3 0.17905729166666667 0.5044074074074074 0.034671875 0.0948425925925926
3 0.22478125 0.5193888888888889 0.08079166666666666 0.14287962962962963
3 0.16277604166666665 0.5220555555555556 0.045984375 0.11126851851851852
5 0.13082291666666668 0.565037037037037 0.04060416666666666 0.1534259259259259
3 0.1441875 0.5701018518518519 0.04990625 0.06446296296296297
3 0.09718229166666667 0.5766666666666667 0.033984375 0.05461111111111111
5 0.06403125 0.6181481481481482 0.038135416666666665 0.149
3 0.11299479166666666 0.6388703703703704 0.07246875 0.15601851851851853
5 0.03540625 0.6509722222222222 0.041463541666666666 0.15269444444444444
3 0.056875 0.6651481481481482 0.029140625 0.05419444444444445
3 0.022239583333333333 0.6754166666666667 0.032364583333333335 0.11496296296296296
3 0.008354166666666666 0.7086666666666667 0.016713541666666668 0.07390740740740741
3 0.730703125 0.07374074074074075 0.020057291666666664 0.018518518518518517
1 0.6565364583333333 0.7768518518518519 0.3689322916666667 0.39814814814814814
3 0.726796875 0.08697222222222223 0.024895833333333332 0.011907407407407406