3 0.240296875 0.1438472222222222 0.0181171875 0.02976388888888889
5 0.600171875 0.235125 0.0165 0.12102777777777778
5 0.62471875 0.235125 0.0231875 0.1289722222222222
5 0.584734375 0.23908333333333331 0.025062499999999998 0.125
5 0.324546875 0.32143055555555555 0.0567734375 0.1111111111111111
5 0.289953125 0.3363055555555555 0.0210703125 0.08929166666666667
5 0.3920546875 0.36508333333333337 0.0266171875 0.16666666666666666
5 0.2280234375 0.37004166666666666 0.0378359375 0.05356944444444445
5 0.267078125 0.5019861111111111 0.0512109375 0.2063472222222222
5 0.23807031250000002 0.12309722222222222 0.01328125 0.04777777777777777
5 0.1945390625 0.1267361111111111 0.013726562500000001 0.059027777777777776