3 0.7095885416666667 0.09664814814814815 0.014833333333333334 0.024101851851851853
3 0.7042760416666667 0.1148425925925926 0.019088541666666667 0.035916666666666666
5 0.730796875 0.11797222222222221 0.012885416666666667 0.049490740740740745
3 0.700421875 0.12831481481481483 0.009786458333333333 0.03261111111111111
0 0.6698385416666667 0.13492592592592592 0.051770833333333335 0.08553703703703704
0 0.75315625 0.13760185185185186 0.03426041666666667 0.0727962962962963
3 0.6557395833333334 0.16328703703703704 0.031546875 0.04584259259259259
5 0.71490625 0.1642685185185185 0.018098958333333335 0.05714814814814815
3 0.6368697916666667 0.16659259259259257 0.03208333333333333 0.05340740740740741
3 0.62278125 0.17557407407407408 0.029432291666666666 0.04962037037037037
3 0.7423489583333333 0.1822962962962963 0.037322916666666664 0.03143518518518519
3 0.6043125 0.18407407407407408 0.028109375 0.05246296296296296
3 0.5896822916666667 0.19849074074074075 0.02703125 0.051037037037037034
3 0.4931927083333333 0.20439814814814813 0.03502083333333333 0.05150925925925926
3 0.686671875 0.20916666666666667 0.042625 0.03752777777777778
3 0.5751979166666668 0.20983333333333334 0.03261979166666667 0.051037037037037034
3 0.6926562500000001 0.22337037037037039 0.046614583333333334 0.0390462962962963
3 0.55925 0.2285 0.03953645833333333 0.0439537037037037
3 0.5357187499999999 0.23772222222222222 0.03447395833333333 0.044425925925925924
1 0.7280208333333333 0.24110185185185184 0.09620833333333333 0.05939814814814815
3 0.52840625 0.2575648148148148 0.037932291666666666 0.036861111111111115
3 0.5135208333333333 0.2700925925925926 0.037406249999999995 0.04206481481481481
3 0.4151197916666666 0.2749814814814815 0.027989583333333335 0.031101851851851856
3 0.4899114583333333 0.280712962962963 0.038546875 0.04419444444444444
3 0.4735729166666667 0.2819351851851852 0.03993229166666667 0.06137962962962964
3 0.4109791666666667 0.28398148148148145 0.030755208333333332 0.05400925925925926
3 0.4611458333333333 0.29994444444444446 0.04546354166666667 0.06628703703703705
1 0.6933906249999999 0.30863888888888885 0.17009895833333333 0.0932037037037037
3 0.4321510416666667 0.32162962962962965 0.039031249999999997 0.07856481481481481
2 0.33500520833333336 0.3460648148148148 0.12480729166666667 0.2152777777777778
5 0.24553645833333335 0.39922222222222226 0.037109375 0.11878703703703702
5 0.5292708333333334 0.409462962962963 0.037885416666666664 0.1783611111111111
5 0.2358125 0.4413240740740741 0.03288541666666667 0.10074074074074074
1 0.6666041666666668 0.4464166666666667 0.22896875 0.18639814814814815
3 0.24485416666666668 0.4531851851851852 0.0260625 0.09232407407407407
5 0.2070625 0.4608703703703704 0.021057291666666665 0.08571296296296296
3 0.22273437499999998 0.47085185185185185 0.021557291666666666 0.09232407407407407
5 0.18888020833333333 0.4864351851851852 0.028677083333333336 0.12179629629629629
3 0.20896354166666667 0.49654629629629626 0.022015625 0.08269444444444445
3 0.17758333333333332 0.5073796296296297 0.024286458333333334 0.08188888888888889
3 0.16291145833333334 0.5266481481481481 0.029255208333333334 0.06583333333333333
5 0.13644791666666667 0.5322962962962963 0.028697916666666667 0.12029629629629629
5 0.116578125 0.5420648148148147 0.02109375 0.07969444444444444
3 0.14281770833333332 0.5543425925925927 0.037843749999999995 0.07626851851851853
3 0.09405729166666667 0.5716018518518519 0.026125 0.06262037037037037
3 0.07419270833333333 0.5920740740740741 0.021619791666666666 0.0698425925925926
5 0.056942708333333335 0.5962037037037037 0.027010416666666665 0.10375
5 0.47040104166666663 0.6053240740740741 0.054453125 0.23842592592592593
5 0.038760416666666665 0.61725 0.029552083333333333 0.11577777777777779
3 0.10694791666666667 0.6398425925925926 0.08160416666666667 0.13837962962962963
3 0.04710416666666666 0.645462962962963 0.02253125 0.06422222222222222
5 0.7462395833333333 0.06497222222222222 0.010729166666666668 0.029055555555555553
5 0.31613541666666667 0.6585648148148148 0.066234375 0.23842592592592593
3 0.019880208333333333 0.6791666666666667 0.0313125 0.1252037037037037
3 0.733578125 0.06864814814814815 0.013786458333333333 0.015324074074074075
3 0.7281041666666667 0.07423148148148148 0.012890625 0.02011111111111111
3 0.7451927083333333 0.7641944444444445 0.15309375 0.20779629629629628
3 0.723703125 0.08380555555555556 0.020968749999999998 0.018833333333333334
3 0.7195572916666666 0.09026851851851851 0.01828645833333333 0.014175925925925927