5 0.6815364583333333 0.2728796296296296 0.006338541666666667 0.02999074074074074
5 0.6943802083333334 0.2839259259259259 0.004916666666666666 0.02262962962962963
5 0.6480364583333333 0.2864351851851852 0.008880208333333334 0.027675925925925927
5 0.7126874999999999 0.2877314814814815 0.004557291666666667 0.021666666666666664
5 0.66640625 0.28809259259259257 0.010088541666666668 0.03771296296296296
5 0.6776041666666667 0.29126851851851854 0.008135416666666666 0.03143518518518519
3 0.6480260416666667 0.2945833333333333 0.007536458333333333 0.02297222222222222
5 0.6834322916666667 0.29962037037037037 0.008265625 0.02298148148148148
5 0.6914322916666666 0.3074074074074074 0.01196875 0.025342592592592594
5 0.7560468749999999 0.31607407407407406 0.005369791666666667 0.009092592592592593
2 0.5576510416666667 0.323037037037037 0.06966145833333333 0.03602777777777778
5 0.749703125 0.32489814814814816 0.00765625 0.02699074074074074
5 0.6973958333333333 0.32761111111111113 0.008171875 0.027314814814814816
3 0.6949270833333333 0.33099074074074075 0.018229166666666668 0.0247962962962963
5 0.6582239583333334 0.35910185185185184 0.020348958333333333 0.05609259259259259
0 0.6273593749999999 0.36409259259259263 0.037265625 0.08242592592592592
1 0.7270416666666667 0.3761759259259259 0.063453125 0.1134351851851852
5 0.6542135416666667 0.39501851851851855 0.018072916666666668 0.10187037037037036
0 0.5947447916666667 0.41484259259259254 0.052536458333333334 0.1447037037037037
5 0.636359375 0.41550925925925924 0.016874999999999998 0.11300925925925925
3 0.6798958333333334 0.4252962962962963 0.03675520833333333 0.05522222222222222
3 0.77575 0.42627777777777776 0.020104166666666666 0.027777777777777776
3 0.7821614583333333 0.4576203703703704 0.058562499999999997 0.03205555555555555
3 0.7609322916666666 0.4586851851851852 0.045734375 0.04131481481481481
3 0.5836354166666666 0.46567592592592594 0.07172395833333334 0.08325925925925926
3 0.5491510416666666 0.49339814814814814 0.07813020833333333 0.03125
3 0.8009739583333333 0.4945092592592593 0.07279687500000001 0.04418518518518518
3 0.781109375 0.5058518518518519 0.07863020833333333 0.060194444444444446
3 0.5457239583333333 0.5108981481481482 0.09239583333333333 0.05258333333333333
3 0.8323802083333334 0.5161666666666667 0.06842187500000001 0.062425925925925926
3 0.8493489583333333 0.5234166666666666 0.07200000000000001 0.052759259259259256
3 0.8625416666666667 0.5439166666666666 0.06530208333333333 0.05540740740740741
3 0.7774322916666667 0.5497314814814815 0.05855729166666667 0.08983333333333333
3 0.8762708333333333 0.5613240740740741 0.082859375 0.05938888888888889
3 0.5342604166666667 0.563824074074074 0.09642708333333333 0.09462962962962963
3 0.7965520833333334 0.5799722222222222 0.06949999999999999 0.08758333333333333
3 0.8799270833333334 0.5892685185185185 0.066640625 0.06775
3 0.47494270833333335 0.5938518518518519 0.10180208333333333 0.08832407407407407
3 0.45771875 0.6068148148148148 0.103890625 0.08319444444444445
3 0.42459375 0.6174537037037037 0.079421875 0.043916666666666666
3 0.9233489583333333 0.6202777777777777 0.06677604166666667 0.0819074074074074
3 0.8137604166666667 0.6341759259259259 0.09119791666666667 0.11832407407407408
3 0.42083333333333334 0.6382129629629629 0.11814583333333334 0.11241666666666666
3 0.024723958333333334 0.6656111111111112 0.04944791666666667 0.14249074074074072
3 0.856 0.6692592592592592 0.09810416666666667 0.15021296296296296
3 0.96546875 0.6814537037037037 0.06905729166666667 0.14124074074074072
3 0.8647083333333333 0.6848518518518518 0.11452083333333334 0.11605555555555556
3 0.35584895833333335 0.7036388888888888 0.12965625 0.13476851851851854
3 0.8710625000000001 0.7134166666666667 0.11470833333333334 0.06980555555555555
5 0.471921875 0.7182222222222222 0.06724479166666668 0.25572222222222224
3 0.9791875 0.7523425925925926 0.03833333333333333 0.06519444444444444
3 0.8705885416666667 0.7538518518518518 0.1284375 0.0933611111111111
3 0.466765625 0.789712962962963 0.17654166666666665 0.1816296296296296
3 0.98003125 0.8014907407407408 0.039546875 0.08318518518518518
3 0.8701197916666668 0.8395277777777779 0.14690104166666668 0.18906481481481482
3 0.9171979166666666 0.8572685185185185 0.13338541666666667 0.07848148148148149