3 0.14204687500000002 0.21953703703703703 0.006203125 0.040388888888888884
4 0.192015625 0.2426574074074074 0.07461458333333333 0.14701851851851852
5 0.14886979166666667 0.27120370370370367 0.01321875 0.0656574074074074
4 0.32527083333333334 0.2833425925925926 0.11470833333333334 0.23409259259259257
3 0.5758020833333333 0.3206574074074074 0.05364583333333333 0.07952777777777778
3 0.62084375 0.3406851851851852 0.04668229166666667 0.09814814814814815
3 0.6356145833333334 0.34632407407407406 0.04759895833333334 0.10378703703703704
3 0.6568697916666667 0.35506481481481483 0.05458854166666667 0.10435185185185185
3 0.6771718750000001 0.3663518518518519 0.061572916666666665 0.1020925925925926
3 0.7144479166666666 0.38890740740740737 0.057463541666666666 0.1020925925925926
3 0.7518802083333332 0.39765740740740746 0.06064583333333333 0.11506481481481481
5 0.7877708333333333 0.41430555555555554 0.027234374999999998 0.0777962962962963
5 0.5685312499999999 0.41583333333333333 0.03734375 0.2164814814814815
3 0.8295104166666667 0.43321296296296297 0.07057291666666667 0.11419444444444445
5 0.890140625 0.45998148148148144 0.03606770833333333 0.08492592592592592
5 0.931484375 0.46818518518518515 0.027223958333333336 0.07708333333333334
3 0.9605833333333333 0.4856759259259259 0.061328125 0.14487962962962964
3 0.9940625 0.529925925925926 0.011869791666666666 0.09492592592592593