3 0.716671875 0.11183333333333334 0.026328124999999997 0.043694444444444445
3 0.7100000000000001 0.12008333333333333 0.0289375 0.0410925925925926
3 0.7125260416666667 0.12716666666666668 0.009244791666666667 0.03153703703703704
3 0.7027604166666667 0.13325 0.011848958333333333 0.04195370370370371
0 0.7524427083333334 0.13469444444444445 0.03138020833333333 0.08093518518518518
0 0.6701666666666667 0.13630555555555557 0.05040625 0.09358333333333332
3 0.7275781250000001 0.16015740740740741 0.020468749999999997 0.039064814814814816
3 0.6300833333333333 0.16623148148148148 0.026328124999999997 0.05642592592592592
5 0.6950885416666667 0.1688888888888889 0.015901041666666667 0.08371296296296296
5 0.5816666666666667 0.16935185185185186 0.016322916666666666 0.043444444444444445
3 0.7589010416666666 0.18301851851851852 0.030057291666666666 0.022861111111111113
3 0.4869479166666667 0.1875 0.026833333333333334 0.035305555555555555
5 0.6702708333333334 0.19282407407407406 0.013895833333333333 0.04755555555555555
5 0.64984375 0.1965740740740741 0.013354166666666667 0.06547222222222222
3 0.5816614583333333 0.19661111111111113 0.03820833333333333 0.05931481481481482
5 0.6543333333333333 0.20275925925925925 0.01756770833333333 0.06547222222222222
3 0.5743385416666666 0.2037037037037037 0.03625520833333333 0.046296296296296294
3 0.5525260416666666 0.21209259259259258 0.033317708333333335 0.06018518518518518
3 0.498171875 0.21556481481481482 0.03724479166666667 0.05150925925925926
3 0.69396875 0.21586111111111111 0.05481770833333333 0.04340740740740741
3 0.538203125 0.22800925925925927 0.04080729166666666 0.058444444444444445
1 0.7307083333333334 0.24976851851851853 0.102234375 0.07309259259259258
3 0.5183541666666667 0.2561018518518518 0.040552083333333336 0.08068518518518518
3 0.495546875 0.2717037037037037 0.04367708333333333 0.07800925925925926
3 0.4114270833333334 0.2823981481481482 0.047359375 0.06552777777777777
3 0.4734791666666667 0.2846296296296296 0.047088541666666664 0.07712037037037038
5 0.37146875 0.2880833333333333 0.026255208333333332 0.09609259259259259
3 0.46407291666666667 0.2937685185185185 0.04934895833333333 0.08024074074074074
1 0.60546875 0.2992314814814815 0.15065625 0.14452777777777778
1 0.6953020833333333 0.308787037037037 0.17543229166666666 0.10554629629629629
3 0.4282239583333334 0.3205092592592592 0.05136458333333334 0.07221296296296296
5 0.3625833333333333 0.40523148148148147 0.037328125000000004 0.11075925925925927
1 0.6690677083333333 0.43069444444444444 0.23205729166666667 0.23550925925925925
3 0.369171875 0.44666666666666666 0.0761875 0.11500925925925926
1 0.489296875 0.4494814814814815 0.16189062499999998 0.20745370370370372
3 0.23452083333333332 0.4589259259259259 0.047098958333333336 0.0994074074074074
3 0.21557291666666664 0.47074074074074074 0.0443125 0.10787962962962963
3 0.16894270833333333 0.49347222222222226 0.01625 0.06062962962962963
3 0.20955729166666667 0.5057314814814815 0.04030208333333333 0.07533333333333334
5 0.554765625 0.508888888888889 0.055302083333333335 0.1711574074074074
3 0.161546875 0.5240092592592592 0.043578125 0.10297222222222221
5 0.19450520833333332 0.52475 0.03977604166666667 0.1493888888888889
3 0.140359375 0.5563240740740741 0.04834895833333333 0.09717592592592593
3 0.12205729166666666 0.5786203703703704 0.050859375000000005 0.08737037037037038
3 0.10363020833333333 0.5957777777777779 0.047609374999999995 0.10564814814814814
3 0.08180729166666666 0.608037037037037 0.047088541666666664 0.10341666666666667
3 0.06526041666666667 0.6169537037037036 0.041578125 0.11500925925925926
1 0.33161979166666666 0.6343611111111112 0.22013541666666667 0.26840740740740743
3 0.04207291666666667 0.6564074074074073 0.035317708333333336 0.09316666666666668
3 0.023770833333333335 0.6686666666666666 0.040838541666666665 0.09985185185185186
3 0.008859375000000001 0.707 0.01756770833333333 0.074
3 0.7294479166666666 0.07291666666666667 0.0284375 0.012157407407407408
1 0.6557864583333333 0.7746944444444444 0.37282291666666667 0.40123148148148147
3 0.7238333333333333 0.08564814814814815 0.023072916666666665 0.010416666666666666
3 0.7189531250000001 0.08767592592592592 0.022421874999999997 0.01273148148148148