3 0.7155729166666667 0.11014814814814815 0.029161458333333334 0.04448148148148148
3 0.7105 0.1195648148148148 0.02871875 0.04028703703703704
3 0.7042447916666668 0.12009259259259258 0.022973958333333332 0.037675925925925925
3 0.7012291666666666 0.13343518518518518 0.014 0.03453703703703703
0 0.6694791666666667 0.13514814814814816 0.050046875000000005 0.09161111111111112
0 0.75459375 0.13530555555555554 0.03600520833333333 0.08222222222222222
5 0.6532760416666666 0.15586111111111112 0.014718750000000001 0.0663611111111111
5 0.640078125 0.1602314814814815 0.015640625000000002 0.09193518518518519
5 0.6242291666666666 0.16687037037037036 0.017083333333333332 0.0935462962962963
5 0.5809010416666667 0.1675185185185185 0.014546874999999999 0.04435185185185185
3 0.7271979166666667 0.1696666666666667 0.018515624999999997 0.05363888888888889
3 0.7436041666666667 0.18484259259259259 0.039552083333333335 0.03950925925925926
5 0.6867760416666666 0.19065740740740741 0.020541666666666666 0.052444444444444446
5 0.6699322916666667 0.19212037037037039 0.013447916666666667 0.04563888888888889
3 0.48722916666666666 0.19590740740740742 0.02136979166666667 0.033305555555555554
5 0.6525468750000001 0.1995648148148148 0.018005208333333335 0.07283333333333333
3 0.5874583333333334 0.20852777777777778 0.02813541666666667 0.038240740740740735
5 0.56915625 0.21153703703703705 0.02128645833333333 0.0663611111111111
3 0.5817552083333334 0.21425 0.02169270833333333 0.02939814814814815
3 0.4979791666666667 0.21567592592592594 0.035250000000000004 0.06244444444444444
3 0.6929062500000001 0.21658333333333332 0.06591145833333333 0.060259259259259255
3 0.55065625 0.2187962962962963 0.02908854166666667 0.047870370370370376
3 0.5411510416666666 0.23597222222222222 0.04055729166666667 0.04058333333333333
1 0.7308229166666667 0.2490740740740741 0.09910416666666667 0.07232407407407407
3 0.5340520833333334 0.25093518518518515 0.042458333333333334 0.05177777777777778
3 0.5190572916666667 0.26225000000000004 0.04084375 0.0650462962962963
3 0.49666145833333336 0.2800740740740741 0.042895833333333334 0.05697222222222222
3 0.47436979166666665 0.2891944444444444 0.04577083333333333 0.06550925925925925
3 0.41131770833333337 0.2895277777777778 0.04774479166666667 0.05234259259259259
1 0.6062708333333333 0.29824074074074075 0.148046875 0.14464814814814814
3 0.465109375 0.3030277777777778 0.04688020833333333 0.06024074074074074
1 0.6958541666666667 0.30880555555555556 0.17452604166666666 0.10401851851851852
3 0.42872916666666666 0.3265648148148148 0.050755208333333336 0.05859259259259259
1 0.67 0.43112962962962964 0.22983854166666667 0.23197222222222222
1 0.4910729166666667 0.44899074074074075 0.15625520833333334 0.20397222222222222
3 0.23433333333333334 0.4691666666666667 0.047552083333333335 0.07697222222222222
5 0.41953125 0.47047222222222224 0.026286458333333332 0.12104629629629629
3 0.215765625 0.48199999999999993 0.04350520833333334 0.08483333333333334
1 0.44529687500000004 0.4994074074074074 0.0013125 0.010694444444444446
3 0.202484375 0.5038888888888889 0.053911458333333336 0.07731481481481481
3 0.182375 0.5252685185185185 0.045244791666666666 0.07901851851851852
3 0.16198437499999999 0.5345092592592593 0.044468749999999994 0.08586111111111111
3 0.13985416666666667 0.5596481481481481 0.05024479166666666 0.08688888888888889
3 0.12195833333333334 0.5830833333333334 0.05101041666666666 0.07217592592592594
3 0.102625 0.6010462962962962 0.047734375 0.08894444444444445
3 0.08481770833333332 0.6184907407407407 0.042171875 0.07662962962962963
3 0.06625 0.632175925925926 0.040052083333333335 0.08073148148148147
1 0.33127604166666663 0.6335833333333333 0.22005729166666665 0.2665
3 0.042390625 0.6583425925925925 0.035046875000000005 0.08791666666666667
3 0.025651041666666666 0.6711666666666667 0.03619270833333333 0.0930462962962963
3 0.008598958333333333 0.7077777777777777 0.01719270833333333 0.07662962962962963
1 0.6565572916666667 0.7805740740740741 0.37021354166666665 0.40323148148148147
3 0.7220104166666667 0.08703703703703704 0.027921875 0.014814814814814815