5 0.6603333333333333 0.2639351851851852 0.004869791666666666 0.019814814814814813
5 0.6477447916666667 0.26512037037037034 0.0037604166666666667 0.023777777777777776
5 0.6649062499999999 0.2694814814814815 0.0050885416666666666 0.025361111111111112
5 0.6744895833333333 0.2873148148148148 0.006421875 0.02298148148148148
5 0.6816197916666666 0.292462962962963 0.007755208333333334 0.024574074074074075
5 0.69721875 0.29385185185185186 0.006411458333333333 0.021796296296296296
5 0.5663489583333334 0.2999814814814815 0.008192708333333333 0.01867592592592593
3 0.6727604166666666 0.3043888888888889 0.0073124999999999996 0.01349074074074074
5 0.7079166666666666 0.30673148148148144 0.006411458333333333 0.02298148148148148
5 0.5980833333333333 0.30769444444444444 0.011375 0.03977777777777778
3 0.6806614583333332 0.3078796296296296 0.006328125 0.017305555555555557
5 0.6926510416666667 0.3095 0.0093125 0.034870370370370364
5 0.715609375 0.3102962962962963 0.003953125 0.017435185185185182
3 0.6840989583333333 0.31534259259259256 0.008380208333333333 0.019203703703703702
2 0.558578125 0.32689814814814816 0.07531770833333334 0.03930555555555556
3 0.6915520833333333 0.3317777777777778 0.008286458333333333 0.020314814814814817
5 0.6994479166666667 0.3326851851851852 0.007302083333333333 0.03288888888888889
5 0.6190729166666666 0.3414166666666667 0.013552083333333333 0.06972222222222221
0 0.5753645833333334 0.3744722222222222 0.043578125 0.09863888888888889
5 0.627984375 0.37556481481481485 0.018302083333333333 0.09402777777777778
5 0.6727916666666667 0.39922222222222226 0.022541666666666668 0.05681481481481481
0 0.7235312500000001 0.40385185185185185 0.04601041666666667 0.13279629629629627
0 0.5959062500000001 0.4124259259259259 0.050416666666666665 0.1396388888888889
3 0.7613020833333334 0.43254629629629626 0.04448958333333333 0.01700925925925926
3 0.7668489583333333 0.4488240740740741 0.046427083333333334 0.018490740740740738
5 0.6960104166666666 0.44899074074074075 0.022432291666666666 0.06549999999999999
3 0.776 0.4558425925925926 0.04115625 0.01824074074074074
3 0.6705104166666668 0.46064814814814814 0.017427083333333333 0.05934259259259259
3 0.5860208333333333 0.46800925925925924 0.06244791666666667 0.05556481481481481
3 0.7753072916666667 0.4686666666666667 0.044760416666666664 0.015777777777777776
3 0.776484375 0.4788981481481482 0.058208333333333334 0.01651851851851852
3 0.5516822916666667 0.48846296296296293 0.06245833333333333 0.020759259259259262
3 0.5497395833333333 0.5057962962962963 0.070765625 0.020101851851851853
3 0.7943072916666666 0.5065185185185185 0.05404166666666667 0.029824074074074076
3 0.758671875 0.5066296296296297 0.027296874999999998 0.03155555555555555
3 0.5498385416666667 0.5202592592592593 0.06461979166666666 0.024333333333333335
3 0.8333906249999999 0.5209074074074075 0.054828125 0.025611111111111112
3 0.6906614583333333 0.5267407407407407 0.0219375 0.10085185185185186
3 0.8482916666666667 0.5386296296296297 0.05067708333333333 0.028777777777777777
3 0.7762604166666667 0.5395092592592592 0.04991666666666667 0.03964814814814815
3 0.53971875 0.5525185185185185 0.07214583333333334 0.044425925925925924
3 0.8651614583333332 0.5550462962962963 0.06374479166666666 0.027546296296296298
3 0.4732708333333333 0.5667962962962962 0.084828125 0.03843518518518518
3 0.79665625 0.5753055555555556 0.050708333333333334 0.04105555555555556
3 0.872296875 0.5788148148148148 0.06829687499999999 0.034027777777777775
3 0.46177083333333335 0.6013518518518519 0.087609375 0.054648148148148154
3 0.876859375 0.6031296296296296 0.056749999999999995 0.026472222222222223
3 0.9216770833333333 0.6193333333333333 0.06313541666666667 0.0632037037037037
3 0.43935416666666666 0.6272685185185186 0.09038541666666666 0.05077777777777778
3 0.8121458333333333 0.6282407407407408 0.086546875 0.06266666666666668
3 0.8460208333333333 0.654712962962963 0.09048437499999999 0.05617592592592593
3 0.964359375 0.6582222222222223 0.07010416666666666 0.06644444444444444
3 0.0200625 0.6624814814814814 0.040125 0.1382962962962963
3 0.4322135416666667 0.6706388888888889 0.107046875 0.08321296296296296
5 0.6014427083333334 0.6762407407407408 0.043453125 0.24724074074074073
3 0.8622708333333333 0.6838796296296297 0.08166666666666668 0.032407407407407406
5 0.15261979166666664 0.7078240740740741 0.06948958333333333 0.2873518518518518
3 0.36021875 0.7083611111111111 0.11378645833333333 0.10860185185185185
5 0.37027604166666667 0.7087222222222221 0.09173437499999999 0.27391666666666664
3 0.8697239583333333 0.7168333333333333 0.09474999999999999 0.05617592592592593
3 0.9714427083333333 0.7268888888888888 0.05645833333333334 0.08675
3 0.9806875 0.7548240740740741 0.03354166666666667 0.06769444444444445
3 0.8677499999999999 0.7573518518518519 0.10355729166666668 0.06590740740740741
3 0.5871822916666667 0.7591666666666667 0.11720833333333333 0.2049537037037037
3 0.9806875 0.7995185185185185 0.025411458333333335 0.07689814814814815
3 0.8680052083333333 0.8323611111111111 0.13758854166666667 0.11560185185185184
3 0.8882552083333334 0.8940185185185184 0.08016145833333334 0.09183333333333334