5 0.649421875 0.2542962962962963 0.004119791666666667 0.021166666666666667
5 0.673 0.28738888888888886 0.006848958333333334 0.017805555555555557
5 0.6898229166666667 0.29558333333333336 0.00525 0.017092592592592593
5 0.5708385416666667 0.2977222222222222 0.007651041666666666 0.018518518518518517
5 0.7063958333333333 0.30342592592592593 0.007005208333333333 0.023777777777777776
3 0.673 0.30377777777777776 0.006046874999999999 0.014953703703703702
5 0.6931666666666667 0.3099351851851852 0.012359375 0.02627777777777778
3 0.682015625 0.3116111111111111 0.011260416666666667 0.020657407407407406
2 0.5572812500000001 0.31700925925925927 0.06861979166666667 0.020351851851851854
5 0.6070885416666666 0.3222962962962963 0.011963541666666666 0.04487037037037037
3 0.69203125 0.3322685185185185 0.008057291666666667 0.022083333333333333
0 0.5760729166666666 0.3763240740740741 0.047447916666666666 0.09920370370370371
0 0.5931822916666667 0.4027777777777778 0.05934375 0.1256574074074074
5 0.697328125 0.4093981481481481 0.031036458333333336 0.07010185185185185
0 0.7241145833333333 0.41071296296296295 0.04441666666666667 0.14417592592592593
3 0.7658281250000001 0.43849074074074074 0.05071875 0.02512962962962963
3 0.7781041666666667 0.4596574074074074 0.049979166666666665 0.027777777777777776
3 0.7006979166666666 0.47641666666666665 0.014244791666666668 0.07275
3 0.5857552083333334 0.47685185185185186 0.06234375 0.06216666666666667
3 0.7781041666666667 0.480824074074074 0.06039583333333333 0.019842592592592592
3 0.5496770833333334 0.4966944444444444 0.073515625 0.059527777777777784
3 0.7818229166666666 0.501324074074074 0.06783854166666667 0.0582037037037037
3 0.83278125 0.5158703703703703 0.06413541666666667 0.05026851851851852
3 0.5500468749999999 0.535712962962963 0.077234375 0.10582407407407408
3 0.8472864583333333 0.5376944444444445 0.061911458333333336 0.04100925925925926
3 0.7747552083333333 0.5548981481481481 0.049234375000000004 0.08068518518518518
3 0.8688645833333334 0.5588611111111111 0.07977083333333333 0.05687962962962963
3 0.5366562500000001 0.5621666666666667 0.08914583333333333 0.10846296296296297
3 0.7959583333333333 0.5734166666666667 0.061890625 0.06216666666666667
3 0.43288541666666663 0.5853148148148148 0.04529166666666666 0.06746296296296296
3 0.8736979166666666 0.5939166666666666 0.06861458333333334 0.05555555555555555
3 0.4998333333333333 0.6018518518518519 0.05121875 0.08200925925925925
3 0.4180052083333334 0.6137592592592592 0.064640625 0.0582037037037037
3 0.9220520833333333 0.6316111111111111 0.06416666666666666 0.06216666666666667
3 0.8126979166666667 0.6395462962962963 0.09239583333333333 0.1124351851851852
5 0.15125 0.6398148148148148 0.058015625 0.2462962962962963
3 0.40609895833333337 0.6534351851851852 0.07208333333333333 0.12962962962962962
3 0.02127604166666667 0.6678240740740741 0.039109375 0.1412037037037037
3 0.8618020833333334 0.6845277777777777 0.11027083333333333 0.10713888888888888
3 0.964421875 0.6884907407407408 0.07116145833333333 0.11772222222222223
5 0.47052083333333333 0.6948333333333333 0.06305729166666667 0.31712962962962965
5 0.211234375 0.7056296296296297 0.07140104166666666 0.2816388888888889
5 0.3377291666666667 0.7141203703703703 0.08654166666666667 0.29398148148148145
3 0.393828125 0.7242037037037037 0.07283333333333333 0.09920370370370371
3 0.873328125 0.7295 0.10655208333333334 0.09126851851851851
3 0.9726041666666667 0.751324074074074 0.05479166666666667 0.12962962962962962
3 0.9844375 0.751324074074074 0.031125 0.04100925925925926
3 0.979046875 0.816462962962963 0.04190625 0.11971296296296295
3 0.8688697916666667 0.8412685185185186 0.14077083333333332 0.17725000000000002
3 0.880765625 0.8955 0.07531249999999999 0.09787962962962962