5 0.6411770833333333 0.25925925925925924 0.0038750000000000004 0.020370370370370372
5 0.6524375 0.26058333333333333 0.006244791666666667 0.023805555555555555
5 0.6662031249999999 0.27943518518518523 0.0047552083333333335 0.032407407407407406
5 0.6580208333333334 0.28075 0.004015625 0.028435185185185185
5 0.6615520833333334 0.28703703703703703 0.002895833333333333 0.03438888888888889
5 0.6435104166666666 0.2929907407407408 0.0069947916666666665 0.042324074074074076
5 0.5573854166666667 0.298787037037037 0.011916666666666666 0.024925925925925928
5 0.635140625 0.29894444444444446 0.01034375 0.054231481481481485
5 0.696453125 0.30035185185185187 0.008171875 0.01273148148148148
2 0.5583802083333332 0.3158796296296296 0.07080208333333333 0.05057407407407407
1 0.6952291666666667 0.3494351851851852 0.05408854166666666 0.09537037037037037
0 0.7299739583333333 0.3681759259259259 0.03433854166666667 0.09930555555555555
3 0.580015625 0.3721481481481482 0.04435416666666667 0.05057407407407407
3 0.758703125 0.4305555555555556 0.044703124999999996 0.016833333333333332
3 0.764859375 0.44023148148148145 0.05701041666666666 0.01262962962962963
3 0.77125 0.4526481481481482 0.05890104166666667 0.01473148148148148
3 0.5748072916666668 0.45619444444444446 0.041953125 0.057694444444444444
3 0.7717239583333334 0.46337962962962964 0.050854166666666666 0.014305555555555556
3 0.7782291666666666 0.4783240740740741 0.06576041666666667 0.02146296296296296
3 0.5551770833333334 0.4900277777777778 0.07 0.031342592592592596
3 0.7829635416666666 0.4968425925925926 0.06859895833333333 0.018935185185185183
3 0.5495677083333333 0.5078333333333334 0.07240625 0.029916666666666668
3 0.545359375 0.5217222222222223 0.07761458333333333 0.04201851851851852
3 0.8338541666666667 0.5218888888888888 0.06100520833333333 0.037879629629629624
3 0.7759843750000001 0.5343055555555555 0.04280208333333334 0.05261111111111111
3 0.8568281249999999 0.554712962962963 0.06102083333333333 0.02273148148148148
5 0.13779166666666667 0.5601851851851852 0.053473958333333335 0.125
3 0.5363489583333333 0.5605370370370371 0.08763020833333333 0.07692592592592593
3 0.792921875 0.5679722222222222 0.051578125 0.06355555555555556
3 0.4752604166666667 0.5715833333333333 0.09527083333333333 0.06766666666666667
3 0.8627447916666667 0.5749166666666666 0.06764583333333334 0.025249999999999998
3 0.45543229166666666 0.599 0.09808333333333333 0.07976851851851853
3 0.8715052083333333 0.6016388888888888 0.049651041666666666 0.035777777777777776
3 0.92028125 0.6170648148148148 0.06276041666666667 0.059527777777777784
3 0.8060520833333332 0.6260555555555556 0.08684375000000001 0.07449074074074075
3 0.8510260416666667 0.6519351851851852 0.08493229166666666 0.05724074074074074
3 0.023020833333333334 0.6631944444444444 0.04604166666666667 0.1412037037037037
3 0.4259010416666667 0.6647407407407407 0.11538020833333333 0.10416666666666667
3 0.9624947916666666 0.6726203703703704 0.05865625 0.07804629629629631
3 0.8588333333333333 0.6830833333333334 0.08966145833333333 0.06902777777777777
3 0.35640625 0.7027777777777777 0.1155625 0.13703703703703704
3 0.8691302083333333 0.7144351851851852 0.09083854166666666 0.0534537037037037
3 0.9673333333333333 0.7261944444444444 0.048239583333333336 0.0793611111111111
3 0.9822083333333332 0.7546296296296297 0.035578125 0.07275
3 0.9838854166666666 0.7943148148148148 0.030744791666666667 0.05687962962962963
3 0.8690104166666667 0.7981944444444444 0.13415625 0.11826851851851852