5 0.029074218750000002 0.75 0.044191406249999995 0.24536805555555555
5 0.85024609375 0.3008402777777778 0.006621093749999999 0.04763194444444445
5 0.8708203125 0.30522222222222223 0.0078984375 0.0198125
5 0.8902148437499999 0.3080763888888889 0.0051796875 0.036201388888888894
5 0.8950390625000001 0.3092222222222222 0.0027460937500000003 0.03696527777777778
4 0.93371875 0.31627083333333333 0.03509375 0.08688194444444444
5 0.86096484375 0.3168402777777778 0.006617187500000001 0.05220138888888889
5 0.9047890625000001 0.32122222222222224 0.00595703125 0.041152777777777774
5 0.8392109375000001 0.3317013888888889 0.00855078125 0.058298611111111114
5 0.87264453125 0.34847222222222224 0.00596875 0.06972916666666666
5 0.8339453125 0.37800000000000006 0.008734374999999999 0.05029861111111111
5 0.82548046875 0.38638194444444446 0.0076679687499999994 0.0434375
5 0.8188359374999999 0.38734027777777774 0.013332031250000001 0.06668055555555555
5 0.794296875 0.39267361111111115 0.0113203125 0.06744444444444445
4 0.13166796875 0.5555555555555556 0.2633359375 0.3333333333333333