5 0.22040625 0.19441666666666665 0.0073124999999999996 0.03152777777777777
5 0.22794791666666667 0.2009351851851852 0.008531249999999999 0.02935185185185185
5 0.1645625 0.2076388888888889 0.010182291666666668 0.026814814814814816
4 0.18891666666666668 0.24351851851851852 0.07844791666666667 0.14712037037037035
5 0.24201041666666667 0.25257407407407406 0.01708854166666667 0.06885185185185184
4 0.32415625 0.26899074074074075 0.11522395833333333 0.19894444444444445
5 0.47451041666666666 0.27282407407407405 0.023583333333333335 0.07587037037037037
1 0.4106197916666667 0.2757962962962963 0.101734375 0.09922222222222223
5 0.487296875 0.2862777777777778 0.024942708333333334 0.10547222222222222
3 0.24629166666666666 0.3049444444444444 0.018781250000000003 0.04747222222222223
3 0.5652135416666667 0.3201481481481481 0.04759895833333334 0.09868518518518518
5 0.4544635416666667 0.3271574074074074 0.050041666666666665 0.12962962962962962
5 0.19024479166666666 0.3274074074074074 0.027703125 0.05906481481481481
3 0.5896927083333333 0.32933333333333337 0.042317708333333336 0.10097222222222221
3 0.6185052083333333 0.33755555555555555 0.046796874999999995 0.10519444444444444
3 0.6366927083333334 0.33825 0.04830729166666667 0.10282407407407407
3 0.6582604166666666 0.3508981481481482 0.053807291666666666 0.1040925925925926
3 0.6764583333333333 0.36486111111111114 0.063625 0.10273148148148148
3 0.6960468750000001 0.3740462962962963 0.05963020833333333 0.11288888888888889
3 0.723015625 0.3848703703703704 0.04936979166666667 0.1158425925925926
5 0.30835416666666665 0.3964444444444445 0.031552083333333335 0.08117592592592593
3 0.752078125 0.3971574074074074 0.05711979166666667 0.11587962962962964
5 0.27798958333333335 0.40078703703703705 0.030744791666666667 0.08625000000000001
3 0.7719583333333334 0.4026111111111111 0.054265625 0.12562962962962965
3 0.8089270833333334 0.41762962962962963 0.0568125 0.1231388888888889
3 0.8352864583333334 0.4330462962962963 0.052510416666666664 0.12576851851851853
3 0.8544583333333333 0.4482962962962963 0.060421875 0.11495370370370371
3 0.8878281250000001 0.45616666666666666 0.04578645833333333 0.13265740740740742
5 0.9239791666666667 0.47605555555555557 0.02685416666666667 0.1922314814814815
5 0.9367916666666667 0.4767314814814815 0.02203125 0.16018518518518518
3 0.8974427083333333 0.4809259259259259 0.03125520833333333 0.11562037037037037
5 0.9579895833333333 0.4972777777777777 0.031635416666666666 0.1838425925925926
5 0.205109375 0.5018981481481481 0.06253125 0.24307407407407405
3 0.9934635416666667 0.5242222222222221 0.011385416666666667 0.07232407407407407
3 0.9519739583333333 0.5712037037037037 0.096046875 0.14956481481481482
3 0.15127604166666667 0.7895092592592592 0.181359375 0.28858333333333336