5 0.7337734375 0.16040277777777778 0.0038593750000000004 0.01934722222222222
5 0.7485625 0.1618888888888889 0.002921875 0.019583333333333335
5 0.6917500000000001 0.1817638888888889 0.009296875 0.027180555555555555
5 0.7170468750000001 0.18361111111111109 0.00646875 0.02423611111111111
5 0.70896875 0.18809722222222222 0.0064765625 0.03322222222222222
5 0.7304296875 0.19547222222222224 0.01 0.03861111111111111
1 0.781875 0.19668055555555558 0.04121875 0.03323611111111111
5 0.713453125 0.20270833333333332 0.007921875 0.042666666666666665
5 0.616515625 0.2255 0.0145078125 0.05718055555555556
5 0.6019609375 0.2986111111111111 0.022593750000000003 0.11018055555555556
5 0.122015625 0.4558055555555556 0.044664062500000004 0.14394444444444446
3 0.127 0.5082083333333334 0.084578125 0.137625