5 0.78718359375 0.08359722222222223 0.0086484375 0.04220138888888889
1 0.84996875 0.09241666666666667 0.0488828125 0.034187499999999996
3 0.7225937499999999 0.09375 0.024894531249999997 0.027243055555555555
3 0.7069687499999999 0.09775694444444445 0.02490234375 0.013888888888888888
3 0.7188359375 0.10095833333333333 0.02399609375 0.035256944444444445
5 0.8173828125 0.10100694444444444 0.011640625 0.050506944444444445
3 0.6901484375 0.10202777777777777 0.01169140625 0.016027777777777776
1 0.8568789062500001 0.10309722222222223 0.0584921875 0.03845833333333334
3 0.66806640625 0.11591666666666665 0.0228125 0.017097222222222222
1 0.8706992187499999 0.1252638888888889 0.04046484375 0.03258333333333333
3 0.65973828125 0.13541666666666666 0.033 0.03977083333333334
5 0.81826953125 0.16224999999999998 0.01696484375 0.058083333333333334
3 0.57878125 0.16666666666666666 0.0331796875 0.043402777777777776
4 0.716359375 0.17455555555555557 0.12493749999999999 0.2228541666666667
5 0.09091796875 0.48842361111111116 0.0350703125 0.09259027777777779
5 0.8198945312499999 0.5089305555555556 0.05009765625 0.15872916666666667
0 0.7811796875 0.051819444444444446 0.01958984375 0.03204861111111111
5 0.79364453125 0.05261805555555555 0.00654296875 0.03365277777777778
5 0.766890625 0.5208333333333334 0.05011718750000001 0.14285416666666667
3 0.72634765625 0.06730555555555556 0.0173828125 0.022437500000000003