4 0.7268203125 0.14863888888888888 0.022343750000000002 0.042930555555555555
5 0.7116171875 0.1710972222222222 0.006617187500000001 0.023125
5 0.7542421874999999 0.17377777777777778 0.00234375 0.019875
1 0.7253671875000001 0.1753333333333333 0.0153671875 0.027986111111111107
5 0.7586171875 0.17593055555555556 0.00296875 0.02334722222222222
3 0.711421875 0.17998611111111112 0.0032578125 0.009791666666666667
5 0.7482265625 0.18502777777777776 0.0059375 0.030708333333333334
5 0.6294531250000001 0.18536111111111112 0.0120546875 0.04833333333333333
5 0.6651328125 0.18733333333333332 0.0084921875 0.042805555555555555
5 0.6881796875 0.22904166666666667 0.007601562500000001 0.05056944444444444
5 0.6810703124999999 0.2351388888888889 0.0109921875 0.06761111111111111