3 0.7380104166666667 0.09325 0.013697916666666667 0.023805555555555555
5 0.622828125 0.9290092592592593 0.11941145833333335 0.14197222222222222
3 0.7222031250000001 0.10582407407407408 0.021515625 0.04100925925925926
3 0.7182968750000001 0.11375925925925925 0.024864583333333336 0.051583333333333335
3 0.7126510416666666 0.12644444444444444 0.012307291666666666 0.03646296296296297
0 0.7544687499999999 0.1380185185185185 0.038656249999999996 0.08623148148148148
0 0.6693593750000001 0.13917592592592593 0.05138020833333334 0.09549074074074074
5 0.69775 0.14351851851851852 0.017427083333333333 0.08333333333333333
3 0.6595989583333334 0.17303703703703704 0.03315625 0.046296296296296294
3 0.756609375 0.17658333333333334 0.019786458333333333 0.04100925925925926
5 0.7370364583333333 0.18324074074074076 0.029552083333333333 0.06076851851851851
3 0.6221718749999999 0.18576851851851853 0.027963541666666664 0.046296296296296294
3 0.60403125 0.18939814814814815 0.031588541666666664 0.0656574074074074
3 0.5907760416666666 0.20033333333333334 0.029697916666666668 0.06397222222222222
3 0.49278125 0.20412037037037037 0.04015104166666667 0.05808333333333333
3 0.57396875 0.20875 0.036807291666666665 0.06397222222222222
5 0.6489270833333334 0.21933333333333332 0.021348958333333334 0.12152777777777778
3 0.558109375 0.22685185185185186 0.047697916666666666 0.05471296296296296
3 0.6926145833333333 0.2285925925925926 0.055614583333333335 0.07149074074074073
3 0.5327864583333334 0.23274074074074075 0.03966145833333334 0.041249999999999995
1 0.7302604166666666 0.24180555555555552 0.10046354166666666 0.05199074074074074
3 0.528375 0.25499074074074074 0.04315625 0.057129629629629634
5 0.4099375 0.25715740740740745 0.020296875 0.06818518518518518
3 0.48568229166666665 0.2655740740740741 0.046781249999999996 0.02946296296296296
3 0.511953125 0.2664166666666667 0.05670833333333333 0.06144444444444445
3 0.47266145833333334 0.27525 0.048203125 0.045453703703703704
3 0.42728645833333334 0.28703703703703703 0.012963541666666667 0.03935185185185185
1 0.69640625 0.30127777777777776 0.16897395833333334 0.09828703703703705
3 0.4655625 0.3068148148148148 0.04820833333333333 0.07154629629629629
3 0.43084375 0.3275462962962963 0.059145833333333335 0.0763888888888889
2 0.3338177083333333 0.35030555555555554 0.13514062500000001 0.26851851851851855
5 0.24563020833333335 0.40782407407407406 0.034484375 0.12037037037037036
1 0.6670833333333334 0.4212962962962963 0.2356927083333333 0.24382407407407405
5 0.23427083333333334 0.4313981481481482 0.025020833333333332 0.08164814814814815
5 0.18409375 0.44275925925925924 0.019359375 0.033666666666666664
3 0.248234375 0.4837962962962963 0.022041666666666668 0.05555555555555555
3 0.17305208333333333 0.49248148148148146 0.025322916666666664 0.07291666666666667
5 0.22533854166666664 0.5061759259259259 0.05359895833333333 0.16666666666666666
5 0.14219791666666665 0.5159907407407407 0.030265625 0.08922222222222222
5 0.11829166666666667 0.5420833333333334 0.024119791666666668 0.0707037037037037
5 0.17414583333333333 0.5475555555555556 0.050609375 0.15403703703703706
5 0.20104166666666667 0.5493796296296297 0.04666666666666666 0.16666666666666666
3 0.09233854166666666 0.5636574074074074 0.029260416666666667 0.06481481481481481
5 0.7493541666666667 0.058527777777777776 0.010484374999999999 0.03373148148148148
3 0.07834374999999999 0.6012777777777778 0.02340625 0.047453703703703706
3 0.10371354166666666 0.6475740740740741 0.10799479166666666 0.13541666666666666
5 0.039614583333333335 0.6481481481481481 0.04672395833333333 0.16049074074074074
3 0.021718750000000002 0.6678240740740741 0.02734375 0.125
3 0.7512760416666667 0.7669722222222223 0.16449479166666667 0.22530555555555556