1 0.11370833333333333 0.2326388888888889 0.054765625000000005 0.04398148148148148
4 0.19559895833333335 0.25026851851851856 0.08794270833333333 0.16019444444444444
5 0.376375 0.26137962962962963 0.018510416666666665 0.08361111111111111
3 0.4715520833333333 0.2773055555555556 0.05463020833333333 0.05260185185185185
4 0.32590625 0.28574074074074074 0.09597395833333335 0.23225
3 0.25435416666666666 0.32952777777777775 0.03891666666666667 0.08037037037037037
5 0.28367187499999996 0.33313888888888893 0.027713541666666668 0.1396851851851852
5 0.48181250000000003 0.3421851851851852 0.03607291666666667 0.17171296296296296
5 0.20359895833333336 0.4996851851851852 0.06826041666666667 0.2891018518518519
2 0.6028645833333334 0.5235833333333334 0.15240625 0.3000833333333333
2 0.8555104166666666 0.7623148148148148 0.28897395833333334 0.44985185185185184
3 0.24809895833333334 0.8446296296296296 0.10508333333333333 0.31075