5 0.23053125 0.19784259259259257 0.007276041666666667 0.038064814814814815
4 0.11699999999999999 0.20676851851851852 0.044890624999999997 0.07039814814814815
4 0.19325520833333334 0.24353703703703702 0.07717708333333334 0.15019444444444446
4 0.3251041666666667 0.2839537037037037 0.11494270833333334 0.23624074074074072
3 0.6188958333333333 0.33766666666666667 0.043729166666666666 0.09751851851851852
3 0.6345885416666667 0.34626851851851853 0.05634895833333333 0.10012962962962962
3 0.6624479166666667 0.3540925925925926 0.051666666666666666 0.10325925925925926
3 0.7187604166666667 0.38981481481481484 0.06341666666666666 0.10482407407407407
5 0.78478125 0.4242314814814815 0.025828125 0.09125925925925926
3 0.8270260416666667 0.43466666666666665 0.062203125000000005 0.11212037037037037
5 0.992421875 0.44275000000000003 0.015151041666666667 0.08552777777777779
5 0.8733593749999999 0.4623055555555556 0.02938020833333333 0.07875
5 0.9141197916666666 0.467 0.029265625 0.09438888888888888
3 0.9950625 0.5353148148148148 0.009869791666666666 0.09125925925925926