5 0.23505729166666667 0.20853703703703705 0.012604166666666666 0.042
5 0.13873958333333333 0.20951851851851852 0.004875 0.03625
5 0.142296875 0.21856481481481482 0.009276041666666667 0.051250000000000004
1 0.11086979166666668 0.23416666666666666 0.05625 0.05171296296296297
5 0.24467187499999998 0.2407685185185185 0.01425 0.07130555555555557
5 0.27543229166666666 0.24613888888888888 0.013140625 0.06837037037037037
5 0.6527395833333334 0.2526111111111111 0.019052083333333334 0.08049074074074075
4 0.19484895833333335 0.2539814814814815 0.075375 0.15826851851851853
3 0.46452604166666667 0.2723888888888889 0.03959375 0.04968518518518518
5 0.4355572916666667 0.27398148148148144 0.015817708333333333 0.04786111111111111
4 0.3267864583333333 0.28521296296296295 0.10265624999999999 0.23441666666666666
3 0.6391041666666666 0.3275277777777778 0.033234375000000003 0.06642592592592592
5 0.8011145833333334 0.3342685185185185 0.0259375 0.06988888888888889
3 0.6489166666666667 0.3515277777777778 0.03541145833333333 0.07951851851851852
3 0.6655572916666667 0.3646203703703704 0.03760416666666667 0.0785462962962963
3 0.680828125 0.36946296296296294 0.03977604166666667 0.07466666666666667
3 0.72159375 0.3811018518518518 0.04439583333333333 0.07757407407407407
3 0.746953125 0.38280555555555557 0.05038541666666666 0.07903703703703703
5 0.7026822916666667 0.38425925925925924 0.04647916666666666 0.17592592592592593
3 0.7665885416666666 0.39249999999999996 0.03838020833333333 0.06061111111111111
2 0.564671875 0.42747222222222225 0.15242187499999998 0.23148148148148148
2 0.869140625 0.8017314814814814 0.25824479166666664 0.3965462962962963
3 0.24877083333333333 0.8395092592592592 0.10740104166666667 0.3209814814814815