3 0.719015625 0.1126388888888889 0.02461979166666667 0.049055555555555554
3 0.735953125 0.11551851851851852 0.014437499999999999 0.04989814814814815
3 0.7099947916666667 0.11676851851851852 0.027369791666666664 0.04663888888888889
3 0.7119114583333332 0.1272037037037037 0.010526041666666668 0.03152777777777777
3 0.7009375 0.13410185185185186 0.011317708333333334 0.03582407407407407
0 0.6693020833333333 0.13722222222222222 0.05269270833333333 0.09376851851851851
0 0.7543958333333334 0.13748148148148148 0.03596354166666667 0.08210185185185186
3 0.6302447916666666 0.15546296296296297 0.023848958333333333 0.032
3 0.6214947916666667 0.17710185185185187 0.034505208333333336 0.05447222222222222
3 0.7063333333333334 0.18133333333333335 0.01346875 0.055842592592592596
3 0.6033437500000001 0.18513888888888888 0.028317708333333334 0.05932407407407407
3 0.7453854166666667 0.19026851851851853 0.0455 0.05801851851851852
3 0.6997187500000001 0.19892592592592592 0.021255208333333334 0.03162037037037037
3 0.5837447916666666 0.20065740740740742 0.03856770833333333 0.062481481481481485
3 0.571078125 0.21219444444444444 0.03858854166666667 0.06562962962962962
3 0.7074947916666667 0.21339814814814814 0.034390625 0.05025925925925926
3 0.559140625 0.22056481481481482 0.045078125 0.06065740740740741
3 0.5375104166666667 0.23810185185185184 0.04271354166666667 0.07492592592592592
3 0.5267083333333333 0.25037037037037035 0.04386979166666667 0.0677962962962963
1 0.7310052083333333 0.2536481481481481 0.10026041666666667 0.08152777777777777
3 0.5146666666666666 0.2577777777777778 0.04469270833333334 0.08113888888888889
1 0.6356510416666666 0.2682592592592593 0.122015625 0.15952777777777777
3 0.4891041666666667 0.2718518518518519 0.04386979166666667 0.07585185185185185
3 0.4108385416666666 0.2846018518518519 0.045984375 0.07762037037037037
3 0.472421875 0.2851666666666667 0.045296875 0.0781574074074074
3 0.42140625000000004 0.2868796296296296 0.032984374999999996 0.039064814814814816
3 0.46304687499999997 0.29439814814814813 0.049640625 0.07932407407407407
1 0.6962760416666666 0.3062314814814815 0.17411458333333335 0.10867592592592593
3 0.4313854166666667 0.31504629629629627 0.04749479166666667 0.08191666666666667
1 0.6685572916666668 0.43100925925925926 0.23196354166666666 0.23478703703703704
5 0.21231770833333333 0.44999074074074075 0.026515624999999998 0.10087962962962964
3 0.23863020833333334 0.45814814814814814 0.04040625 0.09873148148148148
3 0.17855729166666665 0.5124166666666666 0.03569270833333334 0.11299074074074074
3 0.22414583333333335 0.5197129629629629 0.08073958333333334 0.13946296296296296
3 0.1619375 0.5217314814814815 0.04634895833333333 0.11418518518518518
3 0.10806249999999999 0.5512222222222223 0.026630208333333336 0.06500925925925925
5 0.1313125 0.5641203703703703 0.03925520833333333 0.14930555555555555
3 0.14919791666666665 0.5680833333333333 0.03491145833333333 0.07377777777777779
3 0.092109375 0.5703055555555555 0.027484375000000002 0.06870370370370371
5 0.062953125 0.6206296296296296 0.03446354166666667 0.15035185185185185
3 0.04999479166666666 0.6354351851851852 0.04070833333333333 0.11541666666666667
3 0.11186979166666666 0.6375 0.07413020833333334 0.15714814814814815
5 0.035062499999999996 0.6469166666666666 0.040854166666666664 0.15378703703703703
3 0.020838541666666665 0.6727962962962963 0.03402083333333333 0.12355555555555556
3 0.008208333333333333 0.7009351851851852 0.016416666666666666 0.09114814814814814
1 0.6552708333333332 0.7811296296296296 0.36611458333333335 0.4094814814814815