3 0.7135 0.10487962962962963 0.033421875000000004 0.051638888888888894
3 0.7098854166666667 0.11794444444444444 0.029406250000000002 0.046435185185185184
0 0.7567239583333334 0.12668518518518518 0.037734375 0.0900648148148148
3 0.6893385416666666 0.12765740740740741 0.03478125 0.045203703703703704
3 0.6828489583333333 0.13692592592592592 0.029416666666666664 0.048074074074074075
3 0.67984375 0.1444074074074074 0.019005208333333336 0.035972222222222225
1 0.5922135416666666 0.1801388888888889 0.12916145833333334 0.12458333333333334
3 0.7475416666666667 0.18199074074074076 0.047328125000000006 0.03232407407407407
5 0.6703489583333333 0.19915740740740742 0.021166666666666667 0.1
3 0.49491145833333333 0.20454629629629628 0.04440625 0.06734259259259259
3 0.7242968750000001 0.21792592592592594 0.04863541666666667 0.05201851851851852
5 0.37579166666666663 0.2803055555555556 0.02409375 0.10100925925925926
2 0.68096875 0.32252777777777775 0.20097395833333334 0.21913888888888888
5 0.3195104166666667 0.3960185185185185 0.029265625 0.1400462962962963
5 0.28339583333333335 0.4054814814814815 0.036145833333333335 0.13837037037037037
5 0.25478125 0.4546296296296296 0.027369791666666664 0.0808611111111111
5 0.228265625 0.46424074074074073 0.03397395833333334 0.1474537037037037
3 0.20522395833333332 0.4787037037037037 0.0516875 0.10601851851851851
3 0.16163020833333333 0.5174074074074073 0.04941145833333334 0.12785185185185186
5 0.07271354166666667 0.5797037037037037 0.049604166666666664 0.13919444444444445
3 0.11259375 0.582712962962963 0.042296875 0.1111111111111111
5 0.04367708333333333 0.6049351851851852 0.05030729166666667 0.16419444444444445
3 0.01903125 0.6703703703703704 0.03781770833333333 0.11975000000000001
3 0.6490781250000001 0.7160462962962963 0.16063020833333336 0.19444444444444445
3 0.7268333333333333 0.08580555555555555 0.02425 0.018518518518518517