5 0.7134166666666667 0.10972222222222222 0.012473958333333333 0.06759259259259259
0 0.6693125 0.12793518518518518 0.055515625 0.07623148148148148
5 0.6599791666666667 0.13594444444444445 0.012963541666666667 0.050509259259259254
0 0.7533697916666667 0.1388888888888889 0.039828125 0.08518518518518518
5 0.724734375 0.1425925925925926 0.015885416666666666 0.04197222222222222
5 0.6808072916666668 0.14625 0.01390625 0.08123148148148149
5 0.7393125 0.14784259259259258 0.011020833333333334 0.052472222222222226
5 0.6486145833333333 0.1479351851851852 0.014864583333333332 0.04671296296296296
5 0.7065104166666667 0.15833333333333333 0.012072916666666666 0.05
5 0.5823645833333334 0.16012962962962962 0.011317708333333334 0.03486111111111111
5 0.7537187500000001 0.16944444444444445 0.02177604166666667 0.06481481481481481
5 0.627078125 0.17402777777777775 0.017713541666666666 0.09553703703703705
5 0.6142968750000001 0.1792962962962963 0.012510416666666666 0.07912037037037037
3 0.7117135416666667 0.1824074074074074 0.04053645833333333 0.02160185185185185
3 0.563390625 0.18791666666666665 0.014875 0.03998148148148148
5 0.6049322916666667 0.19044444444444444 0.016515625 0.09806481481481481
5 0.6513385416666666 0.20033333333333334 0.011786458333333333 0.07575925925925925
5 0.6603333333333333 0.20707407407407405 0.01509375 0.0656574074074074
3 0.492875 0.20868518518518517 0.032739583333333336 0.05127777777777778
5 0.57759375 0.21106481481481482 0.016760416666666667 0.09637962962962963
5 0.6419895833333332 0.21717592592592594 0.020072916666666666 0.07744444444444444
3 0.5531979166666667 0.22096296296296294 0.032364583333333335 0.07575925925925925
5 0.67346875 0.22180555555555556 0.024796875 0.06649999999999999
3 0.5896666666666667 0.2239074074074074 0.014864583333333332 0.045453703703703704
3 0.5373385416666667 0.24032407407407408 0.03284375 0.07912037037037037
3 0.5334322916666667 0.2436851851851852 0.042078125 0.07238888888888889
1 0.7358281249999999 0.2488425925925926 0.11571875000000001 0.06481481481481481
3 0.5179322916666667 0.254 0.04232291666666667 0.08207407407407408
5 0.6186614583333333 0.2678888888888889 0.023609375 0.10985185185185185
3 0.49628125 0.27635185185185185 0.041953125 0.07264814814814814
3 0.64565625 0.28156481481481477 0.04681770833333333 0.06144444444444445
3 0.47324479166666666 0.2856111111111111 0.0455625 0.07835185185185185
3 0.40835416666666663 0.28703703703703703 0.04238541666666666 0.0840462962962963
3 0.4646354166666667 0.2923796296296296 0.04756770833333333 0.07905555555555555
1 0.6967656249999999 0.3072962962962963 0.1899375 0.10069444444444445
3 0.4492552083333334 0.30966666666666665 0.06393229166666667 0.08230555555555556
1 0.6644791666666666 0.4089537037037037 0.23395833333333332 0.20062037037037037
3 0.23744791666666665 0.4635462962962963 0.052557291666666665 0.0798611111111111
2 0.16597916666666668 0.6010833333333333 0.2174375 0.2669722222222222
3 0.039572916666666666 0.6539351851851852 0.04091666666666667 0.125
3 0.024276041666666668 0.66725 0.038968749999999996 0.11689814814814815
5 0.7528281250000001 0.06889814814814814 0.010338541666666668 0.02014814814814815
3 0.7251041666666667 0.06917592592592592 0.008203125 0.017425925925925925
3 0.008864583333333334 0.7048611111111112 0.017723958333333335 0.09027777777777778
3 0.72096875 0.07543518518518519 0.012187499999999999 0.017972222222222223
1 0.6540520833333333 0.7716018518518519 0.36588020833333335 0.43210185185185185
5 0.7460885416666667 0.08061111111111112 0.008041666666666666 0.02723148148148148
5 0.7321614583333333 0.09197222222222222 0.012463541666666666 0.05432407407407407