3 0.7322395833333334 0.9496574074074076 0.07468229166666666 0.10068518518518518
5 0.6442864583333333 0.2489351851851852 0.003973958333333334 0.012824074074074075
5 0.6701250000000001 0.2572962962962963 0.005166666666666667 0.02386111111111111
5 0.6666197916666667 0.26103703703703707 0.0034427083333333336 0.02137037037037037
5 0.6398802083333333 0.2729722222222222 0.005635416666666667 0.030268518518518518
5 0.591734375 0.2740185185185185 0.0062187499999999995 0.026046296296296297
5 0.669921875 0.27991666666666665 0.004765625 0.017805555555555557
5 0.6785364583333333 0.2834722222222222 0.0035625 0.012824074074074075
2 0.6550104166666666 0.287962962962963 0.024583333333333336 0.04958333333333333
5 0.5738333333333333 0.2881944444444444 0.008760416666666666 0.02546296296296296
5 0.590078125 0.2937222222222223 0.008703125 0.02160185185185185
5 0.677734375 0.30092592592592593 0.006765625 0.04131481481481481
5 0.6289895833333333 0.30426851851851855 0.009505208333333333 0.04475
5 0.6126458333333333 0.3081296296296296 0.007489583333333333 0.024694444444444446
5 0.6706510416666667 0.30966666666666665 0.010072916666666666 0.05040740740740741
3 0.6886510416666667 0.313037037037037 0.013864583333333335 0.01211111111111111
5 0.6068593750000001 0.3148148148148148 0.010447916666666666 0.023666666666666666
5 0.5913802083333334 0.3202129629629629 0.009520833333333334 0.018000000000000002
5 0.6182291666666667 0.32043518518518516 0.009348958333333332 0.0205
3 0.6824427083333333 0.3253240740740741 0.010260416666666666 0.01958333333333333
1 0.54115625 0.326 0.040390625 0.03317592592592592
3 0.7022708333333333 0.3276388888888889 0.029895833333333333 0.02849074074074074
3 0.6862499999999999 0.3297685185185185 0.005854166666666666 0.01923148148148148
5 0.60628125 0.33385185185185184 0.010447916666666666 0.029833333333333333
5 0.6219010416666666 0.33385185185185184 0.008645833333333333 0.04012037037037037
5 0.6145052083333333 0.34391666666666665 0.013713541666666666 0.02512962962962963
5 0.6022239583333333 0.36085185185185187 0.010947916666666667 0.03446296296296296
0 0.5745885416666667 0.36265740740740743 0.04654166666666667 0.07818518518518518
5 0.617265625 0.3716574074074074 0.012682291666666668 0.029324074074074075
5 0.5844322916666667 0.3845185185185185 0.010088541666666668 0.02725925925925926
5 0.5774635416666667 0.3856203703703704 0.014593749999999999 0.04798148148148148
5 0.6781614583333333 0.3900462962962963 0.012484374999999999 0.08796296296296297
5 0.6857447916666667 0.39351851851851855 0.012942708333333334 0.1111111111111111
5 0.5978802083333333 0.39969444444444446 0.013265625 0.046296296296296294
5 0.696484375 0.4010462962962963 0.014890625 0.10532407407407407
5 0.6213177083333333 0.4038055555555556 0.013255208333333332 0.03498148148148148
5 0.7423749999999999 0.4068333333333333 0.020734375000000003 0.03819444444444445
0 0.7211302083333333 0.4079259259259259 0.046218749999999996 0.14712037037037035
5 0.5822447916666668 0.4166666666666667 0.016890625 0.03935185185185185
5 0.7224010416666666 0.4373888888888889 0.023411458333333336 0.1313888888888889
5 0.742046875 0.44328703703703703 0.022687500000000003 0.041666666666666664
5 0.6203229166666666 0.45601851851851855 0.02663541666666667 0.06944444444444445
5 0.782078125 0.4652777777777778 0.02332291666666667 0.04861111111111111
3 0.53115625 0.4708333333333333 0.029645833333333333 0.05462962962962963
5 0.5662552083333333 0.4809074074074074 0.033088541666666665 0.10532407407407407
5 0.751484375 0.49016666666666664 0.02723958333333333 0.07060185185185185
5 0.5968489583333334 0.4947962962962963 0.034380208333333336 0.11226851851851852
3 0.8504479166666666 0.5137314814814815 0.038140625000000004 0.040435185185185185
3 0.8708802083333332 0.5239166666666667 0.03490625 0.057101851851851855
5 0.6365572916666667 0.5272037037037037 0.03696875 0.1284722222222222
5 0.7837031250000001 0.5468796296296297 0.03178645833333334 0.11689814814814815
5 0.8169010416666667 0.5474537037037037 0.027864583333333335 0.13194444444444445
3 0.5353333333333333 0.5520833333333334 0.10405208333333334 0.12113888888888891
3 0.8700572916666667 0.5533981481481481 0.057921875 0.02900925925925926
5 0.8263385416666666 0.5619259259259259 0.028515625 0.0798611111111111
3 0.8780416666666666 0.5737685185185185 0.07319270833333333 0.032712962962962965
5 0.7573020833333334 0.5816018518518519 0.0310625 0.14467592592592593
5 0.37091145833333333 0.5941388888888889 0.05196354166666666 0.1111111111111111
3 0.8813385416666667 0.5972222222222222 0.06590104166666667 0.04259259259259259
3 0.48825 0.5985740740740741 0.072390625 0.09298148148148148
3 0.9298749999999999 0.6223518518518518 0.08242708333333333 0.05687962962962963
3 0.486515625 0.6244259259259259 0.049390625 0.08217592592592593
3 0.8722239583333333 0.6421944444444445 0.060875 0.04894444444444444
5 0.8217447916666667 0.6550925925925926 0.041453125 0.12962962962962962
3 0.9633020833333333 0.6693148148148148 0.07339583333333333 0.08200925925925925
3 0.021067708333333334 0.6736111111111112 0.04213541666666667 0.1527777777777778
5 0.7252500000000001 0.6759259259259259 0.046468749999999996 0.30863888888888885
5 0.4492552083333334 0.6851851851851852 0.06393229166666667 0.30247222222222225
3 0.3466661241319444 0.6512345679012345 0.3231387155906617 0.6527777777777778 0.3170645958148647 0.5941358024691359 0.309255013245983 0.6419753086419754 0.29970996788401627 0.6527777777777778 0.29797450509093143 0.6867283950617283 0.31532913302177995 0.7129629629629629 0.32487417838374655 0.6975308641975309 0.3474351946938496 0.7854938271604939 0.35350931446964656 0.7453703703703703 0.34743519469384954 0.6558641975308642 0.34483200050422236 0.6527777777777778
5 0.6245104166666666 0.7100740740740741 0.07277083333333333 0.1840277777777778
5 0.7742239583333334 0.7118055555555556 0.05188541666666667 0.19907407407407407
3 0.9707447916666666 0.7129629629629629 0.05851041666666667 0.06878703703703705
5 0.3798229166666667 0.7268518518518519 0.07090104166666666 0.2993796296296296
5 0.8745052083333333 0.7442129629629629 0.04672395833333333 0.19212962962962962
3 0.9793489583333332 0.780425925925926 0.040005208333333334 0.11375925925925925
3 0.8830416666666667 0.7854907407407408 0.128640625 0.15432407407407406
3 0.8785364583333333 0.8280462962962962 0.149390625 0.07672222222222222
3 0.624515625 0.8535925925925926 0.031114583333333334 0.1099537037037037
3 0.7647812500000001 0.8582222222222222 0.06426041666666667 0.1400462962962963