3 0.71684375 0.11028703703703703 0.02469270833333333 0.04662962962962963
3 0.7355364583333334 0.11788888888888888 0.00971875 0.04332407407407407
3 0.7002916666666666 0.12996296296296297 0.008333333333333333 0.04364814814814815
0 0.754796875 0.1332962962962963 0.036656249999999994 0.07873148148148149
0 0.6702291666666667 0.13455555555555554 0.05183333333333333 0.08912037037037036
5 0.71290625 0.14907407407407408 0.017802083333333333 0.07925
5 0.6444791666666667 0.15512962962962962 0.02197395833333333 0.07473148148148148
3 0.6205885416666667 0.17284259259259258 0.032052083333333335 0.051444444444444445
3 0.7054635416666667 0.17470370370370372 0.017083333333333332 0.03705555555555556
3 0.603375 0.18338888888888888 0.028296875 0.05812962962962963
3 0.7462760416666666 0.18705555555555556 0.045598958333333335 0.04323148148148148
3 0.700875 0.19985185185185186 0.022791666666666665 0.03440740740740741
3 0.5834166666666667 0.20039814814814816 0.040817708333333334 0.06349074074074074
3 0.4950833333333333 0.20601851851851852 0.03540104166666667 0.07076851851851852
3 0.5713281250000001 0.21031481481481482 0.03970833333333333 0.0661388888888889
3 0.706953125 0.21992592592592594 0.028989583333333332 0.0375
3 0.5603541666666667 0.22255555555555556 0.046036458333333335 0.05753703703703704
3 0.5389635416666666 0.23776851851851855 0.042692708333333336 0.07473148148148148
1 0.7280364583333333 0.24658333333333335 0.09518229166666667 0.06893518518518518
3 0.5281770833333334 0.2523148148148148 0.044932291666666666 0.06812037037037036
3 0.5151614583333334 0.2569444444444444 0.0449375 0.08002777777777778
1 0.6345937500000001 0.2651388888888889 0.11510416666666666 0.13787037037037037
3 0.489125 0.2714907407407407 0.04643229166666667 0.07737962962962962
3 0.4123177083333333 0.2820740740740741 0.04608854166666666 0.07341666666666667
3 0.4729427083333333 0.2847222222222222 0.044578125 0.0787037037037037
3 0.46327083333333335 0.2949722222222222 0.049046875000000004 0.07804629629629631
1 0.6957239583333333 0.3022592592592593 0.17173958333333333 0.10251851851851852
3 0.43184374999999997 0.3167962962962963 0.047197916666666666 0.08333333333333333
1 0.6678854166666667 0.4277592592592593 0.227421875 0.20150925925925925
5 0.5348385416666667 0.45537037037037037 0.04784375 0.18437962962962962
3 0.23519791666666665 0.45544444444444443 0.04675 0.09375
3 0.20981249999999999 0.45601851851851855 0.03113541666666667 0.08101851851851852
3 0.17596354166666667 0.4930555555555556 0.03114583333333333 0.0763888888888889
3 0.22479166666666667 0.5196759259259259 0.08213020833333333 0.14351851851851852
3 0.16229166666666667 0.5208333333333334 0.04677604166666667 0.12037037037037036
5 0.13125 0.5683888888888889 0.05205208333333333 0.13350925925925924
3 0.09492708333333333 0.5694444444444444 0.031828125 0.07175925925925926
3 0.15122916666666666 0.5694444444444444 0.03376041666666666 0.06481481481481481
3 0.076046875 0.5908611111111111 0.0344375 0.08912037037037036
5 0.05902604166666667 0.622638888888889 0.038046875 0.14930555555555555
3 0.11153125 0.6400462962962963 0.06906770833333334 0.13657407407407407
3 0.04708333333333334 0.6406296296296297 0.020781249999999998 0.061342592592592594
5 0.03477604166666667 0.6606666666666666 0.047942708333333334 0.17152777777777778
3 0.0151875 0.6759259259259259 0.020791666666666667 0.09722222222222222
5 0.34878125 0.6847592592592592 0.056942708333333335 0.21050925925925926
3 0.008354166666666666 0.7037037037037037 0.016307291666666664 0.09027777777777778
3 0.7317187500000001 0.07556481481481482 0.01576041666666667 0.011574074074074073
1 0.6534531250000001 0.7627222222222222 0.36361458333333335 0.38003703703703706
1 0.25318229166666667 0.8051481481481481 0.3128072916666667 0.3897037037037037
3 0.7458541666666666 0.08647222222222223 0.01278125 0.02612037037037037
3 0.72828125 0.08862037037037036 0.023015624999999998 0.019842592592592592
3 0.72009375 0.09027777777777778 0.021531250000000002 0.022490740740740738