5 0.25225 0.2273148148148148 0.010369791666666666 0.041666666666666664
5 0.2759427083333333 0.2449074074074074 0.009838541666666667 0.06944444444444445
4 0.19107812500000002 0.2513240740740741 0.07209895833333334 0.17195370370370372
5 0.41349479166666664 0.26893518518518517 0.020781249999999998 0.09175
4 0.32253645833333333 0.274537037037037 0.10823958333333333 0.21388888888888888
5 0.4416614583333333 0.2769351851851852 0.019348958333333333 0.09932407407407406
3 0.5751562499999999 0.2916666666666667 0.051484375 0.06818518518518518
5 0.25719270833333335 0.30185185185185187 0.018182291666666666 0.11296296296296296
3 0.62296875 0.32407407407407407 0.049567708333333335 0.05218518518518518
3 0.63575 0.3480648148148148 0.042937499999999997 0.05471296296296296
3 0.6601302083333334 0.35816666666666663 0.04339583333333333 0.07154629629629629
3 0.7167395833333334 0.3808888888888889 0.061921875 0.08837962962962963
5 0.4235416666666667 0.39351851851851855 0.03625 0.2037037037037037
5 0.7849114583333333 0.41035185185185186 0.024026041666666668 0.06312962962962963
3 0.830234375 0.4213981481481482 0.06447916666666667 0.10332407407407408
5 0.978796875 0.4528611111111111 0.036796875 0.19865740740740742
5 0.9118125 0.46337962962962964 0.03351041666666667 0.09343518518518518