5 0.24559375 0.24328703703703702 0.009994791666666667 0.0702962962962963
3 0.48191666666666666 0.26990740740740743 0.03341145833333334 0.062037037037037036
5 0.26048958333333333 0.2748611111111111 0.0173125 0.09551851851851852
1 0.41493749999999996 0.2789351851851852 0.10250520833333333 0.10313888888888889
4 0.32416666666666666 0.2832777777777778 0.11615625 0.22893518518518519
5 0.5152447916666667 0.29444444444444445 0.020927083333333332 0.1
3 0.5501354166666667 0.2953703703703704 0.023026041666666667 0.046296296296296294
5 0.6587968750000001 0.3029351851851852 0.019765625000000002 0.09943518518518518
5 0.17925000000000002 0.3032962962962963 0.025442708333333335 0.08812962962962964
5 0.5303072916666667 0.3043240740740741 0.019020833333333334 0.14197222222222222
3 0.23575520833333333 0.31255555555555553 0.03583854166666667 0.05658333333333333
3 0.5665364583333333 0.3199074074074074 0.04646354166666666 0.09166666666666666
5 0.6074583333333333 0.3232962962962963 0.025067708333333334 0.14353703703703705
5 0.335453125 0.3256759259259259 0.021859375 0.12700925925925924
5 0.628078125 0.32928703703703704 0.017249999999999998 0.14239814814814813
3 0.5842395833333334 0.34074074074074073 0.029807291666666666 0.07592592592592592
3 0.6742291666666667 0.3724351851851852 0.055109375 0.0876574074074074
3 0.6914739583333334 0.3815092592592592 0.04976041666666667 0.09715740740740741
3 0.7190364583333333 0.3983518518518519 0.03833854166666666 0.08851851851851851
3 0.7478229166666667 0.4026666666666667 0.047328125000000006 0.10061111111111111
3 0.767140625 0.41756481481481483 0.044671875 0.0941388888888889
3 0.8025989583333334 0.4294351851851852 0.042234375000000005 0.10147222222222223
3 0.82821875 0.4452037037037037 0.039552083333333335 0.1045
3 0.8494739583333334 0.45469444444444446 0.04952083333333333 0.09759259259259259
3 0.88178125 0.46678703703703706 0.031119791666666667 0.1105462962962963
3 0.9006041666666668 0.47391666666666665 0.03282291666666667 0.12220370370370369
3 0.920046875 0.4844907407407407 0.02745833333333333 0.1338611111111111
3 0.9489479166666667 0.5062962962962962 0.029895833333333333 0.11356481481481483
3 0.97578125 0.5129907407407407 0.020916666666666663 0.12176851851851851
3 0.9938333333333333 0.5347962962962963 0.012333333333333333 0.1032037037037037
3 0.15221354166666667 0.798675925925926 0.17975520833333333 0.27075000000000005