3 0.724171875 0.11345370370370371 0.021630208333333335 0.04379629629629629
3 0.7150572916666668 0.11887037037037036 0.020765625 0.04020370370370371
3 0.7066666666666667 0.12342592592592594 0.021927083333333333 0.03286111111111111
3 0.70175 0.12962962962962962 0.011510416666666667 0.03395370370370371
0 0.6686302083333333 0.1345185185185185 0.05175 0.08178703703703703
0 0.7541093750000001 0.1444074074074074 0.034755208333333336 0.10608333333333332
5 0.7014427083333333 0.16927777777777778 0.02432291666666667 0.0472037037037037
3 0.6388333333333333 0.17149999999999999 0.024640625000000003 0.041777777777777775
3 0.6229270833333334 0.1772037037037037 0.029635416666666668 0.03835185185185185
5 0.7301197916666666 0.18171296296296297 0.021802083333333333 0.08101851851851852
3 0.6119739583333333 0.1868425925925926 0.03503125 0.0347962962962963
3 0.4889427083333333 0.1962962962962963 0.040005208333333334 0.05
3 0.591265625 0.20062037037037037 0.031114583333333334 0.051250000000000004
5 0.6993020833333333 0.20862037037037037 0.023463541666666664 0.052787037037037035
3 0.5745989583333333 0.21255555555555555 0.036328125 0.051037037037037034
3 0.5604947916666667 0.22640740740740742 0.042484375 0.049101851851851855
3 0.5373385416666667 0.24391666666666667 0.04408854166666667 0.060055555555555556
1 0.7333645833333333 0.2488425925925926 0.09340104166666667 0.05324074074074074
3 0.5294427083333333 0.2533611111111111 0.039760416666666666 0.05857407407407407
1 0.6380364583333333 0.2643611111111111 0.12266666666666667 0.16298148148148148
3 0.511828125 0.2671851851851852 0.05035416666666667 0.058444444444444445
1 0.7034166666666667 0.295462962962963 0.161109375 0.08962037037037038
5 0.6090520833333334 0.30439814814814814 0.021854166666666668 0.08101851851851852
5 0.5810625 0.31828703703703703 0.025770833333333333 0.1087962962962963
2 0.330453125 0.33835185185185185 0.11048958333333332 0.2276203703703704
2 0.45820833333333333 0.39166666666666666 0.13375 0.2574074074074074
1 0.6689114583333333 0.42939814814814814 0.227515625 0.2013888888888889
5 0.23597395833333332 0.4317962962962963 0.030484375 0.08708333333333333
5 0.5374635416666667 0.4421759259259259 0.034937499999999996 0.20823148148148146
3 0.23594270833333333 0.46897222222222223 0.047276041666666664 0.07925
3 0.21620833333333334 0.48315740740740737 0.04297395833333333 0.08507407407407407
3 0.20547395833333332 0.5071481481481481 0.05258333333333333 0.08288888888888889
5 0.14741666666666667 0.5188703703703703 0.03603125 0.09231481481481482
3 0.18472395833333335 0.5255092592592592 0.04173958333333334 0.0788888888888889
5 0.11372395833333333 0.5257499999999999 0.015791666666666666 0.06154629629629629
3 0.163140625 0.535324074074074 0.046046875 0.08688888888888889
5 0.12997916666666667 0.5509259259259259 0.04288020833333333 0.1388888888888889
3 0.1539375 0.5740370370370371 0.031322916666666666 0.05962037037037037
3 0.094125 0.5764074074074074 0.028593749999999998 0.04035185185185185
5 0.055177083333333335 0.5800925925925926 0.02390625 0.060231481481481476
5 0.03658333333333333 0.584675925925926 0.016182291666666668 0.026185185185185186
3 0.07847916666666667 0.602212962962963 0.027572916666666666 0.04399074074074074
3 0.11355208333333335 0.6383888888888889 0.07569270833333334 0.1003425925925926
3 0.7349010416666667 0.06856481481481481 0.010520833333333333 0.01100925925925926
5 0.8071875 0.7210648148148148 0.053536458333333335 0.2986111111111111
1 0.5926145833333333 0.749537037037037 0.34888020833333333 0.3787037037037037
3 0.7504531249999999 0.07507407407407407 0.007276041666666667 0.01200925925925926
3 0.733 0.07632407407407409 0.019109374999999998 0.01000925925925926
2 0.09807291666666668 0.8368055555555556 0.17958333333333334 0.3263888888888889
3 0.7276510416666666 0.08608333333333333 0.025864583333333333 0.01000925925925926
3 0.7470052083333333 0.0895925925925926 0.012484374999999999 0.01601851851851852