3 0.742265625 0.9458425925925926 0.10216145833333333 0.10831481481481482
5 0.6424739583333333 0.2615648148148148 0.003973958333333334 0.020231481481481482
5 0.6538645833333334 0.2637685185185185 0.0038385416666666668 0.01852777777777778
5 0.6573072916666667 0.2642777777777778 0.0029166666666666664 0.018250000000000002
5 0.6612916666666667 0.2646203703703704 0.00578125 0.020287037037037037
5 0.6469427083333333 0.26487962962962963 0.0053124999999999995 0.025935185185185186
5 0.6511822916666666 0.2653611111111111 0.0025364583333333333 0.025962962962962962
5 0.6380625 0.278787037037037 0.006583333333333333 0.031018518518518518
5 0.6442083333333334 0.28001851851851856 0.0050104166666666665 0.030527777777777775
5 0.6824739583333332 0.28971296296296295 0.0034739583333333332 0.020537037037037038
5 0.6257447916666667 0.2941388888888889 0.00725 0.041611111111111106
5 0.636390625 0.2975555555555556 0.009114583333333334 0.04647222222222222
5 0.5925729166666667 0.2976574074074074 0.005932291666666667 0.025416666666666667
5 0.6150677083333334 0.3004537037037037 0.008364583333333333 0.02836111111111111
2 0.6635885416666666 0.304537037037037 0.026104166666666664 0.06177777777777778
5 0.5879635416666668 0.30589814814814814 0.007520833333333333 0.02212037037037037
1 0.5563072916666666 0.30894444444444447 0.049703125 0.02799074074074074
3 0.6891666666666667 0.3125 0.02002083333333333 0.024175925925925927
1 0.5511197916666667 0.3126759259259259 0.06006770833333333 0.021546296296296296
5 0.6090208333333333 0.3163518518518519 0.008729166666666668 0.02510185185185185
5 0.59515625 0.3196759259259259 0.005854166666666666 0.020555555555555556
3 0.6917708333333333 0.31996296296296295 0.017708333333333333 0.019546296296296294
5 0.5892083333333333 0.32080555555555557 0.006515625 0.013777777777777778
5 0.6305208333333333 0.3255648148148148 0.011682291666666667 0.046740740740740735
1 0.5510364583333334 0.32584259259259263 0.060046875000000006 0.03266666666666667
3 0.6990052083333332 0.3263888888888889 0.02118229166666667 0.02623148148148148
5 0.6175416666666667 0.33173148148148146 0.009072916666666668 0.030657407407407408
5 0.7122708333333333 0.33187962962962964 0.0057708333333333335 0.013648148148148149
5 0.6069427083333333 0.33491666666666664 0.006848958333333334 0.022925925925925926
5 0.7009427083333333 0.3352962962962963 0.0066875 0.013351851851851853
5 0.6137083333333333 0.3418611111111111 0.00678125 0.02234259259259259
5 0.6289791666666668 0.3442222222222222 0.015713541666666667 0.05251851851851852
5 0.6960468750000001 0.3541388888888889 0.009114583333333334 0.029175925925925928
5 0.6057291666666667 0.36119444444444443 0.012270833333333333 0.030564814814814812
0 0.5759791666666667 0.3621851851851852 0.047890625 0.07028703703703704
5 0.6542447916666667 0.36403703703703705 0.014229166666666666 0.08796296296296297
5 0.6689947916666666 0.36754629629629626 0.013088541666666667 0.08755555555555555
5 0.6792812500000001 0.3768240740740741 0.012411458333333332 0.08964814814814814
5 0.6150520833333334 0.3789351851851852 0.015427083333333334 0.04278703703703704
5 0.5981666666666666 0.3835648148148148 0.015557291666666667 0.027
5 0.5759895833333334 0.3850555555555556 0.0118125 0.04616666666666667
5 0.58440625 0.38987037037037037 0.010583333333333333 0.027962962962962964
5 0.6941458333333334 0.4018148148148148 0.012916666666666667 0.10266666666666666
5 0.5952291666666666 0.4123981481481481 0.021166666666666667 0.0615
0 0.7236614583333334 0.4124814814814815 0.04573958333333333 0.14250925925925925
5 0.6142760416666667 0.42360185185185184 0.020374999999999997 0.06821296296296296
5 0.5807239583333333 0.4256111111111111 0.022598958333333332 0.04842592592592592
5 0.555046875 0.4511111111111111 0.0275625 0.07137962962962963
5 0.7638125 0.46025 0.012286458333333333 0.044620370370370366
5 0.58846875 0.47046296296296297 0.025890625 0.06799074074074074
5 0.7809479166666667 0.4707314814814815 0.02335416666666667 0.042712962962962966
3 0.5328333333333333 0.4731111111111111 0.028968749999999998 0.05243518518518519
5 0.7413958333333334 0.4731388888888889 0.027411458333333336 0.08960185185185185
3 0.5330572916666667 0.4855462962962963 0.046656249999999996 0.04958333333333333
5 0.5678697916666666 0.4885277777777778 0.0234375 0.10219444444444445
3 0.5320625 0.4988611111111111 0.048651041666666665 0.07325925925925926
3 0.8405468749999999 0.5141481481481481 0.054921875 0.04636111111111111
5 0.74978125 0.5176851851851852 0.04647916666666666 0.1235462962962963
5 0.6190416666666666 0.519361111111111 0.023692708333333333 0.19173148148148147
3 0.8478958333333334 0.5243425925925925 0.06898958333333334 0.0489537037037037
5 0.5953177083333333 0.5371018518518519 0.05859375 0.18466666666666667
5 0.7897656249999999 0.5439444444444445 0.0466875 0.11356481481481483
3 0.8615885416666667 0.5446388888888889 0.058312499999999996 0.05009259259259259
3 0.5367604166666666 0.556888888888889 0.0971875 0.11797222222222221
3 0.8728020833333333 0.5604722222222221 0.06863541666666667 0.06507407407407408
5 0.8256093750000001 0.575398148148148 0.029395833333333333 0.07556481481481482
3 0.4790052083333334 0.580324074074074 0.096578125 0.13195370370370368
3 0.8773697916666666 0.5836111111111111 0.07417708333333332 0.06750925925925925
3 0.45938541666666666 0.5989907407407407 0.107734375 0.13537037037037036
5 0.74565625 0.6064999999999999 0.05253125 0.17955555555555555
3 0.9269947916666667 0.6252685185185185 0.07655729166666667 0.09015740740740741
3 0.8695104166666667 0.631824074074074 0.059859375000000006 0.07734259259259259
3 0.4457083333333333 0.6395648148148149 0.11205208333333333 0.15956481481481483
5 0.8120572916666667 0.6681759259259259 0.054140625000000005 0.15869444444444444
3 0.7584427083333334 0.671712962962963 0.07163020833333333 0.12187962962962963
3 0.43557291666666664 0.6723518518518519 0.10833333333333334 0.16563888888888886
3 0.9011510416666667 0.6736851851851853 0.03897395833333333 0.09349074074074074
3 0.019114583333333334 0.6759259259259259 0.03822916666666667 0.1527777777777778
5 0.3632916666666667 0.6790462962962963 0.043479166666666666 0.28753703703703704
3 0.9608958333333334 0.6845555555555556 0.078203125 0.145
3 0.3286875 0.6885185185185185 0.05586979166666666 0.1836111111111111
5 0.43540104166666665 0.695212962962963 0.04061979166666666 0.2995462962962963
5 0.7699895833333333 0.7114999999999999 0.057317708333333335 0.19491666666666665
5 0.385984375 0.723537037037037 0.07847395833333333 0.3118518518518519
5 0.8618072916666667 0.734037037037037 0.07297916666666666 0.16828703703703704
3 0.9707604166666666 0.7423425925925926 0.058479166666666665 0.14728703703703702
3 0.875765625 0.7530185185185185 0.128375 0.09357407407407407
3 0.9772291666666667 0.7797685185185185 0.04554166666666667 0.12054629629629629
3 0.9804895833333334 0.7992777777777778 0.03902083333333333 0.07786111111111112
3 0.8714791666666667 0.8446111111111111 0.14955729166666665 0.19353703703703704
3 0.6175416666666667 0.8741666666666666 0.124171875 0.25166666666666665
3 0.7635520833333334 0.8866481481481482 0.070296875 0.21306481481481482
3 0.9046458333333334 0.9137500000000001 0.15044270833333334 0.15400925925925926