3 0.7494791666666667 0.09768518518518518 0.021875 0.03796296296296296
3 0.74296875 0.10231481481481482 0.011979166666666667 0.03981481481481482
3 0.7174479166666666 0.10925925925925926 0.0265625 0.04814814814814815
3 0.73671875 0.11018518518518519 0.009895833333333333 0.03888888888888889
3 0.6919270833333333 0.12222222222222222 0.0359375 0.040740740740740744
3 0.6984375 0.12222222222222222 0.036458333333333336 0.044444444444444446
3 0.7118697916666666 0.1270462962962963 0.014812500000000001 0.03928703703703704
3 0.6901041666666666 0.13240740740740742 0.03125 0.040740740740740744
3 0.6830729166666667 0.1388888888888889 0.027604166666666666 0.04259259259259259
3 0.68046875 0.14583333333333334 0.0171875 0.030555555555555555
0 0.5841145833333333 0.17824074074074073 0.06197916666666667 0.11203703703703703
3 0.725 0.20972222222222223 0.046875 0.0712962962962963
5 0.46510416666666665 0.22592592592592592 0.023958333333333335 0.03888888888888889
5 0.6015625 0.23333333333333334 0.023958333333333335 0.06481481481481481
5 0.44947916666666665 0.2439814814814815 0.015625 0.05462962962962963
1 0.5057291666666667 0.2490740740740741 0.146875 0.1425925925925926
5 0.38716666666666666 0.28326851851851853 0.023291666666666665 0.10250925925925926
2 0.6846354166666667 0.30648148148148147 0.19947916666666668 0.22592592592592592
5 0.25755208333333335 0.45 0.0234375 0.07222222222222222
5 0.22864583333333333 0.45787037037037037 0.029166666666666667 0.13425925925925927
3 0.24192708333333332 0.4861111111111111 0.022395833333333334 0.05925925925925926
5 0.15494791666666666 0.525 0.025520833333333333 0.14444444444444443
5 0.12916666666666668 0.5282407407407408 0.026041666666666668 0.14722222222222223
3 0.17369791666666667 0.5472222222222223 0.03177083333333333 0.07592592592592592
5 0.08229166666666667 0.611574074074074 0.030208333333333334 0.08055555555555556
5 0.04895833333333333 0.65 0.027083333333333334 0.08888888888888889
3 0.019270833333333334 0.6722222222222223 0.034375 0.12037037037037036
3 0.7296875 0.07083333333333333 0.01875 0.021296296296296296
3 0.6518229166666667 0.7143518518518519 0.15885416666666666 0.175
3 0.7239583333333334 0.07361111111111111 0.01875 0.025
3 0.7479166666666667 0.07361111111111111 0.020833333333333332 0.013888888888888888
3 0.7151041666666667 0.0763888888888889 0.016666666666666666 0.021296296296296296
3 0.7161458333333334 0.07777777777777778 0.010416666666666666 0.016666666666666666