3 0.74375 0.9513888888888888 0.10104166666666667 0.09722222222222222
5 0.6385416666666667 0.25 0.003125 0.020370370370370372
5 0.6440104166666667 0.25092592592592594 0.0026041666666666665 0.018518518518518517
5 0.6473958333333333 0.25092592592592594 0.003125 0.018518518518518517
5 0.6419270833333334 0.27361111111111114 0.0046875 0.028703703703703703
5 0.6372395833333333 0.2763888888888889 0.0036458333333333334 0.030555555555555555
5 0.6841822916666668 0.29212962962962963 0.007234375 0.020370370370370372
5 0.5903645833333333 0.2935185185185185 0.0067708333333333336 0.020370370370370372
5 0.625 0.29398148148148145 0.00625 0.04537037037037037
5 0.6333333333333333 0.2949074074074074 0.00625 0.041666666666666664
5 0.6463541666666667 0.2967592592592593 0.008333333333333333 0.04537037037037037
5 0.61796875 0.29814814814814816 0.0078125 0.03888888888888889
1 0.54296875 0.3106481481481482 0.043229166666666666 0.023148148148148147
3 0.6925729166666666 0.31121296296296297 0.019208333333333334 0.015435185185185187
2 0.6669270833333333 0.31157407407407406 0.0265625 0.049074074074074076
5 0.5903645833333333 0.32037037037037036 0.011979166666666667 0.018518518518518517
3 0.7009635416666666 0.32664814814814813 0.034833333333333334 0.025722222222222223
1 0.5432291666666667 0.3282407407407407 0.046875 0.04722222222222222
5 0.60859375 0.33101851851851855 0.0078125 0.03981481481481482
5 0.6734375 0.3314814814814815 0.013541666666666667 0.06851851851851852
5 0.6229166666666667 0.3416666666666667 0.007291666666666667 0.05925925925925926
5 0.6140625 0.34629629629629627 0.008333333333333333 0.03148148148148148
5 0.6963541666666667 0.34675925925925927 0.011458333333333333 0.021296296296296296
5 0.6330729166666667 0.35462962962962963 0.013020833333333334 0.08148148148148149
5 0.6059895833333333 0.35833333333333334 0.008854166666666666 0.03148148148148148
0 0.5731770833333333 0.36203703703703705 0.0453125 0.07222222222222222
5 0.6494791666666667 0.3736111111111111 0.014583333333333334 0.08981481481481482
5 0.6153645833333333 0.37453703703703706 0.0109375 0.030555555555555555
5 0.57578125 0.38842592592592595 0.011979166666666667 0.04351851851851852
5 0.596875 0.3907407407407407 0.015625 0.04259259259259259
5 0.5833333333333334 0.39351851851851855 0.011458333333333333 0.04259259259259259
5 0.6932291666666667 0.40324074074074073 0.010416666666666666 0.10648148148148148
0 0.721484375 0.41064814814814815 0.04244791666666667 0.14351851851851852
5 0.5979166666666667 0.41759259259259257 0.025 0.06481481481481481
5 0.746875 0.41805555555555557 0.020833333333333332 0.03611111111111111
5 0.62421875 0.42453703703703705 0.018229166666666668 0.0712962962962963
5 0.5783854166666667 0.44027777777777777 0.0234375 0.08425925925925926
5 0.7713541666666667 0.4527777777777778 0.015625 0.05925925925925926
5 0.5934895833333333 0.4615740740740741 0.015104166666666667 0.04722222222222222
3 0.5319895833333333 0.4645092592592593 0.030000000000000002 0.05040740740740741
5 0.7432291666666667 0.46620370370370373 0.019791666666666666 0.08055555555555556
5 0.7778645833333333 0.48148148148148145 0.0140625 0.06666666666666667
5 0.5674479166666667 0.4837962962962963 0.0171875 0.10648148148148148
5 0.7908854166666667 0.49166666666666664 0.028645833333333332 0.05
3 0.5328541666666667 0.49639814814814814 0.045619791666666666 0.06275925925925926
5 0.675 0.5217592592592593 0.022916666666666665 0.1935185185185185
3 0.83671875 0.5217592592592593 0.06614583333333333 0.032407407407407406
5 0.6213541666666667 0.5231481481481481 0.026041666666666668 0.1925925925925926
5 0.7466145833333333 0.524074074074074 0.044270833333333336 0.1388888888888889
3 0.8549479166666667 0.524537037037037 0.06510416666666667 0.05648148148148148
5 0.6614583333333334 0.5305555555555556 0.025 0.2074074074074074
5 0.5955729166666667 0.5388888888888889 0.03802083333333333 0.18333333333333332
5 0.784375 0.5453703703703704 0.03229166666666667 0.11481481481481481
3 0.8739583333333333 0.5546296296296296 0.07708333333333334 0.037037037037037035
3 0.5325624999999999 0.5601851851851852 0.092484375 0.11008333333333334
3 0.8752604166666667 0.575462962962963 0.0765625 0.05462962962962963
5 0.8229166666666666 0.586574074074074 0.029166666666666667 0.09537037037037037
5 0.7481770833333333 0.5958333333333333 0.05364583333333333 0.15462962962962962
3 0.47734375 0.5981481481481481 0.1015625 0.08703703703703704
3 0.8765625 0.6023148148148149 0.07708333333333334 0.05648148148148148
3 0.4778645833333333 0.6277777777777778 0.06197916666666667 0.08888888888888889
3 0.925 0.6347222222222222 0.07083333333333333 0.11388888888888889
3 0.8684895833333334 0.649537037037037 0.05260416666666667 0.06944444444444445
3 0.75078125 0.663425925925926 0.058854166666666666 0.08981481481481482
3 0.47890625 0.6689814814814815 0.034895833333333334 0.09722222222222222
3 0.021718750000000002 0.6724537037037037 0.043437500000000004 0.13657407407407407
3 0.32708333333333334 0.6884259259259259 0.057291666666666664 0.1712962962962963
5 0.815625 0.6893518518518519 0.051041666666666666 0.14722222222222223
5 0.37161458333333336 0.6925925925925925 0.04635416666666667 0.3055555555555556
3 0.9609375 0.6944444444444444 0.078125 0.12222222222222222
3 0.8833333333333333 0.6953703703703704 0.07916666666666666 0.08703703703703704
3 0.47161458333333334 0.6953703703703704 0.03697916666666667 0.12222222222222222
5 0.44140625 0.6976851851851852 0.033854166666666664 0.30277777777777776
5 0.7765625 0.7148148148148148 0.053125 0.18518518518518517
5 0.4078125 0.7189814814814814 0.06041666666666667 0.31203703703703706
5 0.86171875 0.7351851851851852 0.07239583333333334 0.16296296296296298
3 0.9703125 0.7513888888888889 0.059375 0.1287037037037037
3 0.8713541666666667 0.762962962962963 0.10729166666666666 0.04814814814814815
3 0.9776041666666667 0.7824074074074074 0.04479166666666667 0.1111111111111111
3 0.97890625 0.8115740740740741 0.0421875 0.08611111111111111
3 0.875 0.8611111111111112 0.14375 0.1648148148148148
3 0.6213541666666667 0.8726851851851852 0.11770833333333333 0.25462962962962965
3 0.8815104166666666 0.8777777777777778 0.06197916666666667 0.06666666666666667
3 0.7653645833333333 0.887962962962963 0.0640625 0.2037037037037037