1 0.48263671874999997 0.8216875 0.49743359375 0.35662499999999997
1 0.81510546875 0.08359027777777778 0.026988281250000003 0.03930555555555556
1 0.8467734374999999 0.08711111111111111 0.043472656250000005 0.025222222222222222
5 0.71679296875 0.08916666666666667 0.00920703125 0.025812500000000002
3 0.70459375 0.09622916666666666 0.012785156249999999 0.00992361111111111
3 0.68925390625 0.09970138888888888 0.00665234375 0.014881944444444444
1 0.8589804687499999 0.10353472222222222 0.057984375 0.035784722222222225
3 0.683953125 0.10465972222222222 0.00888671875 0.013888888888888888
3 0.6708398437499999 0.1108611111111111 0.01614453125 0.014381944444444445
3 0.6672109374999999 0.1170625 0.02507421875 0.013888888888888888
4 0.76182421875 0.12113194444444444 0.0504296875 0.10265972222222224
1 0.870859375 0.12494444444444444 0.038843749999999996 0.03167361111111111
3 0.6572421875 0.13433333333333333 0.02407421875 0.023465277777777776
5 0.6743828125 0.14840972222222223 0.0108359375 0.044583333333333336
3 0.58116015625 0.15886805555555555 0.03161328125 0.052298611111111115
5 0.62782421875 0.1621388888888889 0.015753906249999998 0.06837499999999999
5 0.84069140625 0.16666666666666666 0.018921874999999998 0.05381944444444445
4 0.708375 0.1882986111111111 0.08344140625 0.16777083333333334
5 0.3570390625 0.36507638888888894 0.030640624999999998 0.1547638888888889
0 0.780390625 0.05432638888888889 0.01791015625 0.0335625