4 0.11663541666666667 0.2107037037037037 0.04640104166666667 0.08623148148148148
5 0.145453125 0.21558333333333335 0.008796875000000001 0.04175925925925926
5 0.15475520833333334 0.21586111111111111 0.009098958333333332 0.04122222222222222
5 0.24353645833333332 0.24514814814814814 0.013385416666666667 0.07375925925925926
4 0.19366666666666665 0.2462314814814815 0.08330729166666666 0.1616203703703704
5 0.6213802083333333 0.26358333333333334 0.010041666666666667 0.02603703703703704
5 0.43970312500000003 0.2654814814814815 0.014 0.029833333333333333
1 0.4111666666666667 0.27443518518518517 0.09909375 0.09653703703703705
3 0.4888541666666667 0.2751944444444444 0.021770833333333333 0.05287962962962963
4 0.3278697916666667 0.278537037037037 0.10915104166666666 0.2267037037037037
5 0.5562291666666667 0.28121296296296294 0.025083333333333332 0.05694444444444444
5 0.469140625 0.28500925925925924 0.019786458333333333 0.09057407407407407
5 0.3846458333333333 0.2863611111111111 0.020427083333333332 0.10521296296296295
5 0.2540625 0.30995370370370373 0.019260416666666665 0.05261111111111111
5 0.651734375 0.31862962962962965 0.020161458333333333 0.1307037037037037
5 0.23484375 0.3194444444444444 0.017348958333333334 0.057490740740740745
3 0.6720468749999999 0.32115740740740745 0.021822916666666668 0.03725
3 0.47719791666666667 0.3219074074074074 0.018395833333333333 0.054379629629629625
5 0.6262604166666667 0.3281203703703704 0.025291666666666667 0.1420925925925926
3 0.528484375 0.33001851851851854 0.02938020833333333 0.06278703703703704
3 0.5638906250000001 0.3310740740740741 0.040364583333333336 0.0715
3 0.5801979166666666 0.33573148148148146 0.039515625000000006 0.07360185185185185
5 0.4336041666666667 0.3389722222222222 0.023765625000000002 0.1464351851851852
3 0.5894895833333333 0.34564814814814815 0.04390625 0.06759259259259259
3 0.6041927083333333 0.35014814814814815 0.018557291666666666 0.067
3 0.6752604166666667 0.3711851851851852 0.052572916666666664 0.09463888888888888
3 0.6913958333333333 0.3824444444444445 0.051057291666666664 0.10214814814814814
3 0.7205364583333334 0.3970185185185185 0.04236979166666666 0.08682407407407407
3 0.7326197916666667 0.41174074074074074 0.02090625 0.08983333333333333
2 0.85384375 0.4865462962962963 0.224265625 0.2547962962962963
3 0.9766510416666667 0.5023240740740741 0.025713541666666666 0.13819444444444445
3 0.9934895833333334 0.5355185185185185 0.013026041666666667 0.09884259259259259
5 0.5778177083333333 0.5497685185185185 0.06144791666666667 0.33101851851851855
5 0.482234375 0.5787037037037037 0.109046875 0.34876851851851853
5 0.7743958333333333 0.5995370370370371 0.07193229166666668 0.32407407407407407
5 0.7184062499999999 0.6238425925925926 0.05306770833333333 0.30787037037037035
3 0.14910937500000002 0.8033611111111111 0.18262499999999998 0.26403703703703707
5 0.2861875 0.8159722222222222 0.1026875 0.3680555555555556
5 0.04078645833333334 0.8761574074074074 0.07543229166666668 0.24768518518518517