3 0.743921875 0.10298148148148148 0.0094375 0.03642592592592593
3 0.7166614583333334 0.10627777777777778 0.02861979166666667 0.03777777777777778
3 0.7368281250000001 0.10998148148148149 0.011869791666666666 0.03751851851851852
3 0.6924739583333334 0.11240740740740741 0.0344375 0.03237037037037037
3 0.7116197916666667 0.11489814814814815 0.029708333333333333 0.04686111111111111
3 0.701953125 0.11697222222222223 0.030739583333333334 0.04142592592592593
3 0.6877031250000001 0.13212962962962962 0.03978645833333334 0.03593518518518519
3 0.6820260416666667 0.13705555555555557 0.029234375 0.03913888888888889
3 0.6798177083333333 0.1450462962962963 0.019666666666666666 0.03185185185185185
0 0.5827708333333333 0.1793611111111111 0.06413541666666667 0.11138888888888888
3 0.7244791666666667 0.21028703703703705 0.049796875 0.06814814814814814
1 0.505046875 0.24889814814814815 0.14605208333333333 0.13872222222222222
2 0.6828854166666667 0.3188333333333333 0.20431249999999998 0.23808333333333334
5 0.5565677083333332 0.37340740740740735 0.041505208333333335 0.1612777777777778
5 0.27844270833333334 0.3972685185185185 0.031067708333333333 0.1338425925925926
5 0.25423958333333335 0.4479259259259259 0.02509375 0.06646296296296296
5 0.22589062499999998 0.4569722222222222 0.03434375 0.14010185185185187
3 0.23127604166666668 0.47040740740740744 0.045953125000000004 0.08332407407407406
3 0.16425520833333335 0.5146481481481482 0.045375000000000006 0.12380555555555556
5 0.15305208333333334 0.5225925925925926 0.03924479166666666 0.14929629629629632
5 0.667453125 0.5230092592592592 0.04778125 0.23017592592592592
5 0.07754166666666666 0.6165833333333333 0.03459375 0.0740648148148148
5 0.053885416666666665 0.6405648148148148 0.025432291666666666 0.08065740740740741
3 0.017572916666666667 0.6699074074074074 0.03230729166666667 0.11752777777777779
3 0.6493645833333334 0.7139074074074074 0.15932291666666665 0.16587962962962963