4 0.19377604166666668 0.25578703703703703 0.07692708333333333 0.12731481481481483
5 0.633953125 0.2566111111111111 0.017906250000000002 0.07111111111111111
5 0.5748333333333334 0.2599537037037037 0.015020833333333334 0.0675
3 0.5761406250000001 0.2988611111111111 0.058208333333333334 0.05255555555555556
4 0.3231822916666667 0.30642592592592593 0.12070833333333333 0.26415740740740745
3 0.6171614583333334 0.3225648148148148 0.04402083333333333 0.04740740740740741
3 0.6313593750000001 0.34703703703703703 0.043432291666666664 0.07368518518518519
3 0.6577291666666666 0.3547685185185185 0.0480625 0.07987037037037037
3 0.71684375 0.38723148148148145 0.07121875000000001 0.09326851851851853
5 0.4144479166666667 0.39739814814814817 0.039203125 0.2151574074074074
5 0.9820625 0.4124814814814815 0.026036458333333335 0.11181481481481483
5 0.7851145833333334 0.42200925925925925 0.029802083333333333 0.08244444444444445
3 0.8259687499999999 0.4279351851851852 0.059921875 0.09841666666666667
5 0.8709166666666667 0.4488055555555555 0.023442708333333333 0.08553703703703704
5 0.9130729166666666 0.4660648148148148 0.03181770833333333 0.09532407407407407
3 0.9927812500000001 0.521712962962963 0.014432291666666668 0.0942962962962963