3 0.722765625 0.07013888888888889 0.02415625 0.025
1 0.811421875 0.08333333333333333 0.026468750000000003 0.03194444444444444
3 0.72169140625 0.0875 0.018199218750000003 0.011111111111111112
1 0.84988671875 0.0875 0.047933593749999996 0.02638888888888889
3 0.7184375000000001 0.09305555555555556 0.022105468750000003 0.013888888888888888
5 0.6973828125 0.09340277777777778 0.00541796875 0.022916666666666665
5 0.6919140625 0.096875 0.009328125 0.021527777777777778
1 0.85476953125 0.10277777777777777 0.056914062499999994 0.03888888888888889
1 0.8096640624999999 0.10347222222222222 0.025296875000000003 0.043055555555555555
3 0.672203125 0.11089583333333333 0.01366015625 0.01172222222222222
3 0.67073828125 0.1130625 0.0180546875 0.009986111111111112
5 0.8857421875 0.11440277777777778 0.0095 0.057749999999999996
5 0.72755078125 0.11666666666666667 0.0127265625 0.03333333333333333
3 0.6681796875 0.12453472222222223 0.020023437499999998 0.0148125
1 0.8672460937500001 0.12518055555555554 0.03292578125 0.034722222222222224
5 0.79344140625 0.13125 0.00857421875 0.04953472222222222
3 0.66105859375 0.13680555555555557 0.03667578125 0.04027777777777778
5 0.78120703125 0.16296527777777778 0.02058203125 0.05
1 0.61377734375 0.16319444444444445 0.08943359375 0.09027777777777778
5 0.8171367187499999 0.16805555555555557 0.0116875 0.043520833333333335
4 0.70606640625 0.19305555555555556 0.0946796875 0.18333333333333332
5 0.31196875 0.3090277777777778 0.021812500000000002 0.1375
5 0.30133984375 0.3402777777777778 0.03877734375 0.1527777777777778
5 0.828 0.45 0.051468749999999994 0.24722222222222223
5 0.1281328125 0.4913194444444444 0.03845703125 0.1840277777777778
5 0.76698046875 0.51875 0.050582031250000006 0.12361111111111112
5 0.78483984375 0.06296527777777777 0.00907421875 0.034256944444444444