5 0.7363125 0.10729629629629629 0.010057291666666666 0.03523148148148148
5 0.7208177083333334 0.10789814814814815 0.013161458333333332 0.060194444444444446
5 0.715453125 0.11252777777777778 0.010484374999999999 0.06487962962962962
0 0.6708072916666666 0.1329074074074074 0.05138541666666666 0.0849537037037037
3 0.7547447916666666 0.13381481481481483 0.035921875 0.08151851851851852
3 0.7013489583333333 0.1338425925925926 0.012484374999999999 0.033490740740740745
5 0.656171875 0.14292592592592593 0.013682291666666667 0.04473148148148148
5 0.6357291666666666 0.15195370370370373 0.0133125 0.0642962962962963
3 0.7265520833333333 0.15643518518518518 0.017489583333333333 0.03144444444444445
5 0.5861354166666667 0.1665462962962963 0.012942708333333334 0.03414814814814815
5 0.7516875 0.17270370370370372 0.024822916666666663 0.04633333333333333
5 0.6051041666666667 0.17326851851851852 0.014296874999999999 0.0470462962962963
3 0.7067708333333333 0.17756481481481481 0.030312500000000003 0.027203703703703702
5 0.6724635416666668 0.18883333333333333 0.009442708333333332 0.04633333333333333
5 0.5860833333333333 0.19187962962962962 0.015166666666666667 0.07042592592592593
5 0.6229895833333334 0.19261111111111112 0.01915625 0.07116666666666667
5 0.690546875 0.1947777777777778 0.021343749999999998 0.04427777777777778
5 0.5730052083333333 0.19642592592592592 0.013791666666666667 0.07725000000000001
5 0.652265625 0.19647222222222221 0.010828125 0.07435185185185185
3 0.49228124999999995 0.1969074074074074 0.03615104166666667 0.051805555555555556
5 0.6606145833333333 0.19822222222222224 0.020755208333333334 0.06787962962962964
3 0.493953125 0.2120462962962963 0.03494791666666666 0.04593518518518518
3 0.5530729166666667 0.2146759259259259 0.032651041666666665 0.06169444444444444
3 0.6974895833333333 0.2159351851851852 0.05659895833333333 0.06076851851851851
3 0.5406822916666666 0.2265185185185185 0.03916666666666667 0.06003703703703704
3 0.5329635416666666 0.2431296296296296 0.0401875 0.07022222222222223
1 0.7303072916666667 0.25217592592592597 0.09975520833333333 0.07771296296296297
3 0.5183541666666667 0.25355555555555553 0.040026041666666665 0.08456481481481481
3 0.49557291666666664 0.27143518518518517 0.04271354166666667 0.07461111111111111
3 0.47235416666666663 0.2845185185185185 0.04438541666666666 0.07820370370370369
3 0.411390625 0.28678703703703706 0.048015625 0.07787037037037037
3 0.42028125000000005 0.2901666666666667 0.03367708333333333 0.050462962962962966
3 0.46240625 0.2923148148148148 0.04949479166666667 0.07858333333333334
1 0.6061041666666667 0.29862962962962963 0.15051562500000001 0.14532407407407405
5 0.4700520833333333 0.3080462962962963 0.027677083333333335 0.09227777777777778
1 0.694640625 0.3098888888888889 0.17469270833333334 0.10792592592592593
1 0.6731874999999999 0.43045370370370367 0.22255208333333334 0.23314814814814816
1 0.48993749999999997 0.4470092592592592 0.16368229166666665 0.2008425925925926
5 0.5518333333333333 0.4527037037037037 0.035229166666666666 0.19043518518518518
3 0.23411458333333332 0.4584537037037037 0.04752083333333333 0.1009537037037037
3 0.21517708333333332 0.47096296296296297 0.04333854166666666 0.10924074074074075
3 0.20319791666666667 0.4910092592592592 0.053390625000000004 0.10687962962962963
3 0.18215104166666668 0.5121018518518519 0.043140625 0.10702777777777778
3 0.16158333333333333 0.5206759259259259 0.044708333333333336 0.11216666666666666
3 0.14045833333333332 0.5469074074074074 0.04828645833333333 0.10974074074074074
3 0.12166145833333333 0.5739537037037037 0.05003645833333333 0.08824074074074074
3 0.10258333333333333 0.5920648148148148 0.04826041666666667 0.10586111111111111
3 0.082265625 0.6062962962962962 0.045859375 0.10089814814814815
3 0.06552604166666667 0.6152129629629629 0.04199479166666666 0.1120462962962963
3 0.03897916666666667 0.6422037037037037 0.040796874999999996 0.11699999999999999
5 0.75459375 0.0658611111111111 0.004255208333333333 0.012953703703703703
3 0.022427083333333334 0.6618425925925926 0.041817708333333335 0.1135
3 0.008489583333333333 0.7030185185185185 0.016984375 0.08236111111111111
5 0.7431249999999999 0.07147222222222221 0.0049635416666666664 0.013564814814814816
1 0.65259375 0.7808333333333333 0.36111458333333335 0.4061388888888889
5 0.7525625 0.0789537037037037 0.010791666666666666 0.026296296296296293
5 0.7189583333333334 0.08130555555555556 0.005765625 0.020953703703703704
5 0.730953125 0.08408333333333333 0.011609375 0.02847222222222222