3 0.7154635416666667 0.09939814814814814 0.0189375 0.02450925925925926
3 0.7070364583333333 0.10729629629629629 0.016796875 0.023962962962962964
3 0.6959479166666667 0.12840740740740741 0.026135416666666668 0.04257407407407407
0 0.7541979166666667 0.13078703703703703 0.049130208333333335 0.08101851851851852
0 0.670890625 0.13194444444444445 0.05848958333333333 0.09104629629629629
5 0.7203906250000001 0.13935185185185187 0.015135416666666667 0.06759259259259259
5 0.7283333333333334 0.14351851851851852 0.020088541666666668 0.05648148148148148
3 0.6373489583333334 0.16064814814814815 0.031614583333333335 0.03425925925925926
3 0.6225104166666667 0.1736111111111111 0.031098958333333333 0.032407407407407406
3 0.7075 0.1745648148148148 0.012817708333333334 0.029953703703703705
3 0.7430260416666666 0.17483333333333334 0.04527083333333334 0.03376851851851852
3 0.60271875 0.18564814814814815 0.029026041666666665 0.019444444444444445
3 0.6993802083333333 0.19880555555555557 0.02108854166666667 0.01525
3 0.5837135416666667 0.2023148148148148 0.04101041666666667 0.041666666666666664
3 0.4953125 0.20619444444444443 0.036109375 0.07336111111111111
3 0.708875 0.21323148148148147 0.025374999999999998 0.03431481481481482
3 0.5709583333333333 0.22037037037037038 0.033203125 0.03518518518518519
3 0.5592395833333333 0.23055555555555557 0.03997916666666667 0.037037037037037035
3 0.5377708333333333 0.23778703703703705 0.043828125 0.07357407407407407
1 0.7242552083333333 0.24189814814814814 0.10121354166666667 0.034722222222222224
3 0.5266510416666667 0.25067592592592597 0.04515625 0.0685925925925926
3 0.515171875 0.2564814814814815 0.04664583333333334 0.08248148148148148
1 0.630390625 0.2683611111111111 0.11036458333333334 0.1663611111111111
3 0.49004166666666665 0.2706574074074074 0.0458125 0.07436111111111111
3 0.4116927083333334 0.28076851851851853 0.0488125 0.07592592592592592
3 0.4727760416666667 0.28479629629629627 0.047343750000000004 0.07799074074074075
3 0.464140625 0.2931666666666667 0.050109375 0.08290740740740742
1 0.6962552083333333 0.3055555555555556 0.172828125 0.06944444444444445
3 0.43173958333333334 0.3158796296296296 0.04859895833333334 0.08233333333333334
5 0.21329166666666666 0.3738425925925926 0.027213541666666667 0.08101851851851852
1 0.33175520833333333 0.37962962962962965 0.09746874999999999 0.2037037037037037
1 0.6702135416666667 0.4351851851851852 0.23011979166666666 0.2175925925925926
3 0.23059895833333333 0.44814814814814813 0.03790625 0.07037037037037037
3 0.21029166666666665 0.4634259259259259 0.032703125 0.07314814814814814
5 0.6585156249999999 0.49537037037037035 0.047875 0.17592592592592593
3 0.18008854166666666 0.5023148148148148 0.03376041666666666 0.08611111111111111
3 0.15717708333333333 0.513425925925926 0.03480729166666666 0.075
3 0.22226041666666668 0.5180555555555556 0.068109375 0.09537037037037037
3 0.13972916666666665 0.5481481481481482 0.040546874999999996 0.06296296296296296
3 0.11681770833333333 0.5689814814814815 0.04159375 0.06574074074074074
3 0.09416666666666668 0.5782407407407407 0.024421875 0.06018518518518518
5 0.06240104166666667 0.6171296296296296 0.03380729166666666 0.1527777777777778
3 0.048614583333333336 0.6337962962962963 0.026078125 0.10092592592592593
3 0.10561979166666666 0.6467592592592593 0.053578125000000004 0.0787037037037037
5 0.03166145833333333 0.6546296296296297 0.04211458333333333 0.16296296296296298
3 0.01578125 0.6671296296296296 0.018687500000000003 0.0787037037037037
3 0.00321875 0.6907407407407408 0.0064375 0.10740740740740741
3 0.734453125 0.07162037037037036 0.021994791666666666 0.02124074074074074
1 0.6578333333333333 0.7858796296296297 0.36941666666666667 0.3819444444444444
3 0.7303177083333333 0.08087962962962962 0.022916666666666665 0.022333333333333334
3 0.7237343749999999 0.08306481481481481 0.023838541666666668 0.02450925925925926