5 0.28935937500000003 0.21412037037037038 0.011442708333333333 0.03294444444444444
1 0.11102604166666666 0.23350925925925925 0.05290104166666666 0.038
5 0.24933854166666666 0.24409259259259258 0.014421875 0.06917592592592592
4 0.19290625 0.2501296296296296 0.09158333333333334 0.16675925925925925
4 0.253046875 0.26254629629629633 0.02108854166666667 0.03623148148148148
3 0.4705364583333333 0.2716851851851852 0.05655208333333333 0.06782407407407408
4 0.3230625 0.28329629629629627 0.11591145833333334 0.23190740740740742
5 0.1295625 0.28375925925925927 0.018406250000000002 0.07107407407407408
3 0.5789635416666666 0.2965740740740741 0.020374999999999997 0.03692592592592593
5 0.5580104166666667 0.32714814814814813 0.028161458333333333 0.14326851851851852
3 0.25477083333333334 0.32887962962962963 0.0374375 0.08789814814814816
3 0.5846770833333333 0.3301111111111111 0.031552083333333335 0.0974351851851852
3 0.5963489583333333 0.3343703703703704 0.04138541666666666 0.09634259259259259
3 0.6165052083333333 0.33819444444444446 0.04507291666666667 0.10137037037037037
3 0.6352447916666667 0.3413611111111111 0.04839583333333333 0.10595370370370372
3 0.6565989583333334 0.3532777777777778 0.05396354166666666 0.10232407407407408
3 0.6753281250000001 0.3658611111111111 0.06169270833333333 0.10126851851851852
3 0.6882291666666667 0.37526851851851856 0.058953125 0.10486111111111111
3 0.7196250000000001 0.3856203703703704 0.04801041666666667 0.11458333333333333
3 0.7478125 0.3985185185185185 0.05396354166666666 0.11162962962962963
5 0.8736666666666667 0.4022037037037037 0.03310416666666667 0.1236388888888889
3 0.770109375 0.4040185185185185 0.05098958333333334 0.12346296296296297
3 0.8974322916666666 0.408287037037037 0.023546875000000002 0.042305555555555555
5 0.8371770833333334 0.4138055555555556 0.03911458333333333 0.18041666666666667
3 0.8001354166666667 0.4230462962962963 0.03921875 0.1120462962962963
3 0.90690625 0.42438888888888887 0.029015625 0.07000925925925926
3 0.9205989583333333 0.44273148148148145 0.028593749999999998 0.05728703703703703
3 0.8039427083333333 0.4433425925925926 0.031375 0.10148148148148148
5 0.9421822916666667 0.4749351851851851 0.030484375 0.20255555555555554
3 0.97271875 0.5002037037037037 0.0300625 0.15200925925925926
3 0.8727864583333333 0.5033888888888889 0.110296875 0.1508888888888889
3 0.9511406250000001 0.5125648148148149 0.015119791666666667 0.09734259259259259
3 0.9939791666666667 0.5137222222222223 0.012041666666666668 0.06160185185185185
3 0.9943281249999999 0.5845648148148148 0.011348958333333332 0.08253703703703703
3 0.24838020833333332 0.8433425925925926 0.10699479166666667 0.3133148148148148