4 0.12180208333333334 0.2060925925925926 0.028473958333333334 0.0661851851851852
4 0.21034375 0.25849074074074074 0.10853125 0.17600000000000002
4 0.3200677083333333 0.276037037037037 0.10233333333333333 0.21812037037037035
5 0.5155520833333334 0.28105555555555556 0.022869791666666663 0.055657407407407405
3 0.5776041666666667 0.33370370370370367 0.05948958333333333 0.06769444444444445
3 0.5203333333333333 0.34123148148148147 0.02392708333333333 0.061675925925925926
3 0.6189166666666667 0.34699074074074077 0.04452604166666666 0.07321296296296295
3 0.6413385416666666 0.3547685185185185 0.05213020833333334 0.06568518518518518
3 0.6411979166666666 0.3667962962962963 0.01688020833333333 0.06368518518518519
3 0.6747656249999999 0.37407407407407406 0.05250520833333334 0.08825000000000001
5 0.7967604166666666 0.38360185185185186 0.017171875 0.16046296296296297
3 0.7124270833333333 0.39512962962962966 0.05102083333333333 0.08424074074074074
3 0.7493697916666666 0.40114814814814814 0.052703124999999997 0.08223148148148149
5 0.9908020833333333 0.436 0.018281250000000002 0.07772222222222222
3 0.8300416666666667 0.4387592592592593 0.06850520833333333 0.09526851851851852
5 0.8885572916666666 0.4585648148148148 0.03615625 0.08173148148148147
3 0.9589166666666666 0.49867592592592597 0.06282291666666667 0.09978703703703704
3 0.9940729166666666 0.5302685185185185 0.011848958333333333 0.08875