5 0.2533489583333333 0.022000000000000002 0.018109375 0.044000000000000004
3 0.6689739583333334 0.24123148148148146 0.08928124999999999 0.11282407407407406
4 0.20040624999999998 0.02962037037037037 0.05544270833333333 0.05924074074074074
3 0.8288593750000001 0.2883611111111111 0.085890625 0.11950000000000001
3 0.7384843750000001 0.29689814814814813 0.0270625 0.1395462962962963
3 0.79409375 0.36598148148148146 0.09052083333333334 0.10996296296296297
5 0.34621875 0.04106481481481482 0.008510416666666666 0.03754629629629629
3 0.8180208333333333 0.4431203703703704 0.10613020833333334 0.12321296296296295
3 0.16279166666666667 0.04780555555555556 0.011213541666666667 0.044000000000000004
3 0.25450520833333334 0.052500000000000005 0.008541666666666666 0.04047222222222222
5 0.3924114583333333 0.09150925925925926 0.025156249999999998 0.12318518518518518
5 0.3384635416666667 0.09210185185185185 0.019401041666666667 0.11497222222222223