5 0.16775520833333332 0.19866666666666666 0.010807291666666666 0.019287037037037037
5 0.14497395833333335 0.21538888888888888 0.005338541666666667 0.041574074074074076
5 0.13255729166666666 0.21581481481481482 0.006479166666666666 0.030435185185185183
5 0.13834375000000002 0.21581481481481482 0.007442708333333333 0.04243518518518519
5 0.26876041666666667 0.2273888888888889 0.014145833333333333 0.029574074074074076
3 0.2725208333333333 0.2614722222222222 0.018109375 0.031212962962962963
4 0.32536458333333335 0.2687685185185185 0.11505208333333333 0.21810185185185185
5 0.6210260416666666 0.27239814814814817 0.009348958333333332 0.02786111111111111
1 0.4126822916666667 0.27899999999999997 0.07911979166666666 0.09911111111111112
5 0.5590677083333334 0.28053703703703703 0.019010416666666665 0.06043518518518518
5 0.6560989583333333 0.2944722222222222 0.014395833333333333 0.08315740740740742
5 0.3666770833333333 0.29703703703703704 0.0156875 0.10801851851851851
5 0.39451562500000004 0.3026111111111111 0.022151041666666666 0.11573148148148148
3 0.247578125 0.30446296296296294 0.020067708333333333 0.04928703703703703
5 0.18150520833333333 0.31611111111111106 0.030114583333333333 0.05100925925925926
5 0.22839062499999999 0.32233333333333336 0.028895833333333332 0.09172222222222222
5 0.5980000000000001 0.32339814814814816 0.019723958333333333 0.1427314814814815
3 0.5405052083333334 0.32581481481481483 0.019973958333333333 0.05475925925925926
3 0.5606770833333333 0.3318425925925926 0.03936979166666667 0.06789814814814815
3 0.5753072916666666 0.33923148148148147 0.03474479166666666 0.06406481481481481
5 0.6228333333333332 0.34075925925925926 0.015854166666666666 0.1405925925925926
3 0.5790000000000001 0.34744444444444444 0.022427083333333334 0.061879629629629625
5 0.5188125 0.34847222222222224 0.026255208333333332 0.16887962962962963
5 0.4453802083333333 0.3521203703703704 0.02646875 0.17102777777777778
5 0.47515625 0.36754629629629626 0.029223958333333334 0.19416666666666665
3 0.6812708333333333 0.36989814814814814 0.06679166666666667 0.08487962962962962
3 0.6971302083333334 0.38139814814814815 0.061546875 0.09363888888888888
5 0.3042135416666667 0.38834259259259263 0.03153125 0.08915740740740741
3 0.7203854166666667 0.39508333333333334 0.03905729166666667 0.09473148148148149
5 0.2731145833333333 0.3962685185185185 0.029130208333333334 0.08958333333333333
3 0.731625 0.40932407407407406 0.021500000000000002 0.08597222222222221
2 0.854515625 0.48817592592592596 0.21491145833333333 0.25025
3 0.9747916666666666 0.5029629629629631 0.028552083333333332 0.1462037037037037
3 0.992421875 0.5358148148148147 0.015151041666666667 0.10459259259259258
3 0.13265625 0.7918888888888889 0.14289583333333333 0.28127777777777774
5 0.2645989583333333 0.8159722222222222 0.1324375 0.3680555555555556
5 0.8795416666666667 0.8252314814814815 0.09880208333333333 0.3449074074074074