5 0.8480703125 0.2997708333333333 0.005265625 0.03935416666666667
5 0.9116992187499999 0.3237847222222222 0.0069140625 0.04109027777777778
5 0.8221953125000001 0.3408541666666667 0.013296875 0.06597222222222222
5 0.8744335937500001 0.3477986111111111 0.01243359375 0.06597222222222222
5 0.8975390624999999 0.3527222222222222 0.009035156249999999 0.06192361111111111
5 0.86909375 0.36909722222222224 0.017343749999999998 0.05138888888888889
5 0.6617031250000001 0.41815277777777776 0.02520703125 0.11409027777777778
5 0.68180859375 0.4253472222222222 0.031472656249999995 0.1284722222222222
5 0.6282265625 0.45634722222222224 0.02296484375 0.057541666666666665
5 0.60591015625 0.5183541666666667 0.029652343749999997 0.16567361111111112
5 0.64408203125 0.5190972222222222 0.028578125 0.1840277777777778
5 0.36024609375 0.5393541666666667 0.0537265625 0.19213194444444445
5 0.6121523437499999 0.5671319444444444 0.04973046875 0.1990763888888889
4 0.13565234375 0.5682847222222223 0.27130078125 0.37731250000000005