5 0.6506770833333333 0.25720370370370366 0.004854166666666667 0.027777777777777776
5 0.6722291666666667 0.2854907407407407 0.008604166666666666 0.020574074074074074
5 0.6887187499999999 0.29012037037037036 0.006286458333333333 0.012342592592592593
5 0.7068020833333333 0.30169444444444443 0.009458333333333334 0.025203703703703704
3 0.6720885416666668 0.30400925925925926 0.006 0.018518518518518517
5 0.6933489583333333 0.30863888888888885 0.010911458333333334 0.023666666666666666
3 0.6827916666666667 0.31301851851851853 0.014677083333333334 0.025203703703703704
2 0.5633072916666666 0.3202129629629629 0.056380208333333334 0.02623148148148148
3 0.690890625 0.3328148148148148 0.01178125 0.02675
0 0.5745989583333333 0.37175925925925923 0.05091145833333333 0.10277777777777777
0 0.5954322916666667 0.3972222222222222 0.052984375 0.12037037037037036
0 0.7236302083333332 0.4083333333333333 0.051796875 0.15185185185185185
3 0.7628489583333333 0.45601851851851855 0.047838541666666665 0.047842592592592596
3 0.7776041666666667 0.4591018518518518 0.046109375 0.02623148148148148
3 0.5852760416666667 0.4671296296296296 0.06705208333333333 0.049074074074074076
3 0.7841145833333333 0.47839814814814813 0.06086458333333333 0.03395370370370371
3 0.5519479166666666 0.49953703703703706 0.081640625 0.026851851851851852
3 0.800171875 0.5 0.06521354166666667 0.03086111111111111
3 0.8335833333333333 0.5277777777777778 0.06609375 0.037037037037037035
3 0.77890625 0.529324074074074 0.04697916666666667 0.03086111111111111
3 0.5437031250000001 0.5362685185185185 0.085984375 0.09784259259259259
3 0.8635260416666667 0.5578703703703703 0.06870833333333333 0.05092592592592592
3 0.4769583333333333 0.5657407407407408 0.09625 0.06481481481481481
3 0.5342395833333333 0.5692870370370371 0.0983125 0.08858333333333333
3 0.7971354166666667 0.5717592592592593 0.060869791666666666 0.0663611111111111
5 0.738265625 0.5732962962962963 0.05427604166666666 0.14351851851851852
3 0.8769791666666666 0.5910462962962963 0.069578125 0.052472222222222226
3 0.45482812499999997 0.5930555555555556 0.10511458333333333 0.058333333333333334
3 0.43764583333333335 0.6259259259259259 0.10823958333333333 0.07037037037037037
3 0.9242812499999999 0.6334907407407407 0.06699479166666666 0.0663611111111111
3 0.813625 0.6419722222222223 0.09211979166666667 0.10493518518518519
3 0.8691718749999999 0.6689814814814815 0.10082291666666668 0.06326851851851852
3 0.015854166666666666 0.6712962962962963 0.031171875 0.14153703703703704
3 0.8526822916666668 0.6743796296296297 0.08866145833333333 0.10493518518518519
3 0.9654322916666668 0.6813240740740741 0.06913020833333333 0.0941388888888889
3 0.4276770833333333 0.6891574074074074 0.11898958333333334 0.14197222222222222
3 0.7455572916666667 0.699462962962963 0.033505208333333335 0.16589814814814813
5 0.13783854166666665 0.7050277777777777 0.06658854166666667 0.3082037037037037
3 0.35762499999999997 0.714287037037037 0.130671875 0.13932407407407407
3 0.87525 0.7160462962962963 0.1095 0.06481481481481481
3 0.9849635416666668 0.7476851851851852 0.03006770833333333 0.047842592592592596
3 0.9724479166666666 0.7538611111111111 0.05399479166666667 0.12191666666666666
3 0.8756822916666667 0.7669722222222223 0.12425520833333333 0.06789814814814815
3 0.978890625 0.7978425925925926 0.04222395833333333 0.07715740740740741
3 0.8687447916666666 0.8425925925925926 0.14681770833333332 0.18518518518518517
3 0.8817552083333333 0.8734537037037038 0.06871354166666667 0.052472222222222226