5 0.6446354166666667 0.2575555555555556 0.007932291666666667 0.03362962962962963
5 0.6523385416666667 0.2575555555555556 0.005682291666666667 0.013157407407407408
3 0.6537083333333332 0.27387962962962964 0.0073281250000000004 0.011694444444444445
5 0.6685052083333333 0.2814351851851852 0.008416666666666666 0.02387962962962963
5 0.6783750000000001 0.2831388888888889 0.005671875000000001 0.024370370370370372
5 0.6848229166666666 0.29989814814814814 0.00659375 0.02262962962962963
2 0.5962291666666667 0.30185185185185187 0.02645833333333333 0.027777777777777776
5 0.68015625 0.30287962962962967 0.005395833333333333 0.026805555555555555
1 0.5384322916666666 0.3226851851851852 0.03288541666666667 0.03796296296296296
3 0.6680364583333334 0.32275 0.017875 0.033407407407407406
3 0.7007916666666667 0.32654629629629633 0.026489583333333334 0.0295
3 0.6830885416666667 0.33025 0.010187499999999999 0.023666666666666666
1 0.603953125 0.33772222222222226 0.04323958333333333 0.05555555555555555
5 0.5407708333333333 0.33935185185185185 0.009291666666666667 0.04537037037037037
3 0.6980364583333334 0.3648148148148148 0.011593750000000002 0.044444444444444446
0 0.5762760416666667 0.3674444444444444 0.043796875 0.08284259259259259
3 0.6162916666666667 0.39425000000000004 0.023505208333333336 0.06042592592592593
0 0.7256302083333334 0.4019814814814815 0.04917708333333334 0.12812037037037038
3 0.5912083333333332 0.42641666666666667 0.05722395833333334 0.031185185185185184
5 0.64378125 0.42939814814814814 0.02371875 0.12345370370370372
3 0.76371875 0.43260185185185185 0.055203125 0.036175925925925924
3 0.58421875 0.441037037037037 0.05640104166666667 0.038009259259259257
3 0.7818802083333334 0.45230555555555557 0.05713541666666667 0.03510185185185185
3 0.780671875 0.46705555555555556 0.06004166666666667 0.031870370370370375
3 0.5805208333333333 0.4748981481481481 0.06380729166666667 0.08333333333333333
3 0.5561458333333333 0.48553703703703704 0.068859375 0.052083333333333336
3 0.8085260416666666 0.4955833333333334 0.027093750000000003 0.042851851851851856
3 0.8329947916666666 0.5109814814814815 0.06731250000000001 0.0422037037037037
3 0.5493125 0.516787037037037 0.07732291666666667 0.0775462962962963
3 0.8329947916666666 0.5216388888888889 0.07482291666666667 0.05792592592592593
3 0.8611614583333334 0.5455462962962964 0.06719791666666668 0.05232407407407407
3 0.870421875 0.558787037037037 0.08208333333333333 0.06330555555555556
3 0.8135052083333334 0.5588888888888889 0.033656250000000006 0.0708425925925926
3 0.5297864583333334 0.5642407407407407 0.09034895833333333 0.1261574074074074
3 0.47673437500000004 0.5810185185185185 0.1014375 0.11342592592592593
3 0.4692447916666667 0.6209537037037037 0.107296875 0.1400462962962963
3 0.8321145833333333 0.6251574074074073 0.07789583333333333 0.12132407407407407
3 0.43702083333333336 0.6354166666666666 0.14180729166666667 0.1712962962962963
3 0.9229010416666666 0.6422407407407408 0.09135937499999999 0.1248425925925926
3 0.8624166666666666 0.6774722222222221 0.11346875000000001 0.10308333333333333
3 0.36159375 0.7114166666666667 0.1281875 0.16358333333333333
5 0.1454895833333333 0.7179814814814814 0.06491666666666666 0.3063240740740741
2 0.6453802083333334 0.7391944444444445 0.29992708333333334 0.5216018518518519
3 0.8795989583333333 0.7496944444444444 0.128390625 0.18333333333333332
3 0.9014687499999999 0.7861111111111111 0.13393750000000001 0.1450648148148148