5 0.26191145833333335 0.2614259259259259 0.018776041666666667 0.09732407407407408
5 0.45126041666666666 0.2649166666666667 0.025953125 0.08333333333333333
1 0.398546875 0.27799074074074076 0.08093750000000001 0.10493518518518519
5 0.5556979166666667 0.2839537037037037 0.029963541666666666 0.06789814814814815
5 0.6607135416666666 0.29444444444444445 0.020088541666666668 0.08600925925925926
3 0.237546875 0.3091574074074074 0.03810416666666667 0.08950925925925926
3 0.4825052083333333 0.3142962962962963 0.014369791666666666 0.0730462962962963
5 0.6077708333333334 0.3227314814814815 0.02184375 0.1425925925925926
3 0.5270572916666667 0.3297314814814815 0.035182291666666664 0.08538888888888889
5 0.6277760416666667 0.3366388888888889 0.02734375 0.15475925925925924
3 0.5852083333333333 0.3441388888888889 0.029953125 0.07922222222222222
5 0.463 0.3458981481481481 0.028151041666666664 0.18650925925925926
3 0.7145572916666667 0.3600833333333333 0.06064583333333333 0.03086111111111111
3 0.6567031249999999 0.37448148148148147 0.023640625000000002 0.08230555555555556
3 0.6833177083333334 0.3888888888888889 0.035203125 0.08436111111111111
2 0.8447604166666667 0.4361111111111111 0.23308854166666665 0.29238888888888886
5 0.8676354166666667 0.4742777777777778 0.03577604166666667 0.18518518518518517
5 0.8251666666666666 0.4992777777777778 0.039265625 0.1388888888888889
5 0.707890625 0.5223796296296296 0.06730729166666666 0.2854907407407407
3 0.9937395833333333 0.5303518518518519 0.012526041666666666 0.10596296296296297
5 0.9541302083333334 0.5994907407407408 0.049052083333333336 0.2919722222222222
3 0.8363854166666667 0.6301481481481481 0.05777604166666667 0.14094444444444446
3 0.9483437499999999 0.6358055555555555 0.09997395833333332 0.18724074074074074
5 0.7610104166666667 0.6567962962962963 0.08948958333333333 0.3580277777777778
5 0.8750416666666666 0.7330185185185185 0.09050520833333334 0.31789814814814815
3 0.148953125 0.793212962962963 0.18902604166666667 0.2901296296296296