1 0.85634765625 0.08255555555555555 0.036203125 0.010861111111111111
1 0.80999609375 0.0850625 0.028984375 0.035361111111111114
1 0.8097578125 0.10232638888888888 0.02350390625 0.0398125
1 0.8572109375 0.10482638888888889 0.05891015625 0.032576388888888884
3 0.6676484375 0.11752777777777779 0.02252734375 0.013506944444444445
3 0.66395703125 0.12157638888888889 0.030343750000000003 0.017756944444444443
1 0.87083203125 0.1259861111111111 0.0404375 0.029791666666666664
3 0.6583125 0.13624305555555555 0.034687499999999996 0.030875
5 0.82312890625 0.15416666666666667 0.0131640625 0.06944444444444445
3 0.5810390625 0.1606388888888889 0.0290703125 0.053111111111111116
5 0.61816796875 0.1851875 0.021855468750000002 0.09722222222222222
4 0.7008281249999999 0.19675694444444444 0.09082812500000001 0.1851875
5 0.09221484375 0.4988402777777778 0.032453125 0.1087986111111111
5 0.7704765625000001 0.5241388888888889 0.047832031250000004 0.12301388888888888
5 0.15535156249999998 0.6782430555555555 0.06758203125 0.2638888888888889