5 0.7429427083333333 0.0955462962962963 0.011630208333333333 0.02912037037037037
3 0.7154270833333333 0.10683333333333334 0.026932291666666667 0.0330925925925926
3 0.71146875 0.11896296296296295 0.028281249999999997 0.04237037037037037
3 0.7029218749999999 0.12502777777777777 0.012036458333333333 0.03174074074074074
3 0.7125625 0.12682407407407406 0.010260416666666666 0.034138888888888885
3 0.7010677083333333 0.13483333333333333 0.00984375 0.03459259259259259
0 0.6709322916666667 0.13680555555555557 0.051145833333333335 0.09281481481481481
0 0.7548802083333332 0.13862037037037037 0.038177083333333334 0.08736111111111111
3 0.7476302083333334 0.17744444444444443 0.04210416666666667 0.023055555555555555
1 0.591359375 0.18385185185185185 0.12168229166666666 0.11961111111111111
3 0.730484375 0.18639814814814815 0.032046875 0.02153703703703704
5 0.6606302083333334 0.18980555555555556 0.024213541666666668 0.0714537037037037
3 0.6718541666666666 0.20337037037037037 0.0134375 0.04111111111111111
3 0.49522916666666666 0.20800925925925925 0.03455208333333334 0.07210185185185186
3 0.725875 0.21794444444444444 0.05183333333333333 0.05125925925925926
3 0.6825156250000001 0.22532407407407407 0.05002604166666667 0.045907407407407404
5 0.3821614583333333 0.28062037037037035 0.026213541666666666 0.09757407407407406
3 0.417265625 0.2813796296296296 0.04396354166666667 0.06903703703703704
2 0.6825364583333333 0.3211296296296296 0.20409895833333333 0.2367037037037037
5 0.25815104166666664 0.4463148148148148 0.022015625 0.06979629629629629
5 0.23048958333333333 0.4466574074074074 0.0389375 0.11420370370370371
5 0.16828125000000002 0.4715462962962963 0.053307291666666666 0.1253611111111111
5 0.19994270833333333 0.4751018518518519 0.020630208333333334 0.1519351851851852
3 0.24324479166666665 0.48707407407407405 0.025151041666666665 0.05110185185185185
3 0.2191979166666667 0.49907407407407406 0.027505208333333333 0.06362037037037037
3 0.16332291666666665 0.5157592592592593 0.04541666666666667 0.1262037037037037
5 0.10741666666666667 0.5207407407407407 0.019640625000000002 0.06614814814814815
3 0.127265625 0.5733055555555555 0.043421875000000006 0.09722222222222222
5 0.06897395833333334 0.631 0.034645833333333334 0.08273148148148148
3 0.5316875 0.6310462962962963 0.12451041666666667 0.15433333333333335
3 0.018421874999999997 0.6742962962962963 0.030765625 0.10950925925925925
3 0.6510989583333333 0.7134907407407408 0.15552604166666667 0.17225000000000001