5 0.7117291666666666 0.11873148148148147 0.010692708333333334 0.07648148148148147
5 0.7258385416666666 0.12475925925925926 0.016953125 0.06198148148148148
5 0.7018020833333334 0.12737962962962962 0.009093750000000001 0.06721296296296296
5 0.6814791666666667 0.12887962962962962 0.006578125000000001 0.04987962962962963
0 0.6714947916666667 0.13519444444444442 0.052083333333333336 0.08912962962962963
5 0.726421875 0.14070370370370372 0.017619791666666666 0.046
0 0.7555625 0.1410462962962963 0.0373125 0.08372222222222223
5 0.6540989583333333 0.14212037037037037 0.012838541666666667 0.07018518518518518
5 0.6703125 0.1422314814814815 0.014432291666666668 0.06431481481481481
5 0.6617083333333333 0.14375925925925925 0.012598958333333334 0.0655462962962963
5 0.6909062499999999 0.1464074074074074 0.008333333333333333 0.027212962962962963
5 0.5811197916666667 0.15075 0.008635416666666666 0.01566666666666667
5 0.7403541666666666 0.15176851851851852 0.01378125 0.05299074074074074
5 0.706515625 0.15869444444444444 0.012593749999999999 0.05106481481481481
5 0.5824270833333334 0.1657962962962963 0.009380208333333334 0.022611111111111113
5 0.7513854166666667 0.1681388888888889 0.012651041666666666 0.06157407407407407
3 0.6381927083333333 0.16849999999999998 0.02600520833333333 0.044083333333333335
5 0.6243645833333333 0.1743611111111111 0.014739583333333334 0.08783333333333333
3 0.6350781249999999 0.18281481481481482 0.018708333333333334 0.03311111111111111
5 0.6701354166666668 0.18341666666666667 0.019046875 0.044000000000000004
5 0.5523645833333333 0.18475925925925926 0.015432291666666665 0.052925925925925925
5 0.61221875 0.18558333333333335 0.016380208333333333 0.08851851851851851
5 0.6012500000000001 0.19118518518518518 0.016635416666666666 0.09696296296296296
3 0.69578125 0.1947777777777778 0.00975 0.03373148148148148
3 0.7311145833333333 0.19510185185185186 0.023895833333333335 0.03438888888888889
3 0.682171875 0.19578703703703704 0.012609375 0.034527777777777775
5 0.662375 0.20725000000000002 0.015494791666666667 0.06575
5 0.650609375 0.20899074074074075 0.016583333333333332 0.0648611111111111
5 0.5843489583333333 0.21059259259259258 0.020026041666666668 0.08901851851851852
3 0.49563541666666666 0.21100925925925926 0.036104166666666666 0.07753703703703703
3 0.7061979166666668 0.21230555555555555 0.040255208333333334 0.04364814814814815
5 0.5725 0.2127314814814815 0.02002083333333333 0.10540740740740741
5 0.6803125 0.21450925925925926 0.030692708333333332 0.06451851851851853
3 0.5526041666666667 0.22111111111111112 0.03432291666666667 0.07196296296296296
3 0.5420520833333333 0.2314074074074074 0.04147395833333333 0.06651851851851852
5 0.6424270833333333 0.23354629629629628 0.017208333333333332 0.10041666666666667
3 0.5339270833333334 0.23687037037037037 0.04197395833333333 0.0592037037037037
3 0.517515625 0.23744444444444443 0.03772916666666667 0.047314814814814816
1 0.7302708333333333 0.2470925925925926 0.10173958333333334 0.06810185185185184
3 0.483828125 0.25136111111111115 0.020374999999999997 0.028546296296296295
3 0.4606927083333333 0.2620648148148148 0.020151041666666664 0.03388888888888889
3 0.6668593749999999 0.26443518518518516 0.026885416666666665 0.04268518518518519
3 0.4477395833333333 0.2753333333333333 0.01996875 0.04599074074074074
3 0.6434218749999999 0.2772037037037037 0.044083333333333335 0.06396296296296296
3 0.4097708333333333 0.2841574074074074 0.0460625 0.07887962962962963
3 0.4309583333333334 0.29741666666666666 0.013052083333333332 0.06126851851851852
1 0.6955520833333334 0.3082962962962963 0.175578125 0.1020925925925926
1 0.49538541666666663 0.3392777777777778 0.15457291666666664 0.15744444444444444
1 0.6691458333333333 0.4295462962962963 0.23609375000000002 0.23512037037037037
3 0.23480729166666667 0.45766666666666667 0.04803125 0.09995370370370371
3 0.2155 0.4711296296296296 0.04242708333333333 0.1066388888888889
3 0.20283854166666665 0.50225 0.054197916666666665 0.07862962962962963
3 0.18240625000000002 0.5235 0.04440625 0.08051851851851852
3 0.161859375 0.5333796296296296 0.044843749999999995 0.08675
3 0.14040104166666667 0.557074074074074 0.04923958333333334 0.09136111111111112
3 0.12230208333333333 0.5760462962962963 0.050130208333333336 0.08193518518518518
3 0.10321875 0.5973055555555555 0.047281250000000004 0.09014814814814814
3 0.08372916666666666 0.6100648148148148 0.043812500000000004 0.09253703703703703
3 0.06563020833333334 0.6250740740740741 0.04184895833333333 0.09040740740740741
3 0.03931770833333333 0.6433796296296297 0.039625 0.11675925925925926
3 0.023692708333333333 0.6624259259259259 0.04297395833333333 0.11363888888888889
3 0.008770833333333334 0.696037037037037 0.017541666666666667 0.0737037037037037
5 0.7540208333333334 0.0717037037037037 0.008567708333333333 0.018833333333333334
3 0.01973958333333333 0.7565092592592593 0.03947395833333334 0.09827777777777778
1 0.6583125 0.7804814814814814 0.3701770833333333 0.4056666666666667
5 0.7414270833333333 0.08545370370370371 0.011057291666666667 0.043055555555555555
5 0.7302239583333333 0.08893518518518519 0.010776041666666668 0.045092592592592594