4 0.7268749999999999 0.15054166666666666 0.0232265625 0.04479166666666667
5 0.7090625 0.16309722222222223 0.0044765625000000005 0.023319444444444445
5 0.7397265625 0.16390277777777779 0.0037734375 0.017625
5 0.7565078125 0.164625 0.0025 0.00988888888888889
5 0.7235390625 0.16948611111111112 0.0036875 0.01913888888888889
5 0.7188984375 0.169625 0.0036562499999999998 0.021097222222222222
5 0.74728125 0.17073611111111112 0.0045078125 0.012111111111111112
3 0.7568515625 0.1741111111111111 0.0022421875000000003 0.009416666666666667
5 0.6891953125 0.178 0.006617187500000001 0.03340277777777778
5 0.6433359375000001 0.18129166666666666 0.0030234375 0.012111111111111112
5 0.6489296875 0.18456944444444442 0.00453125 0.035902777777777777
5 0.6646640625 0.19054166666666666 0.009273437499999999 0.030347222222222223
5 0.60184375 0.19105555555555556 0.0045625 0.05306944444444445
5 0.6454921875 0.19154166666666667 0.00484375 0.01576388888888889
5 0.6477109375000001 0.19258333333333333 0.0052109375 0.018875
5 0.712375 0.19336111111111112 0.007656250000000001 0.03015277777777778
1 0.7439296875 0.19516666666666668 0.02328125 0.035430555555555555
5 0.6220703125 0.19519444444444442 0.0115859375 0.050208333333333334
5 0.6424765625 0.19786111111111113 0.0056796875 0.020527777777777777
1 0.78415625 0.19791666666666666 0.041999999999999996 0.03934722222222222
5 0.720703125 0.198875 0.0055703125 0.03951388888888889
5 0.7272890624999999 0.20147222222222222 0.0059375 0.03913888888888889
3 0.663203125 0.20783333333333331 0.0051015625 0.01576388888888889
5 0.6690859375 0.21516666666666664 0.01125 0.04515277777777778
5 0.697640625 0.22606944444444446 0.008046875 0.05445833333333334
5 0.646578125 0.22780555555555557 0.014945312499999999 0.05258333333333333
3 0.6693749999999999 0.22820833333333335 0.0115078125 0.036500000000000005
5 0.6879921875 0.23225 0.01046875 0.05876388888888889
5 0.7097421875000001 0.23276388888888888 0.0111484375 0.059222222222222225
3 0.6437265625 0.2435277777777778 0.012273437500000001 0.043208333333333335
4 0.49140625 0.2565972222222222 0.1752265625 0.24816666666666667
5 0.6401484375 0.404125 0.042726562499999995 0.13923611111111112
3 0.637703125 0.44922222222222224 0.06496874999999999 0.13815277777777776
2 0.261453125 0.500375 0.14475 0.30368055555555556
5 0.6665234375 0.5698888888888889 0.033671875000000004 0.14758333333333334
5 0.5576328125 0.5763888888888888 0.0315 0.05555555555555555
5 0.6160078125 0.5866944444444445 0.0420703125 0.08376388888888889