5 0.24436458333333333 0.23842592592592593 0.015598958333333333 0.06712962962962964
1 0.41229166666666667 0.27373148148148146 0.09885416666666667 0.1076388888888889
4 0.3270208333333333 0.2800925925925926 0.09888541666666667 0.25925925925925924
5 0.6069218749999999 0.2829907407407407 0.027182291666666667 0.0775462962962963
5 0.5564791666666667 0.2835648148148148 0.014833333333333334 0.05787037037037037
5 0.43866145833333337 0.2847222222222222 0.031802083333333335 0.13425925925925927
5 0.6573697916666668 0.28762037037037036 0.025208333333333333 0.10069444444444445
5 0.6264479166666667 0.3096111111111111 0.040192708333333334 0.09606481481481481
5 0.2525 0.3229166666666667 0.025359375 0.09490740740740741
5 0.19908333333333333 0.3281296296296296 0.03311458333333333 0.07060185185185185
5 0.5126145833333333 0.3287037037037037 0.03440104166666667 0.20062037037037037
3 0.53271875 0.32928703703703704 0.027208333333333334 0.07060185185185185
5 0.486828125 0.33275925925925925 0.023973958333333333 0.17708333333333334
3 0.5681927083333334 0.3402777777777778 0.014828125 0.08101851851851852
3 0.5805625 0.3472222222222222 0.0239375 0.08101851851851852
5 0.3138697916666667 0.34876851851851853 0.03620833333333333 0.1913611111111111
5 0.466 0.3524351851851852 0.03309375 0.1840277777777778
3 0.6837968750000001 0.38831481481481483 0.033791666666666664 0.08449074074074074
3 0.6254375 0.39622222222222225 0.07601562499999999 0.10262037037037038
5 0.7139635416666666 0.4027777777777778 0.058625000000000003 0.21913888888888888
3 0.7469322916666666 0.40625 0.05459895833333333 0.09722222222222222
3 0.769390625 0.41956481481481483 0.048734374999999996 0.09606481481481481
3 0.8032395833333333 0.4334537037037037 0.048718750000000005 0.11458333333333333
3 0.8530729166666667 0.4548611111111111 0.065046875 0.11805555555555555
3 0.881390625 0.4635462962962963 0.03834895833333333 0.1423611111111111
3 0.9015677083333333 0.47859259259259257 0.04355208333333334 0.13541666666666666
3 0.9217447916666667 0.48553703703703704 0.031828125 0.13541666666666666
3 0.9468072916666667 0.5034722222222222 0.025958333333333337 0.14351851851851852
3 0.9747968749999999 0.5057870370370371 0.024645833333333332 0.15046296296296297
3 0.9939322916666666 0.5318333333333334 0.012135416666666668 0.10300925925925926
3 0.14721354166666664 0.7901203703703704 0.22373958333333333 0.2777777777777778