4 0.9354296874999999 0.31380555555555556 0.0413984375 0.09114583333333333
5 0.83313671875 0.3315972222222222 0.0108359375 0.06770833333333333
5 0.84241015625 0.33290277777777777 0.01259375 0.06684027777777778
5 0.7518515625 0.3598125 0.013250000000000001 0.049479166666666664
5 0.768203125 0.36415277777777777 0.013597656250000001 0.042534722222222224
5 0.7577109375 0.3767361111111111 0.015203125000000001 0.046875
5 0.8055546874999999 0.3836805555555556 0.019125 0.07465277777777778
5 0.3931171875 0.5308194444444444 0.0309375 0.18489583333333334
5 0.46325390625 0.5335625 0.040578125 0.12268749999999999
4 0.1371640625 0.5648125 0.273484375 0.3935208333333333
1 0.5639609375 0.6770833333333334 0.31011328125 0.2777777777777778