3 0.7207604166666666 0.09287962962962963 0.020083333333333335 0.01986111111111111
3 0.7193124999999999 0.10350925925925926 0.025078125 0.02289814814814815
3 0.7376458333333333 0.10701851851851851 0.007859375 0.027101851851851853
3 0.7127447916666667 0.11238888888888889 0.021135416666666667 0.022435185185185186
3 0.7080260416666667 0.12159259259259259 0.016125 0.03925
3 0.700171875 0.12685185185185185 0.013625 0.03438888888888889
0 0.7541145833333334 0.12780555555555556 0.035333333333333335 0.08577777777777777
0 0.6692031249999999 0.13393518518518518 0.05273958333333333 0.08739814814814816
3 0.6367708333333333 0.16852777777777778 0.026567708333333332 0.04410185185185186
3 0.7052708333333333 0.17413888888888887 0.010869791666666666 0.03448148148148148
3 0.621640625 0.1756111111111111 0.029531250000000002 0.05017592592592592
3 0.6036614583333333 0.18046296296296296 0.026354166666666668 0.04612962962962963
3 0.7429583333333334 0.18362037037037038 0.041640625 0.05
3 0.5881875 0.19300925925925924 0.02772916666666667 0.05098148148148148
3 0.6984843749999999 0.19978703703703704 0.022015625 0.019398148148148147
3 0.49053645833333337 0.20352777777777778 0.02861979166666667 0.037222222222222226
3 0.7049010416666667 0.22025925925925927 0.028567708333333334 0.028444444444444442
3 0.557671875 0.22375925925925927 0.043166666666666666 0.06231481481481481
3 0.5375572916666667 0.24257407407407408 0.039609374999999995 0.07160185185185185
1 0.7281354166666667 0.24442592592592594 0.09815104166666666 0.06483333333333333
3 0.5265416666666667 0.2538240740740741 0.04606770833333333 0.06153703703703703
3 0.51340625 0.2628055555555555 0.036119791666666665 0.059481481481481475
1 0.6343645833333333 0.26889814814814816 0.12040104166666667 0.16303703703703704
3 0.47085416666666663 0.2735277777777778 0.035229166666666666 0.039657407407407405
3 0.4965677083333333 0.2747407407407408 0.036125 0.0574537037037037
5 0.49259375 0.2829259259259259 0.031276041666666664 0.12287037037037037
3 0.41024479166666666 0.286962962962963 0.044000000000000004 0.06813888888888889
5 0.7381302083333333 0.28824074074074074 0.021354166666666667 0.06791666666666667
3 0.46197916666666666 0.29720370370370375 0.040239583333333336 0.04410185185185186
1 0.6946510416666667 0.30245370370370367 0.16949479166666667 0.08882407407407408
3 0.4311302083333333 0.3186481481481481 0.040906250000000005 0.0780925925925926
5 0.22884895833333332 0.4142222222222222 0.02272916666666667 0.051694444444444446
1 0.6666979166666667 0.4306111111111111 0.22916145833333335 0.23951851851851852
5 0.38773958333333336 0.4398148148148148 0.027151041666666667 0.11574074074074074
3 0.20563020833333334 0.4495925925925926 0.017322916666666667 0.037037037037037035
5 0.58646875 0.5141203703703704 0.03911979166666667 0.08658333333333333
5 0.11411979166666668 0.5316944444444445 0.0195625 0.05963888888888889
5 0.072015625 0.5605648148148148 0.012442708333333333 0.05138888888888889
5 0.025447916666666667 0.5710277777777778 0.015666666666666666 0.04061111111111111
3 0.09405729166666667 0.5811944444444445 0.031578125 0.06695370370370371
5 0.05310416666666666 0.5853055555555555 0.01816145833333333 0.06154629629629629
3 0.10707291666666667 0.6317685185185185 0.06321875 0.08262037037037037
2 0.286171875 0.6388888888888888 0.30578125 0.3472222222222222
3 0.7354791666666666 0.07114814814814815 0.015875 0.01799074074074074
1 0.59584375 0.7469166666666667 0.34345312499999997 0.3950648148148148
2 0.08891666666666667 0.8287037037037037 0.17429166666666665 0.3425925925925926
3 0.727859375 0.084 0.023234374999999998 0.019398148148148147
3 0.7312760416666666 0.09183333333333334 0.00146875 0.0023333333333333335