3 0.715828125 0.09351851851851851 0.013765625 0.018518518518518517
3 0.7061979166666668 0.10555555555555556 0.016890625 0.018518518518518517
3 0.7102343750000001 0.11782407407407407 0.006213541666666667 0.014351851851851852
1 0.7313697916666667 0.12638888888888888 0.04986458333333333 0.08981481481481482
3 0.7009895833333334 0.13333333333333333 0.010125 0.037037037037037035
0 0.6709635416666667 0.13425925925925927 0.05093229166666667 0.09814814814814815
0 0.7527239583333334 0.14027777777777778 0.03944270833333333 0.075
3 0.6334010416666668 0.16064814814814815 0.027557291666666664 0.026851851851851852
3 0.6209062500000001 0.17314814814814813 0.03172916666666667 0.03518518518518519
3 0.6007291666666668 0.18171296296296297 0.03303645833333333 0.03564814814814815
3 0.7113229166666667 0.18518518518518517 0.024359375000000003 0.044444444444444446
3 0.742046875 0.18611111111111112 0.05350520833333334 0.046296296296296294
3 0.58840625 0.19398148148148148 0.03268229166666667 0.049074074074074076
3 0.57590625 0.20462962962962963 0.0389375 0.046296296296296294
3 0.492875 0.2064814814814815 0.03641666666666667 0.05555555555555555
3 0.7058541666666667 0.21203703703703702 0.03425520833333333 0.044444444444444446
3 0.5589791666666667 0.22592592592592592 0.05196354166666666 0.046296296296296294
5 0.49443750000000003 0.23425925925925925 0.013505208333333333 0.03888888888888889
3 0.5363489583333333 0.24241666666666667 0.045244791666666666 0.06631481481481481
1 0.7313645833333333 0.2523148148148148 0.099859375 0.0712962962962963
3 0.5268958333333333 0.2561574074074074 0.045083333333333336 0.05491666666666667
3 0.51628125 0.26794444444444443 0.03739583333333333 0.05256481481481482
1 0.633984375 0.2708333333333333 0.11968229166666666 0.16018518518518518
3 0.488359375 0.2781666666666667 0.043015625 0.058194444444444444
3 0.41127604166666665 0.2819814814814815 0.042687499999999996 0.07008333333333333
3 0.4715 0.2875 0.04991145833333333 0.06574074074074074
5 0.43884375000000003 0.2993796296296296 0.036161458333333334 0.11728703703703704
3 0.46629166666666666 0.30416666666666664 0.044708333333333336 0.06759259259259259
1 0.6988125000000001 0.3050925925925926 0.16496354166666669 0.10833333333333334
5 0.6016822916666666 0.3087962962962963 0.031114583333333334 0.11203703703703703
5 0.229421875 0.41203703703703703 0.031515625 0.05123148148148148
1 0.6678229166666667 0.42268518518518516 0.2300625 0.22685185185185186
5 0.541796875 0.4486111111111111 0.04571354166666666 0.20092592592592592
5 0.35215625 0.4503055555555555 0.016567708333333334 0.03641666666666667
5 0.45847916666666666 0.45185185185185184 0.04054166666666667 0.18333333333333332
5 0.5105520833333334 0.4634259259259259 0.030104166666666664 0.1361111111111111
5 0.5282552083333333 0.49907407407407406 0.03843229166666667 0.13703703703703704
5 0.1370625 0.5012314814814816 0.026651041666666667 0.07037037037037037
5 0.77146875 0.5194444444444445 0.029020833333333333 0.2537037037037037
5 0.11727083333333334 0.5317870370370371 0.027348958333333333 0.07715740740740741
5 0.05356770833333333 0.575925925925926 0.020083333333333335 0.05432407407407407
3 0.097140625 0.5771574074074074 0.03569791666666667 0.05802777777777778
3 0.07683333333333334 0.600925925925926 0.030500000000000003 0.05987962962962963
3 0.10251562500000001 0.6290092592592593 0.06867708333333335 0.08271296296296296
2 0.32815104166666664 0.648537037037037 0.219359375 0.35725
1 0.5889635416666666 0.7098796296296296 0.336390625 0.49382407407407414
3 0.731453125 0.07476851851851851 0.020526041666666665 0.016203703703703703
5 0.7781874999999999 0.7932037037037036 0.06206770833333333 0.3148148148148148
2 0.08841666666666666 0.8229166666666666 0.17472395833333335 0.3294722222222222