1 0.11305729166666666 0.23842592592592593 0.05346354166666667 0.041666666666666664
4 0.18855729166666665 0.24537037037037038 0.07670312500000001 0.16203703703703703
4 0.3285 0.2673611111111111 0.08315104166666668 0.19675925925925927
3 0.47070833333333334 0.27314814814814814 0.05425 0.059527777777777784
5 0.2660208333333333 0.2777777777777778 0.02069270833333333 0.1111111111111111
5 0.24844791666666666 0.3020833333333333 0.022000000000000002 0.11805555555555555
3 0.5834947916666666 0.3271574074074074 0.039885416666666666 0.09793518518518518
3 0.5895104166666666 0.34198148148148144 0.026692708333333332 0.08148148148148149
3 0.6054791666666667 0.34372222222222226 0.0204375 0.07469444444444445
3 0.633078125 0.34599074074074077 0.042296875 0.08579629629629629
3 0.6714375 0.34629629629629627 0.044708333333333336 0.035805555555555556
3 0.65078125 0.3532962962962963 0.04159375 0.07449074074074075
5 0.12411979166666667 0.46296296296296297 0.041578125 0.2777777777777778
5 0.22371354166666665 0.4652777777777778 0.032427083333333336 0.2916666666666667
5 0.2751354166666667 0.4664351851851852 0.033703124999999994 0.27546296296296297
2 0.8465989583333333 0.7565555555555556 0.30166145833333335 0.4174351851851852
3 0.25525 0.8368055555555556 0.12324479166666666 0.3263888888888889