3 0.72203515625 0.07271527777777777 0.01743359375 0.026958333333333334
5 0.01911328125 0.7465277777777778 0.0382265625 0.2245347222222222
1 0.48192578125 0.8142361111111112 0.51713671875 0.3715277777777778
1 0.8570039062499999 0.10532638888888889 0.05621875 0.041666666666666664
5 0.608140625 0.11190972222222223 0.012750000000000001 0.06143055555555555
5 0.62263671875 0.11738888888888889 0.01169140625 0.06329861111111111
1 0.8703476562500001 0.1244236111111111 0.0431953125 0.043979166666666666
5 0.6363046875 0.12620138888888888 0.017093749999999998 0.06383333333333334
5 0.6703359375 0.1287361111111111 0.015445312499999999 0.07265277777777777
3 0.65373828125 0.13274305555555557 0.0180078125 0.03845833333333334
3 0.6100859375 0.1529097222222222 0.0295546875 0.05261805555555555
3 0.59280859375 0.15678472222222223 0.030464843749999998 0.05234722222222222
3 0.5798203125 0.15875694444444446 0.03053125 0.04667361111111111
4 0.7041953125 0.193 0.09500390625 0.19039583333333335
5 0.5538515625 0.20269444444444445 0.013605468749999999 0.09635416666666667