5 0.7320416666666667 0.09784259259259259 0.011171875 0.05740740740740741
5 0.720234375 0.1037037037037037 0.011052083333333332 0.05555555555555555
5 0.7125989583333333 0.10956481481481481 0.012442708333333333 0.06481481481481481
5 0.7047864583333333 0.11543518518518518 0.010708333333333332 0.061731481481481484
0 0.6714635416666667 0.12685185185185185 0.050374999999999996 0.07222222222222222
0 0.7552968750000001 0.1373425925925926 0.03186979166666667 0.08333333333333333
5 0.7330729166666666 0.14562037037037037 0.016 0.05218518518518518
5 0.6800520833333333 0.14604629629629629 0.016015625 0.07828703703703703
5 0.657921875 0.14784259259259258 0.011489583333333333 0.07839814814814815
5 0.6308229166666667 0.1519351851851852 0.01982291666666667 0.05639814814814814
5 0.6686822916666666 0.1527777777777778 0.014197916666666668 0.06974999999999999
5 0.585609375 0.15782407407407406 0.016526041666666668 0.036194444444444446
5 0.7060885416666667 0.15782407407407406 0.016010416666666666 0.05134259259259259
5 0.7522447916666667 0.16666666666666666 0.02025 0.05555555555555555
5 0.6147239583333334 0.1826574074074074 0.019828125 0.09090740740740741
5 0.5991041666666667 0.1835 0.021729166666666667 0.08754629629629629
3 0.710515625 0.18734259259259262 0.038947916666666665 0.04752777777777777
3 0.7323854166666667 0.19937962962962963 0.02645833333333333 0.03333333333333333
5 0.6542552083333334 0.20328703703703704 0.01934375 0.0867037037037037
3 0.49138020833333335 0.20664814814814816 0.042078125 0.05808333333333333
5 0.5768229166666666 0.21362037037037038 0.020666666666666667 0.1045
3 0.7049583333333334 0.21481481481481482 0.043109375 0.044444444444444446
5 0.6388697916666667 0.21969444444444444 0.021713541666666666 0.09763888888888889
3 0.5557864583333333 0.22053703703703703 0.02884375 0.07575925925925925
3 0.5865416666666667 0.22180555555555556 0.017437499999999998 0.04798148148148148
5 0.6710572916666667 0.2230648148148148 0.029276041666666665 0.06902777777777777
3 0.5432395833333333 0.23232407407407407 0.043520833333333335 0.06397222222222222
1 0.7304635416666667 0.24158333333333334 0.100734375 0.05724074074074074
3 0.532828125 0.24578703703703703 0.040692708333333334 0.0656574074074074
3 0.5190989583333333 0.26178703703703704 0.038802083333333334 0.06397222222222222
5 0.6085312500000001 0.26851851851851855 0.03490625 0.10269444444444444
3 0.6457291666666667 0.27946296296296297 0.04505208333333333 0.05892592592592592
3 0.49421875 0.27946296296296297 0.04396875 0.06397222222222222
3 0.4101927083333334 0.28325 0.045421874999999994 0.07828703703703703
3 0.47220833333333334 0.2874629629629629 0.04539583333333333 0.06987037037037036
1 0.6928229166666667 0.29924074074074075 0.17885937500000001 0.10016666666666667
3 0.46179166666666666 0.3013425925925926 0.051078124999999995 0.06902777777777777
3 0.44775 0.31216666666666665 0.05716666666666667 0.06878703703703705
1 0.6610052083333334 0.42592592592592593 0.24090104166666665 0.24691666666666667
5 0.5603489583333333 0.44136111111111115 0.043062500000000004 0.1975277777777778
3 0.23733854166666665 0.4739074074074074 0.050093750000000006 0.08586111111111111
3 0.2158020833333333 0.4802222222222222 0.04016145833333333 0.0900648148148148
3 0.20230729166666667 0.5029444444444444 0.05484375 0.08333333333333333
3 0.183609375 0.5248333333333334 0.043015625 0.08501851851851851
3 0.16443750000000001 0.5311481481481481 0.04444270833333333 0.09090740740740741
3 0.14120833333333332 0.5597685185185185 0.05196875 0.09259259259259259
3 0.12227604166666667 0.5820740740740741 0.05102604166666667 0.07660185185185185
3 0.10617708333333334 0.6035370370370371 0.04724479166666666 0.07912037037037037
3 0.0860625 0.6191111111111111 0.04109895833333333 0.07996296296296296
3 0.06735937500000001 0.6359444444444445 0.04252604166666667 0.07996296296296296
3 0.043453125 0.6599351851851852 0.04490104166666666 0.09427777777777777
3 0.02546875 0.6708796296296295 0.040171874999999996 0.11448148148148148
5 0.7546041666666666 0.07037037037037037 0.008958333333333334 0.024694444444444446
3 0.009880208333333333 0.7060185185185185 0.019765625000000002 0.08101851851851852
5 0.22967708333333334 0.7237685185185185 0.07963541666666667 0.21913888888888888
5 0.745578125 0.07747222222222222 0.008958333333333334 0.026546296296296297
1 0.6627239583333334 0.779324074074074 0.372828125 0.38580555555555557
5 0.7400260416666666 0.08055555555555556 0.007703125 0.027777777777777776