3 0.7450885416666666 0.9340277777777778 0.09861458333333334 0.13194444444444445
5 0.64159375 0.24613888888888888 0.0024895833333333337 0.012342592592592593
5 0.6454947916666666 0.2488425925925926 0.0033541666666666668 0.014657407407407407
5 0.5931770833333334 0.24912962962962965 0.005130208333333333 0.019101851851851852
5 0.6541770833333334 0.2511574074074074 0.004218749999999999 0.019287037037037037
5 0.6487499999999999 0.2523148148148148 0.00465625 0.018518518518518517
5 0.658734375 0.2527037037037037 0.00378125 0.02237962962962963
5 0.6383385416666666 0.26196296296296295 0.005526041666666666 0.02546296296296296
5 0.6424583333333334 0.2635 0.005093749999999999 0.028546296296296295
5 0.6526562499999999 0.29050925925925924 0.007255208333333333 0.04398148148148148
5 0.62184375 0.2916666666666667 0.010739583333333334 0.03549074074074074
3 0.6908333333333334 0.29948148148148146 0.022052083333333337 0.012157407407407408
5 0.5838177083333334 0.30439814814814814 0.0083125 0.05092592592592592
1 0.6050885416666667 0.30833333333333335 0.027515625 0.03148148148148148
1 0.545984375 0.3111111111111111 0.04368229166666667 0.027777777777777776
3 0.6918072916666667 0.31221296296296297 0.024005208333333337 0.012157407407407408
3 0.6984791666666667 0.32551851851851854 0.02628125 0.01562962962962963
1 0.5384375 0.3277777777777778 0.037953125000000004 0.03518518518518519
1 0.6082135416666666 0.33287037037037037 0.035843749999999994 0.04351851851851852
5 0.6186406249999999 0.34837962962962965 0.0076458333333333335 0.05324074074074074
5 0.6270989583333333 0.35185185185185186 0.010244791666666668 0.07407407407407407
0 0.5748854166666667 0.3574074074074074 0.04835416666666667 0.06666666666666667
5 0.6918645833333333 0.38831481481481483 0.01738020833333333 0.10069444444444445
3 0.5673385416666666 0.4 0.014510416666666666 0.02962962962962963
0 0.7237291666666666 0.40249074074074076 0.04096875 0.13021296296296295
5 0.5856197916666667 0.4166666666666667 0.019260416666666665 0.08796296296296297
3 0.5665572916666667 0.4203703703703704 0.012947916666666667 0.016666666666666666
3 0.7847552083333333 0.4302685185185185 0.008072916666666667 0.012157407407407408
3 0.7577395833333332 0.43374074074074076 0.03997916666666667 0.014472222222222223
3 0.5629114583333333 0.4375 0.019197916666666665 0.01574074074074074
5 0.6123072916666668 0.4398148148148148 0.023151041666666667 0.14814814814814814
3 0.7642447916666666 0.4479166666666667 0.046484375 0.009259259259259259
3 0.7749843750000001 0.4580462962962963 0.05298958333333333 0.013314814814814816
3 0.57775 0.46574074074074073 0.060328124999999996 0.02962962962962963
3 0.528546875 0.46944444444444444 0.012963541666666667 0.02962962962962963
3 0.7759635416666666 0.47250925925925924 0.04647916666666666 0.007527777777777778
3 0.5373072916666667 0.48148148148148145 0.06136458333333333 0.022222222222222223
3 0.7712395833333333 0.4832222222222222 0.05917708333333334 0.009259259259259259
3 0.7816562499999999 0.49421296296296297 0.063078125 0.009259259259259259
3 0.8011822916666667 0.5052129629629629 0.061765625000000005 0.017361111111111112
3 0.5482395833333332 0.5055555555555555 0.0853125 0.03333333333333333
5 0.7065104166666667 0.5104166666666666 0.020625 0.12037037037037036
3 0.8363333333333334 0.5240185185185186 0.05719791666666666 0.021416666666666667
3 0.7824687499999999 0.5295185185185185 0.04647916666666666 0.03935185185185185
3 0.502421875 0.5333333333333333 0.029093749999999998 0.022222222222222223
3 0.858953125 0.5526666666666666 0.05751041666666667 0.018518518518518517
3 0.4409739583333333 0.562962962962963 0.024953125 0.040740740740740744
3 0.7954895833333333 0.5630833333333334 0.060140624999999996 0.05555555555555555
3 0.7518802083333332 0.5642407407407407 0.024359375000000003 0.0798611111111111
3 0.41493749999999996 0.5740740740740741 0.029130208333333334 0.044444444444444446
3 0.8700260416666666 0.5749444444444445 0.07315625 0.022574074074074073
3 0.8776770833333334 0.6021388888888889 0.061109375 0.027203703703703702
3 0.3930677083333334 0.6101851851851852 0.029135416666666667 0.046296296296296294
3 0.8142083333333333 0.6148703703703703 0.08586979166666667 0.054981481481481485
3 0.9201510416666667 0.6203703703703703 0.06141666666666667 0.03819444444444445
3 0.3852552083333334 0.6342592592592593 0.03434895833333333 0.046296296296296294
3 0.7445677083333333 0.655962962962963 0.05726041666666667 0.13137037037037036
3 0.8456197916666667 0.65625 0.075765625 0.03587962962962963
3 0.9600364583333333 0.6681111111111111 0.06632291666666666 0.05845370370370371
3 0.02041666666666667 0.6701388888888888 0.04083333333333334 0.1412037037037037
3 0.8898802083333333 0.6822962962962963 0.051666666666666666 0.056712962962962965
3 0.350328125 0.6959907407407407 0.10419791666666667 0.10801851851851851
3 0.8205572916666667 0.7094907407407407 0.10246354166666666 0.06365740740740741
3 0.9701093749999999 0.7213518518518518 0.05978125 0.06308333333333332
2 0.5560260416666666 0.7342592592592593 0.30297395833333335 0.45740740740740743
3 0.978265625 0.75 0.042229166666666665 0.04513888888888889
3 0.8638489583333333 0.7575277777777778 0.10376041666666666 0.04282407407407408
3 0.9810312499999999 0.7988981481481481 0.03734895833333333 0.054981481481481485
3 0.8679114583333334 0.8281296296296297 0.12491666666666666 0.06018518518518518
3 0.7640989583333333 0.8391203703703703 0.048151041666666665 0.22685185185185186
3 0.8745937500000001 0.8741296296296296 0.058192708333333336 0.05382407407407408
5 0.29075 0.8877314814814815 0.09097916666666667 0.22453703703703703