4 0.19239583333333332 0.24428703703703702 0.071609375 0.14777777777777779
5 0.5171197916666667 0.2816574074074074 0.019036458333333332 0.06524074074074074
4 0.326359375 0.2828148148148148 0.11519270833333332 0.2280925925925926
3 0.5787135416666668 0.32625000000000004 0.062239583333333334 0.08468518518518518
3 0.622359375 0.3338611111111111 0.050390625 0.09476851851851852
3 0.5211041666666667 0.33843518518518517 0.02440625 0.06119444444444445
3 0.6370833333333333 0.34158333333333335 0.05006770833333333 0.10407407407407408
3 0.6576302083333334 0.3533981481481482 0.049640625 0.09889814814814815
3 0.677890625 0.36619444444444443 0.060468749999999995 0.09982407407407408
3 0.7159427083333333 0.388037037037037 0.057906250000000006 0.10340740740740742
5 0.7951354166666668 0.38982407407407405 0.035744791666666664 0.16239814814814812
3 0.752171875 0.3973888888888889 0.057958333333333334 0.1104074074074074
3 0.8292083333333333 0.43137037037037035 0.07005729166666666 0.11361111111111111
5 0.98453125 0.4385925925925926 0.02165625 0.09181481481481481
5 0.8895885416666667 0.4589907407407407 0.039265625 0.08752777777777777
3 0.9589583333333334 0.4912870370370371 0.05826041666666667 0.13106481481481483
3 0.9945208333333333 0.5288055555555555 0.010953125000000001 0.10124999999999999