5 0.16513541666666667 0.20544444444444443 0.005822916666666666 0.023148148148148147
5 0.15977083333333333 0.21064814814814814 0.004916666666666666 0.032407407407407406
5 0.15309895833333334 0.21412037037037038 0.005890625 0.03819444444444445
4 0.19182291666666668 0.2650462962962963 0.075625 0.12731481481481483
4 0.3247083333333334 0.2818333333333333 0.12126041666666666 0.26234259259259257
5 0.6493541666666667 0.2838333333333333 0.014765625000000001 0.04772222222222222
3 0.5776145833333334 0.30235185185185187 0.05878125 0.08475925925925927
3 0.6253177083333333 0.3504259259259259 0.050828125 0.07264814814814814
3 0.636734375 0.3571944444444444 0.053625 0.08618518518518518
3 0.6605677083333333 0.3618240740740741 0.05481770833333333 0.08262037037037037
3 0.7172447916666667 0.39351851851851855 0.06401041666666667 0.09330555555555556
5 0.49308854166666666 0.40238888888888885 0.03875 0.2152777777777778
5 0.7835468750000001 0.4234351851851852 0.03716145833333333 0.10327777777777779
3 0.8250208333333333 0.4351851851851852 0.059208333333333335 0.1111111111111111
5 0.9818854166666667 0.4561574074074074 0.036223958333333334 0.19183333333333333
5 0.8682656249999999 0.45619444444444446 0.03592708333333334 0.09330555555555556
5 0.9107447916666668 0.4654537037037037 0.03834895833333333 0.09757407407407406
3 0.9948958333333333 0.5339537037037037 0.010208333333333335 0.09464814814814815