3 0.7150885416666667 0.09288888888888888 0.021531250000000002 0.01887037037037037
3 0.71234375 0.10268518518518518 0.02578645833333333 0.02263888888888889
3 0.7102239583333334 0.116 0.0255625 0.03297222222222222
5 0.7328489583333333 0.12212962962962963 0.0155625 0.059268518518518526
3 0.699609375 0.12662037037037038 0.014619791666666666 0.04747222222222223
5 0.7156770833333332 0.12751851851851853 0.016578125 0.0664537037037037
0 0.6704739583333333 0.13336111111111112 0.05447916666666666 0.0907037037037037
0 0.7538072916666666 0.1400925925925926 0.035250000000000004 0.08800925925925926
5 0.6530520833333333 0.16883333333333334 0.02266666666666667 0.08800925925925926
1 0.58915625 0.17197222222222222 0.11208333333333333 0.0925
3 0.7479947916666667 0.17620370370370372 0.038739583333333334 0.026527777777777775
3 0.731265625 0.18378703703703705 0.030010416666666664 0.02425
5 0.61315625 0.19173148148148147 0.024703125 0.05837037037037037
5 0.6651718750000001 0.2029537037037037 0.022661458333333332 0.053879629629629625
3 0.493765625 0.20379629629629628 0.03630208333333333 0.07172222222222221
3 0.6921927083333334 0.20564814814814814 0.015072916666666667 0.02514814814814815
3 0.7245520833333334 0.20784259259259258 0.042583333333333334 0.030694444444444444
3 0.6182031250000001 0.22675925925925927 0.03783333333333334 0.03323148148148148
5 0.5906770833333332 0.23079629629629628 0.031276041666666664 0.09519444444444444
5 0.6790625 0.23125 0.030229166666666665 0.0422037037037037
5 0.377625 0.27825925925925926 0.021911458333333335 0.10739814814814815
5 0.3991979166666667 0.27825925925925926 0.033671875000000004 0.11297222222222222
3 0.4188072916666667 0.2838333333333333 0.03836979166666667 0.0683425925925926
2 0.6851406250000001 0.31730555555555556 0.19959375000000001 0.2293425925925926
5 0.22946875 0.43427777777777776 0.03539583333333333 0.09417592592592593
5 0.25747395833333336 0.44834259259259257 0.023958333333333335 0.07350925925925926
5 0.16764583333333333 0.4574814814814815 0.03675520833333333 0.11145370370370371
5 0.19784375 0.4590092592592593 0.026265625 0.11788888888888888
3 0.23586458333333335 0.4709351851851852 0.037421875 0.08782407407407407
3 0.20864583333333334 0.4878055555555556 0.04479166666666667 0.09316666666666668
5 0.100953125 0.5201574074074073 0.0179375 0.04702777777777778
3 0.16322395833333334 0.5319166666666667 0.042890624999999995 0.08446296296296296
3 0.12568229166666667 0.5716759259259259 0.030171875 0.09433333333333332
5 0.06409895833333333 0.6304814814814814 0.032526041666666665 0.08137962962962964
3 0.531078125 0.6315925925925926 0.12135416666666667 0.14324074074074072
3 0.01821875 0.67075 0.036432291666666665 0.11493518518518518
3 0.652484375 0.7126851851851852 0.15741145833333334 0.16835185185185184
3 0.73265625 0.07537037037037038 0.014041666666666668 0.010657407407407407
3 0.7221041666666667 0.07806481481481482 0.012447916666666666 0.01338888888888889
3 0.7193697916666667 0.08650000000000001 0.018838541666666667 0.017416666666666667