2 0.6426041666666666 0.2505555555555556 0.011447916666666667 0.02022222222222222
5 0.7057604166666667 0.2925185185185185 0.004473958333333333 0.017203703703703704
5 0.6856875 0.2938703703703704 0.004567708333333333 0.019018518518518518
5 0.6995260416666667 0.2947777777777778 0.0043906249999999996 0.01690740740740741
5 0.6690677083333333 0.29625 0.008067708333333333 0.04468518518518518
5 0.7037239583333333 0.3006666666666667 0.004135416666666667 0.017203703703703704
3 0.6845260416666666 0.30713888888888885 0.016916666666666667 0.024574074074074075
5 0.7099635416666668 0.3072314814814815 0.006427083333333333 0.02973148148148148
5 0.6936666666666667 0.3076111111111111 0.0045625 0.02263888888888889
3 0.6861666666666667 0.3094074074074074 0.014125 0.019175925925925926
2 0.557 0.3157777777777778 0.07359895833333334 0.0415
3 0.6884010416666667 0.31708333333333333 0.011567708333333334 0.01548148148148148
3 0.6936718749999999 0.3267407407407407 0.012520833333333333 0.019740740740740743
1 0.5389322916666667 0.3288981481481481 0.036859375 0.040962962962962965
5 0.698078125 0.3319074074074074 0.008635416666666666 0.032601851851851854
5 0.7005 0.3467037037037037 0.007020833333333334 0.044675925925925924
1 0.7267916666666667 0.35037962962962965 0.057041666666666664 0.06297222222222222
3 0.6170885416666666 0.3595462962962963 0.009145833333333332 0.03748148148148148
0 0.5746249999999999 0.37333333333333335 0.04770833333333333 0.09503703703703703
3 0.6163802083333334 0.3933240740740741 0.022406250000000003 0.03626851851851852
0 0.7238749999999999 0.40078703703703705 0.04694270833333333 0.12417592592592594
3 0.5907239583333334 0.42685185185185187 0.03540104166666667 0.027111111111111114
3 0.7739166666666667 0.43483333333333335 0.03500520833333333 0.025444444444444443
3 0.7745885416666667 0.44669444444444445 0.041124999999999995 0.023083333333333334
3 0.583125 0.4493425925925926 0.05402604166666667 0.023462962962962963
3 0.7809583333333333 0.4607962962962963 0.05511458333333333 0.017685185185185186
5 0.7411770833333333 0.4623055555555556 0.029062499999999998 0.13425925925925927
3 0.5851041666666668 0.4713425925925926 0.055343750000000004 0.03461111111111111
3 0.7810625000000001 0.4723425925925926 0.06104166666666667 0.019472222222222224
3 0.77921875 0.48511111111111105 0.06902604166666666 0.03358333333333333
3 0.554578125 0.49216666666666664 0.06688020833333333 0.04223148148148148
3 0.7771406249999999 0.49453703703703705 0.049390625 0.016916666666666667
3 0.7983958333333334 0.5067870370370371 0.06571354166666667 0.03877777777777778
3 0.5525989583333334 0.5188518518518519 0.07083854166666666 0.04282407407407408
3 0.8396875 0.522787037037037 0.059250000000000004 0.03360185185185185
3 0.781515625 0.530425925925926 0.042479166666666665 0.03356481481481482
3 0.857859375 0.538537037037037 0.07580208333333333 0.03493518518518518
3 0.8690677083333332 0.5603148148148148 0.07361979166666667 0.034574074074074077
3 0.5384375 0.5696111111111111 0.08014062500000001 0.08922222222222222
3 0.8057135416666666 0.5702685185185185 0.04768229166666667 0.04502777777777778
3 0.7526718750000001 0.5738148148148149 0.02715625 0.07177777777777777
3 0.8757135416666666 0.5801759259259259 0.06681770833333332 0.035805555555555556
3 0.47584895833333335 0.587925925925926 0.09126041666666666 0.07700925925925926
3 0.8724843750000001 0.5983796296296297 0.044484375 0.021018518518518516
3 0.4570989583333333 0.6104722222222222 0.09073958333333333 0.05447222222222222
3 0.9246927083333334 0.6316574074074075 0.06380729166666667 0.057666666666666665
3 0.8104947916666667 0.6396574074074074 0.07747916666666667 0.1008425925925926
3 0.44098437500000004 0.651324074074074 0.10817708333333333 0.06668518518518518
3 0.738328125 0.6540185185185186 0.05734895833333333 0.11562037037037037
3 0.02041666666666667 0.6689814814814815 0.04083333333333334 0.14351851851851852
3 0.8531510416666667 0.6722962962962963 0.09046875 0.12083333333333333
3 0.9659583333333334 0.6768796296296296 0.06808854166666665 0.0879537037037037
3 0.8595833333333334 0.6786203703703704 0.06965625 0.025925925925925925
3 0.4240833333333333 0.68325 0.11135416666666667 0.12303703703703703
3 0.8634739583333333 0.7248425925925926 0.09066666666666667 0.05735185185185185
3 0.360140625 0.7292314814814815 0.12451041666666667 0.14471296296296296
3 0.9732916666666667 0.7464722222222223 0.053421874999999994 0.12125925925925926
3 0.9821302083333333 0.7467222222222223 0.035744791666666664 0.04257407407407407
3 0.8623697916666667 0.7662962962962964 0.095796875 0.048462962962962965
3 0.757578125 0.7860648148148148 0.05402083333333333 0.19469444444444445
3 0.9810104166666667 0.7999074074074074 0.03797395833333333 0.07790740740740741
3 0.8736510416666667 0.8376666666666667 0.13404166666666667 0.17487037037037037