3 0.7425677083333333 0.10011111111111111 0.014057291666666666 0.03974074074074074
3 0.7368177083333334 0.11014814814814815 0.011671875 0.041277777777777774
3 0.7162031249999999 0.11091666666666668 0.030338541666666666 0.04437037037037037
3 0.71325 0.12466666666666665 0.009567708333333334 0.03901851851851852
3 0.6901875000000001 0.1256574074074074 0.037843749999999995 0.05026851851851852
3 0.6810781250000001 0.14252777777777778 0.020364583333333335 0.041666666666666664
0 0.5841770833333333 0.17575925925925925 0.06243229166666667 0.10945370370370369
3 0.7253333333333334 0.21337037037037038 0.05233854166666666 0.06795370370370371
5 0.564359375 0.23592592592592593 0.025489583333333333 0.11921296296296297
1 0.5030572916666667 0.2523148148148148 0.14896354166666667 0.15432407407407406
2 0.6861770833333334 0.3256203703703704 0.21485416666666665 0.23765740740740743
5 0.2556979166666667 0.45428703703703704 0.029161458333333334 0.0798611111111111
5 0.22566666666666665 0.46314814814814814 0.037333333333333336 0.1523888888888889
3 0.240203125 0.4859259259259259 0.027338541666666667 0.05825925925925926
5 0.15634375 0.5308611111111111 0.029760416666666668 0.14197222222222222
5 0.12519270833333335 0.5376203703703704 0.03377083333333333 0.13078703703703703
3 0.17174999999999999 0.5518888888888889 0.030619791666666667 0.06211111111111111
5 0.08288020833333333 0.6122685185185185 0.03638541666666666 0.0763888888888889
5 0.05130208333333333 0.6446759259259259 0.030520833333333334 0.0787037037037037
3 0.019328124999999998 0.6709074074074074 0.035234375000000005 0.12345370370370372
3 0.6510312500000001 0.7129629629629629 0.16105729166666669 0.1913611111111111