1 0.112609375 0.23189814814814813 0.051640625 0.03956481481481481
5 0.09982291666666666 0.25462962962962965 0.012812500000000001 0.04292592592592592
4 0.20103645833333333 0.2577129629629629 0.091796875 0.1574074074074074
4 0.3181979166666667 0.2654351851851852 0.11431770833333334 0.2222222222222222
3 0.46988541666666667 0.2716018518518518 0.058270833333333334 0.06296296296296296
3 0.5671093749999999 0.32314814814814813 0.0374375 0.09321296296296297
3 0.2541510416666667 0.3278611111111111 0.03654166666666667 0.08333333333333333
3 0.6400104166666666 0.34228703703703706 0.04088541666666667 0.10555555555555556
3 0.5711041666666666 0.3441388888888889 0.020427083333333332 0.06851851851851852
5 0.6080833333333333 0.3472222222222222 0.03783854166666667 0.19444444444444445
3 0.6578906250000001 0.34752777777777777 0.057890625 0.09382407407407407
3 0.6783697916666667 0.3648148148148148 0.06413020833333333 0.10493518518518519
3 0.6908697916666667 0.3728425925925926 0.06481770833333333 0.10863888888888888
5 0.8304791666666667 0.37592592592592594 0.034317708333333335 0.1037037037037037
3 0.7216197916666667 0.3845648148148148 0.05063020833333333 0.11728703703703704
3 0.749390625 0.3972222222222222 0.05339583333333333 0.11419444444444445
5 0.8723124999999999 0.40123148148148147 0.025625000000000002 0.11851851851851852
3 0.7728229166666666 0.4046296296296296 0.055817708333333334 0.1265462962962963
3 0.7874270833333333 0.42191666666666666 0.019046875 0.11296296296296296
3 0.804609375 0.44166666666666665 0.026333333333333334 0.09691666666666666
3 0.922125 0.4660462962962963 0.03289583333333333 0.10863888888888888
5 0.9424375 0.475 0.029765625 0.20555555555555555
3 0.9721197916666667 0.5064814814814815 0.024541666666666666 0.1487685185185185
3 0.8762552083333334 0.507712962962963 0.10890104166666667 0.1450648148148148
3 0.9936406249999999 0.5283981481481481 0.012718750000000001 0.08518518518518518
5 0.6861927083333333 0.6412037037037037 0.06905208333333333 0.3395092592592593
3 0.2539739583333333 0.8425925925925926 0.10392708333333332 0.3148148148148148