4 0.12289062499999999 0.18927777777777777 0.03341145833333334 0.04453703703703704
1 0.11036979166666666 0.23380555555555554 0.05177604166666667 0.034138888888888885
5 0.27129166666666665 0.23492592592592593 0.012869791666666667 0.0675462962962963
4 0.19447916666666665 0.24939814814814817 0.08720833333333333 0.15587037037037038
5 0.43599479166666666 0.2545925925925926 0.014947916666666667 0.09946296296296296
3 0.483140625 0.27037037037037037 0.03655208333333334 0.06296296296296296
5 0.41428645833333333 0.2738888888888889 0.015791666666666666 0.09649074074074074
4 0.32496875000000003 0.2779722222222222 0.11441666666666667 0.21896296296296294
5 0.5622760416666667 0.3013518518518518 0.03143229166666667 0.11282407407407406
5 0.45310937500000004 0.3084074074074074 0.02078645833333333 0.13583333333333333
5 0.6716875000000001 0.3184259259259259 0.022057291666666666 0.06235185185185185
3 0.5786041666666667 0.32696296296296296 0.035515625 0.07793518518518519
3 0.593421875 0.3399537037037037 0.03343229166666666 0.09797222222222222
3 0.6155468749999999 0.34328703703703706 0.043458333333333335 0.09426851851851852
3 0.6347447916666666 0.3466296296296296 0.04252604166666667 0.08312962962962964
3 0.658328125 0.3559074074074074 0.01621875 0.03637037037037037
3 0.6410052083333333 0.3599907407407408 0.019984375 0.060861111111111116
5 0.5667395833333334 0.47453703703703703 0.062234374999999995 0.25462962962962965
3 0.9934166666666666 0.525 0.013166666666666667 0.08703703703703704
2 0.8470885416666667 0.7673611111111112 0.30582291666666667 0.46064814814814814
3 0.24908333333333335 0.8449074074074074 0.08838020833333333 0.3101851851851852