5 0.16280729166666666 0.20164814814814816 0.009229166666666667 0.03292592592592593
5 0.14694791666666665 0.20975925925925926 0.005145833333333334 0.03632407407407407
5 0.13973958333333333 0.21367592592592594 0.0067552083333333336 0.029916666666666668
5 0.154359375 0.2190185185185185 0.007145833333333334 0.05057407407407407
5 0.2762135416666667 0.24537037037037038 0.010338541666666668 0.048351851851851854
5 0.24797916666666667 0.2513240740740741 0.01328125 0.07407407407407407
5 0.2802604166666667 0.2566851851851852 0.008026041666666667 0.04218518518518519
1 0.41485416666666663 0.26851851851851855 0.10137499999999999 0.08101851851851852
3 0.47690104166666664 0.27632407407407406 0.04453125 0.04892592592592593
5 0.5220989583333333 0.2784351851851852 0.022833333333333334 0.08068518518518518
5 0.6589791666666667 0.2951388888888889 0.015557291666666667 0.08873148148148148
5 0.60140625 0.3068796296296296 0.02221875 0.10052777777777777
5 0.5462760416666667 0.31084259259259256 0.022078125 0.1428611111111111
5 0.6305520833333333 0.3125 0.021208333333333333 0.11574074074074074
5 0.09908333333333334 0.31446296296296294 0.028010416666666666 0.1830462962962963
4 0.3492395833333333 0.32478703703703704 0.17574479166666668 0.3190925925925926
3 0.5351145833333334 0.3287685185185185 0.04440104166666667 0.06758333333333333
3 0.5671875 0.3290925925925926 0.035625000000000004 0.07088888888888889
5 0.3986145833333333 0.3366388888888889 0.030328124999999997 0.14153703703703704
5 0.44994270833333333 0.33994444444444444 0.03626041666666667 0.1534351851851852
3 0.5828072916666667 0.3448240740740741 0.029666666666666668 0.06668518518518518
3 0.6754635416666667 0.3724351851851852 0.05894270833333334 0.0859074074074074
3 0.6932552083333333 0.38857407407407407 0.05286458333333333 0.08578703703703704
3 0.720375 0.39842592592592596 0.04634375 0.09007407407407407
3 0.7518333333333334 0.4103333333333334 0.05630729166666667 0.08763888888888889
3 0.7672447916666666 0.4210185185185185 0.05086979166666667 0.09049074074074075
3 0.8023906249999999 0.4285185185185185 0.04978125 0.09933333333333333
3 0.8801145833333333 0.44289814814814815 0.03594791666666666 0.057101851851851855
3 0.829296875 0.44401851851851853 0.056713541666666666 0.10718518518518519
3 0.8510729166666666 0.45428703703703704 0.052265624999999996 0.10456481481481482
3 0.89746875 0.4764074074074074 0.042020833333333334 0.1164074074074074
3 0.9200364583333334 0.4772407407407407 0.030880208333333332 0.10108333333333333
3 0.945171875 0.49421296296296297 0.024708333333333332 0.1381111111111111
3 0.97384375 0.4976851851851852 0.022895833333333334 0.1450648148148148
3 0.9940208333333334 0.5273888888888889 0.011171875 0.09799074074074074
3 0.14865104166666668 0.8005277777777778 0.18367187499999998 0.28624074074074074