5 0.7320833333333333 0.09953703703703703 0.014432291666666668 0.06080555555555556
5 0.72096875 0.1089537037037037 0.012651041666666666 0.05987962962962963
5 0.7154166666666666 0.11342592592592593 0.010916666666666667 0.06574074074074074
3 0.7012708333333334 0.11990740740740741 0.013869791666666666 0.030555555555555555
0 0.6731874999999999 0.13208333333333333 0.057546875 0.08442592592592593
3 0.7021354166666666 0.1336388888888889 0.012135416666666668 0.032101851851851854
0 0.7543593749999999 0.13671296296296298 0.0366875 0.08387962962962964
5 0.6569375 0.1416111111111111 0.015244791666666667 0.04139814814814815
3 0.726796875 0.1585 0.01709375 0.03812962962962963
5 0.6347291666666667 0.16366666666666665 0.020458333333333335 0.09422222222222222
5 0.6065468749999999 0.16857407407407407 0.013119791666666667 0.04412037037037037
5 0.6495833333333334 0.189 0.014635416666666668 0.05337962962962963
5 0.6894218750000001 0.19062962962962962 0.023848958333333333 0.05446296296296296
5 0.5844947916666666 0.19090740740740741 0.014963541666666667 0.06481481481481481
5 0.6626041666666667 0.19771296296296295 0.018000000000000002 0.07625
3 0.726484375 0.19880555555555557 0.04159895833333334 0.03267592592592593
5 0.5987343749999999 0.19962037037037036 0.022619791666666667 0.057185185185185186
3 0.4936510416666666 0.20601851851851852 0.033796875 0.06388888888888888
3 0.5547760416666667 0.21459259259259258 0.032130208333333334 0.04357407407407408
3 0.6981510416666666 0.22276851851851853 0.053557291666666666 0.03486111111111111
3 0.5379322916666667 0.22303703703703703 0.03519791666666667 0.03649074074074074
3 0.53134375 0.2361111111111111 0.034895833333333334 0.03322222222222222
1 0.7331822916666667 0.24768518518518517 0.10557291666666666 0.06018518518518518
3 0.4897447916666666 0.2652777777777778 0.029114583333333333 0.028703703703703703
3 0.47255729166666666 0.2712962962962963 0.044744791666666665 0.044444444444444446
5 0.5147864583333334 0.2800925925925926 0.02919270833333333 0.12190740740740741
3 0.4092864583333334 0.29398148148148145 0.04736979166666667 0.0712962962962963
1 0.6048177083333334 0.29814814814814816 0.14988020833333332 0.14444444444444443
3 0.4595416666666667 0.3013888888888889 0.04891145833333333 0.062037037037037036
1 0.6956822916666667 0.30648148148148147 0.17015624999999998 0.10925925925925926
1 0.6722447916666667 0.4351851851851852 0.22640625 0.23703703703703705
1 0.49022916666666666 0.44907407407407407 0.163421875 0.21296296296296297
5 0.5577447916666666 0.45987962962962964 0.044796875 0.1975277777777778
3 0.23656249999999998 0.4671296296296296 0.05400520833333333 0.10462962962962963
3 0.21781770833333333 0.4777777777777778 0.047765625 0.10185185185185185
3 0.20297916666666668 0.49953703703703706 0.05661979166666666 0.09166666666666666
3 0.181890625 0.5185185185185185 0.04465104166666667 0.09074074074074075
3 0.16340104166666666 0.5342592592592592 0.04309895833333333 0.1
3 0.13970833333333335 0.5583333333333333 0.051958333333333336 0.08888888888888889
3 0.12278645833333333 0.5736111111111111 0.05040104166666667 0.09166666666666666
3 0.10169270833333334 0.5981481481481481 0.051973958333333334 0.10185185185185185
3 0.08529166666666667 0.6152777777777778 0.04729166666666666 0.09537037037037037
3 0.06602604166666666 0.625 0.036885416666666664 0.10555555555555556
3 0.0386875 0.6462962962962963 0.04158333333333333 0.11851851851851852
3 0.025406250000000002 0.674074074074074 0.04106770833333333 0.11851851851851852
3 0.008911458333333334 0.7074074074074074 0.017822916666666667 0.08888888888888889
5 0.7437968749999999 0.07731481481481481 0.007609375 0.021296296296296296
1 0.6523177083333334 0.7746944444444444 0.3624114583333334 0.41358333333333336
5 0.7194947916666667 0.07808333333333334 0.0083125 0.015435185185185187
5 0.7518697916666667 0.07947222222222222 0.008473958333333333 0.02623148148148148