5 0.13311458333333334 0.20999074074074073 0.006286458333333333 0.025796296296296296
5 0.23570833333333333 0.22016666666666668 0.013828125 0.0535
5 0.2678229166666667 0.22685185185185186 0.0074531250000000005 0.03188888888888889
1 0.10921874999999999 0.22916666666666666 0.05288020833333333 0.06018518518518518
5 0.27476562499999996 0.24691666666666667 0.012078125 0.04526851851851852
4 0.19346875 0.26080555555555557 0.07517708333333334 0.09774074074074074
3 0.47060937500000005 0.2757222222222222 0.055390625 0.051444444444444445
4 0.32538020833333337 0.2916666666666667 0.10405208333333334 0.21501851851851853
3 0.5679583333333333 0.32099074074074074 0.043270833333333335 0.09875925925925925
3 0.2523489583333333 0.3287037037037037 0.035015625 0.08796296296296297
3 0.5905208333333333 0.3302407407407408 0.057151041666666666 0.09259259259259259
3 0.6184218749999999 0.3368333333333333 0.04964583333333333 0.10156481481481482
3 0.636453125 0.34125925925925926 0.04986979166666667 0.11181481481481483
5 0.7129114583333334 0.3433611111111111 0.036609375000000006 0.10648148148148148
3 0.6571197916666667 0.351712962962963 0.05411979166666667 0.10662037037037038
5 0.8710677083333334 0.3675925925925926 0.022640625 0.07962962962962963
3 0.68434375 0.3731759259259259 0.05521354166666667 0.09763888888888889
3 0.7232760416666667 0.3815277777777778 0.048651041666666665 0.11658333333333333
3 0.75153125 0.3950648148148148 0.06179166666666667 0.11419444444444445
3 0.7711302083333333 0.4006018518518518 0.049984375 0.12331481481481482
5 0.824203125 0.4027777777777778 0.02265625 0.18703703703703703
3 0.7960260416666666 0.4264814814814815 0.033942708333333335 0.10016666666666667
3 0.90765625 0.4305555555555556 0.018171875 0.07142592592592592
3 0.8085677083333334 0.4398148148148148 0.04293229166666667 0.07660185185185185
3 0.9217916666666667 0.45866666666666667 0.025604166666666664 0.09987037037037037
3 0.9513593749999999 0.4876574074074074 0.037119791666666666 0.1640185185185185
5 0.8710677083333334 0.5030833333333333 0.04555208333333333 0.2462962962962963
3 0.9703906250000001 0.5055185185185186 0.02508854166666667 0.14814814814814814
3 0.8700156250000001 0.5064814814814815 0.118453125 0.11296296296296296
3 0.9924635416666666 0.5132314814814815 0.013671875 0.08730555555555557
3 0.3226354166666667 0.7881944444444444 0.18859895833333334 0.2569444444444444