5 0.7082291666666667 0.28525925925925927 0.008505208333333332 0.014953703703703702
5 0.6713645833333334 0.3046481481481481 0.010130208333333333 0.03167592592592593
5 0.6961354166666667 0.30666666666666664 0.013776041666666666 0.02725925925925926
3 0.6721510416666666 0.32133333333333336 0.025994791666666666 0.02875925925925926
5 0.6968333333333334 0.32402777777777775 0.007588541666666667 0.021592592592592594
2 0.5605625 0.3244814814814815 0.07531770833333334 0.048435185185185185
3 0.6908072916666667 0.3326203703703704 0.0105 0.018518518518518517
1 0.7280729166666667 0.3755555555555556 0.06446875 0.10571296296296297
0 0.5969010416666667 0.40501851851851856 0.05927604166666667 0.1387962962962963
3 0.7619270833333334 0.44489814814814815 0.04813541666666667 0.040212962962962964
3 0.7655885416666667 0.4495462962962963 0.047713541666666665 0.030324074074074073
3 0.78221875 0.4584351851851852 0.05382291666666667 0.017435185185185182
3 0.7764427083333333 0.45931481481481484 0.05684895833333334 0.021444444444444443
3 0.575421875 0.45985185185185184 0.05395833333333333 0.05437037037037037
5 0.6675208333333333 0.4830740740740741 0.029249999999999998 0.15900925925925924
3 0.7768177083333333 0.48367592592592595 0.064625 0.03417592592592592
3 0.5547239583333333 0.4892314814814815 0.07867708333333333 0.02999074074074074
3 0.7768333333333334 0.49119444444444443 0.06545833333333334 0.036981481481481476
3 0.5543854166666667 0.5036759259259259 0.07397395833333334 0.015416666666666665
3 0.7953541666666666 0.5066203703703703 0.06544270833333334 0.028555555555555556
3 0.7810416666666666 0.509287037037037 0.06525520833333334 0.05438888888888889
3 0.5419583333333333 0.5191851851851852 0.09279687499999999 0.043055555555555555
3 0.8359114583333334 0.5201851851851852 0.05686979166666666 0.023416666666666665
3 0.8432760416666666 0.5323981481481481 0.07184375 0.02787962962962963
3 0.7777864583333333 0.5554537037037037 0.057479166666666665 0.0791111111111111
3 0.863265625 0.5575648148148148 0.06778645833333334 0.026953703703703702
3 0.5386875 0.5634444444444444 0.10807291666666667 0.08113888888888889
3 0.7970833333333334 0.5697962962962962 0.06806770833333334 0.0532962962962963
3 0.47285937499999997 0.5712037037037037 0.10293229166666666 0.04237037037037037
3 0.8748281250000001 0.5741666666666667 0.070109375 0.029342592592592594
3 0.8763697916666667 0.5976111111111111 0.054697916666666666 0.0330925925925926
3 0.4566822916666667 0.6009166666666667 0.11637499999999999 0.05786111111111111
3 0.9195260416666666 0.6267037037037038 0.06474479166666666 0.050194444444444444
3 0.44304166666666667 0.6267592592592592 0.11309374999999999 0.042351851851851856
3 0.813453125 0.6391111111111111 0.08672395833333332 0.1050462962962963
3 0.8580572916666667 0.656074074074074 0.08813541666666666 0.040324074074074075
3 0.9617812499999999 0.658537037037037 0.07644270833333335 0.05633333333333334
3 0.02458854166666667 0.6616481481481482 0.04918229166666667 0.14569444444444443
3 0.42921875000000004 0.6687592592592593 0.11163020833333334 0.10562962962962963
3 0.8657239583333334 0.6828240740740741 0.097671875 0.03490740740740741
3 0.35503124999999996 0.7046111111111111 0.13776041666666666 0.15018518518518517
3 0.8683489583333334 0.7174166666666666 0.099609375 0.05107407407407407
3 0.973046875 0.7206666666666667 0.05390625 0.06758333333333333
3 0.9811354166666667 0.7494259259259259 0.03772916666666667 0.04839814814814815
3 0.8791875 0.8064629629629629 0.12909375 0.14081481481481484
3 0.9796927083333333 0.8070925925925926 0.040614583333333336 0.07813888888888888