1 0.48204296874999997 0.8192847222222223 0.5031953125 0.3614305555555556
1 0.8583671875000001 0.09512499999999999 0.0594609375 0.03873611111111111
3 0.6681796875 0.11777083333333334 0.01846484375 0.014145833333333333
3 0.665421875 0.1203125 0.02284375 0.016881944444444442
1 0.86356640625 0.1250138888888889 0.050511718750000004 0.03927777777777778
3 0.65865234375 0.13127777777777777 0.03703515625 0.03725694444444445
3 0.5801328125 0.15784027777777776 0.031406250000000004 0.05086111111111111
4 0.716796875 0.18890277777777775 0.12003515625000001 0.17606944444444445
5 0.40008984375 0.3011388888888889 0.03136328125 0.09704861111111111
5 0.42945312500000005 0.3345208333333333 0.02783984375 0.1344861111111111
5 0.40150781249999995 0.3969652777777778 0.02789453125 0.1533263888888889
5 0.57581640625 0.45842361111111113 0.02828125 0.20065972222222223