5 0.6577968750000001 0.26301851851851854 0.006145833333333334 0.012648148148148148
3 0.6580364583333334 0.2771574074074074 0.005578125000000001 0.014194444444444445
5 0.6868072916666667 0.2952222222222222 0.007973958333333333 0.02799074074074074
5 0.7085052083333333 0.3084537037037037 0.010546875 0.024305555555555556
5 0.695890625 0.30974999999999997 0.010151041666666666 0.025620370370370373
2 0.5597447916666667 0.3204722222222222 0.06583333333333334 0.04012037037037037
1 0.7237291666666666 0.3794351851851852 0.057317708333333335 0.11766666666666667
0 0.5993802083333333 0.39609259259259255 0.05019791666666666 0.1111111111111111
5 0.6653645833333334 0.4402037037037037 0.027401041666666667 0.13194444444444445
3 0.7631770833333333 0.44675925925925924 0.051932291666666665 0.0625
3 0.57503125 0.45613888888888887 0.04843229166666666 0.061407407407407404
3 0.7703333333333333 0.46469444444444447 0.05192708333333333 0.05439814814814815
3 0.5549375 0.47993518518518524 0.07768229166666667 0.03765740740740741
3 0.7799895833333333 0.4920648148148148 0.06688020833333333 0.042324074074074076
3 0.83578125 0.5251296296296296 0.060911458333333335 0.037037037037037035
3 0.5509427083333333 0.53025 0.08705729166666668 0.07037037037037037
3 0.7791250000000001 0.5549814814814815 0.058104166666666665 0.0798611111111111
3 0.7976770833333333 0.5601851851851852 0.05842708333333334 0.06018518518518518
3 0.5377500000000001 0.5645092592592592 0.09886458333333333 0.09937962962962962
3 0.47994791666666664 0.5675925925925925 0.10201041666666667 0.05740740740740741
3 0.45634375 0.5910462962962963 0.10757291666666666 0.045064814814814814
3 0.875578125 0.6005277777777778 0.07354166666666666 0.04762037037037037
3 0.9236302083333333 0.6174814814814815 0.06163541666666667 0.059027777777777776
3 0.44731770833333334 0.6175925925925926 0.119375 0.04382407407407407
3 0.442453125 0.6234537037037038 0.113828125 0.08271296296296296
3 0.814921875 0.6336851851851851 0.098125 0.11458333333333333
3 0.02236979166666667 0.6666666666666666 0.04473958333333334 0.1527777777777778
3 0.964046875 0.6673240740740741 0.07190625 0.07804629629629631
3 0.8682968750000001 0.6718796296296297 0.10201041666666667 0.06365740740740741
3 0.4275729166666667 0.6838703703703705 0.12364062499999999 0.13935185185185187
3 0.3614583333333333 0.6882685185185186 0.132328125 0.17900925925925928
5 0.23553645833333334 0.711037037037037 0.064453125 0.3155833333333333
3 0.8748072916666667 0.7147037037037037 0.10591666666666667 0.056712962962962965
3 0.980046875 0.7751296296296296 0.03991145833333333 0.12962962962962962
3 0.8751302083333333 0.8084537037037037 0.13520833333333335 0.14699074074074073