3 0.7172968750000001 0.10811111111111112 0.025666666666666667 0.052833333333333336
3 0.7355208333333334 0.11328703703703703 0.011265625 0.04248148148148148
3 0.7113229166666667 0.11737037037037037 0.029041666666666667 0.052833333333333336
3 0.7047343749999999 0.12091666666666667 0.025062499999999998 0.046842592592592595
3 0.7035104166666667 0.125 0.014645833333333334 0.031046296296296298
0 0.672546875 0.13698148148148148 0.0544375 0.09531481481481481
0 0.75496875 0.13752777777777778 0.03606770833333333 0.09204629629629629
5 0.6973854166666666 0.1563148148148148 0.018322916666666668 0.07951851851851852
3 0.634875 0.17292592592592593 0.03239583333333333 0.06699074074074074
3 0.6215468749999999 0.17810185185185184 0.03147916666666666 0.06318518518518518
3 0.7105572916666667 0.18273148148148147 0.021385416666666667 0.056101851851851854
3 0.7450156250000001 0.18409259259259259 0.04618229166666667 0.052287037037037035
3 0.6034739583333334 0.1895462962962963 0.032713541666666665 0.06862962962962964
3 0.589984375 0.19525925925925924 0.030239583333333334 0.06917592592592592
3 0.57528125 0.2017962962962963 0.03453125 0.07135185185185186
3 0.4931875 0.2031574074074074 0.039463541666666664 0.07298148148148148
5 0.6670052083333334 0.2175277777777778 0.013119791666666667 0.10512037037037038
3 0.5599635416666667 0.22522222222222224 0.04372395833333333 0.058277777777777776
3 0.695390625 0.23121296296296298 0.055390625 0.08224074074074074
3 0.5382135416666666 0.23720370370370372 0.041895833333333334 0.0757037037037037
3 0.5270364583333333 0.2467314814814815 0.043432291666666664 0.07298148148148148
1 0.730765625 0.24918518518518518 0.09979166666666667 0.06808333333333333
3 0.5152395833333333 0.2617129629629629 0.04680729166666667 0.0778888888888889
3 0.49104166666666665 0.26987962962962964 0.04252604166666667 0.0757037037037037
3 0.4132395833333333 0.2821388888888889 0.043166666666666666 0.07189814814814816
3 0.47312499999999996 0.2851296296296296 0.04283854166666667 0.07897222222222222
3 0.463015625 0.2960277777777778 0.048359374999999996 0.08442592592592593
5 0.6517552083333332 0.30374074074074076 0.019390624999999998 0.06862962962962964
1 0.6961458333333332 0.305287037037037 0.17270833333333335 0.10729629629629629
3 0.44115624999999997 0.31533333333333335 0.06740624999999999 0.07922222222222222
2 0.33350520833333336 0.3425925925925926 0.12294791666666667 0.2222222222222222
5 0.235546875 0.42777777777777776 0.03322395833333333 0.08333333333333333
1 0.6696875 0.43363888888888885 0.23742708333333334 0.24382407407407405
3 0.204046875 0.4476851851851852 0.016046875 0.05462962962962963
3 0.24622395833333333 0.4791666666666667 0.02332291666666667 0.062037037037037036
5 0.17071874999999997 0.48518518518518516 0.030640624999999998 0.09259259259259259
5 0.134265625 0.49027777777777776 0.011911458333333335 0.023148148148148147
5 0.23059895833333333 0.49212962962962964 0.046239583333333334 0.15092592592592594
3 0.150671875 0.49537037037037035 0.017630208333333335 0.05925925925925926
3 0.20404166666666665 0.49583333333333335 0.04729166666666666 0.10092592592592593
5 0.132703125 0.512962962962963 0.02440625 0.046296296296296294
5 0.11578125 0.525 0.014640624999999999 0.05740740740740741
3 0.19597395833333334 0.5393518518518519 0.017614583333333333 0.05277777777777778
5 0.17826562499999998 0.5560185185185185 0.038447916666666665 0.16203703703703703
3 0.09338541666666668 0.5671296296296297 0.029109375 0.06574074074074074
5 0.3474947916666667 0.5837222222222221 0.062671875 0.20601851851851852
5 0.1353125 0.587037037037037 0.04953645833333333 0.17222222222222222
5 0.16836979166666666 0.5888888888888889 0.05823958333333333 0.17222222222222222
3 0.07802604166666667 0.5958333333333333 0.023385416666666665 0.062037037037037036
5 0.05745833333333333 0.6 0.028083333333333335 0.10185185185185185
3 0.09860416666666666 0.6412037037037037 0.06566666666666666 0.13796296296296295
5 0.041838541666666666 0.6416666666666667 0.025026041666666665 0.13518518518518519
3 0.02022916666666667 0.6675925925925926 0.033875 0.12777777777777777
3 0.008687499999999999 0.7083333333333334 0.017374999999999998 0.07222222222222222
3 0.7302916666666667 0.0734537037037037 0.021447916666666667 0.017287037037037038
3 0.7469322916666666 0.7654351851851852 0.16622916666666668 0.2222222222222222
3 0.7467864583333333 0.08611111111111111 0.014151041666666668 0.020370370370370372