5 0.7169947916666667 0.099 0.014375 0.047009259259259265
5 0.7302135416666666 0.10897222222222222 0.010364583333333333 0.031342592592592596
3 0.7029739583333333 0.1317685185185185 0.012776041666666666 0.04986111111111111
5 0.6880364583333333 0.13362962962962963 0.01747395833333333 0.045037037037037035
0 0.669625 0.13390740740740742 0.049041666666666664 0.08902777777777779
5 0.6707552083333332 0.13447222222222222 0.011796875 0.0534537037037037
5 0.660578125 0.13741666666666666 0.014645833333333334 0.05092592592592592
0 0.7542447916666667 0.13853703703703704 0.03839583333333333 0.09259259259259259
5 0.723703125 0.14137962962962963 0.01296875 0.043444444444444445
5 0.6128645833333334 0.1595462962962963 0.016307291666666664 0.06267592592592593
5 0.7529427083333334 0.1648888888888889 0.017364583333333336 0.05840740740740741
5 0.6403385416666667 0.1691574074074074 0.02077604166666667 0.10327777777777779
5 0.7380260416666666 0.16969444444444445 0.015567708333333334 0.0580462962962963
5 0.6273229166666667 0.17200925925925928 0.016375 0.09757407407407406
5 0.5990468750000001 0.1723611111111111 0.018317708333333335 0.06837962962962962
5 0.5840260416666666 0.17841666666666667 0.010708333333333332 0.04487037037037037
3 0.71028125 0.18572222222222223 0.03380208333333334 0.02100925925925926
3 0.48948958333333337 0.19550925925925927 0.031572916666666666 0.04487037037037037
5 0.6880052083333333 0.20299074074074072 0.023963541666666664 0.06837962962962962
5 0.5710052083333333 0.20335185185185187 0.023932291666666668 0.0961574074074074
5 0.5303489583333333 0.20512962962962963 0.016338541666666668 0.04986111111111111
3 0.7129895833333334 0.21581481481481482 0.025989583333333333 0.048435185185185185
3 0.4932916666666667 0.21724074074074073 0.03758333333333333 0.04558333333333333
5 0.663375 0.22044444444444444 0.01796354166666667 0.11039814814814815
5 0.6751874999999999 0.2261388888888889 0.020760416666666667 0.12179629629629629
3 0.5535781249999999 0.22685185185185186 0.033953125 0.06624074074074075
3 0.5491718750000001 0.24537037037037038 0.029151041666666665 0.060537037037037035
5 0.6140677083333334 0.24964814814814815 0.031526041666666664 0.1303425925925926
3 0.5427656249999999 0.25249074074074074 0.021942708333333335 0.05626851851851852
3 0.4846822916666667 0.2564074074074074 0.025166666666666667 0.031342592592592596
5 0.6002708333333333 0.25925925925925924 0.0256875 0.14197222222222222
3 0.5233385416666666 0.2642407407407407 0.032765625 0.06410185185185185
3 0.4728645833333333 0.28917592592592595 0.04640104166666667 0.07407407407407407
3 0.40997395833333333 0.29344444444444445 0.045625 0.06979629629629629
5 0.5074062500000001 0.29475 0.030927083333333334 0.1388888888888889
3 0.46465104166666665 0.30163888888888885 0.04920833333333333 0.06624074074074075
3 0.451234375 0.3133888888888889 0.052015625 0.061250000000000006
5 0.6337864583333332 0.40162037037037035 0.02965625 0.12731481481481483
5 0.5394114583333334 0.4363425925925926 0.03409895833333333 0.18287037037037038
5 0.5621875000000001 0.4710648148148148 0.021875 0.21064814814814814
3 0.214453125 0.47791666666666666 0.03999479166666667 0.0883148148148148
5 0.6341197916666667 0.4830277777777777 0.04477083333333333 0.16358333333333333
5 0.5777083333333334 0.4891944444444445 0.03958333333333333 0.16358333333333333
5 0.7261197916666667 0.5 0.04472916666666667 0.1913611111111111
5 0.4353697916666667 0.5042407407407408 0.039635416666666666 0.20447222222222222
3 0.20143229166666668 0.5060555555555555 0.056421874999999996 0.0819074074074074
5 0.4078125 0.5162037037037037 0.033140625 0.18518518518518517
5 0.24877604166666664 0.5173611111111112 0.05011979166666667 0.1890462962962963
3 0.18520833333333334 0.5238611111111111 0.04320833333333333 0.0904537037037037
3 0.16318229166666667 0.5313425925925926 0.04161458333333334 0.09401851851851853
5 0.15135416666666668 0.5690555555555556 0.05840625 0.16280555555555556
3 0.11849479166666667 0.5783518518518519 0.045994791666666666 0.06979629629629629
3 0.10327083333333334 0.5972222222222222 0.046 0.09187962962962963
3 0.08404687500000001 0.6189444444444445 0.04280208333333334 0.07835185185185185
3 0.06461979166666666 0.6292777777777778 0.04320833333333333 0.08618518518518518
3 0.044390625 0.6584722222222222 0.03801041666666667 0.10327777777777779
3 0.023557291666666664 0.6695185185185185 0.04282291666666667 0.10113888888888889
3 0.009067708333333334 0.7086851851851852 0.018140625 0.07835185185185185
1 0.6540520833333333 0.7700648148148148 0.36588020833333335 0.39814814814814814
5 0.7324166666666667 0.08155555555555555 0.010364583333333333 0.034185185185185187