5 0.7111640625 0.18484722222222222 0.0074609375000000006 0.016166666666666666
2 0.6157578125 0.18863888888888888 0.03721875 0.0615
1 0.7847890625 0.1934861111111111 0.032328125 0.038625
5 0.6255234375 0.19854166666666664 0.0064609375 0.044236111111111115
5 0.704515625 0.201875 0.0121015625 0.020444444444444446
3 0.712 0.20230555555555554 0.0066015625 0.017499999999999998
0 0.656546875 0.20536111111111113 0.0237421875 0.059125
5 0.67353125 0.208375 0.0116953125 0.026791666666666665
5 0.637890625 0.21180555555555555 0.0081953125 0.05166666666666667
3 0.7047343749999999 0.2281527777777778 0.01484375 0.03147222222222222
5 0.6107578124999999 0.23365277777777776 0.020835937500000002 0.030069444444444444
3 0.67240625 0.23919444444444443 0.013960937500000001 0.03325
5 0.569546875 0.24122222222222223 0.0194765625 0.03966666666666666
5 0.62128125 0.2693888888888889 0.0218828125 0.09076388888888888
3 0.605796875 0.27534722222222224 0.019578125 0.05390277777777778
3 0.5671406250000001 0.28175 0.0237421875 0.05383333333333333