3 0.7011458333333334 0.09551851851851852 0.009552083333333333 0.013648148148148149
5 0.722078125 0.09774074074074074 0.010869791666666666 0.06584259259259259
3 0.7008697916666667 0.11500925925925926 0.015036458333333334 0.021444444444444443
3 0.7055312499999999 0.11598148148148149 0.02215625 0.035083333333333334
0 0.6705833333333333 0.13060185185185186 0.0536875 0.07504629629629629
0 0.7539010416666667 0.1337685185185185 0.033375 0.06481481481481481
5 0.6555416666666667 0.143 0.013213541666666667 0.04321296296296297
5 0.6335572916666667 0.1450648148148148 0.013223958333333334 0.05555555555555555
5 0.6688489583333334 0.14557407407407408 0.014364583333333332 0.04424074074074074
5 0.7032760416666667 0.1532962962962963 0.016088541666666668 0.05555555555555555
3 0.7257187500000001 0.15625 0.021046875 0.02824074074074074
3 0.6321197916666667 0.16975 0.027708333333333335 0.037037037037037035
5 0.6060729166666667 0.17387037037037037 0.01728125 0.05555555555555555
5 0.5892916666666667 0.17592592592592593 0.011505208333333333 0.059666666666666666
3 0.7150416666666667 0.1840277777777778 0.03719270833333333 0.02361111111111111
5 0.6697187499999999 0.18466666666666667 0.013786458333333333 0.048351851851851854
5 0.6862083333333333 0.18673148148148147 0.017828124999999997 0.05452777777777778
5 0.5835052083333333 0.18775925925925926 0.011505208333333333 0.060703703703703704
5 0.57309375 0.18981481481481483 0.010354166666666666 0.06892592592592592
5 0.6485989583333333 0.1923888888888889 0.009744791666666667 0.05761111111111111
3 0.5632708333333334 0.19599074074074072 0.010380208333333333 0.025722222222222223
3 0.7305364583333334 0.20046296296296295 0.031197916666666665 0.019444444444444445
5 0.660171875 0.20112962962962963 0.015526041666666665 0.058638888888888886
3 0.611578125 0.20678703703703705 0.028296875 0.03086111111111111
3 0.5531406249999999 0.21811111111111112 0.035265624999999995 0.04937962962962963
3 0.6940833333333334 0.22013888888888888 0.0494375 0.033796296296296297
3 0.5383854166666667 0.22942592592592592 0.03931770833333333 0.04114814814814815
1 0.7304427083333334 0.2489722222222222 0.098203125 0.06789814814814815
3 0.5308645833333333 0.25051851851851853 0.039322916666666666 0.058638888888888886
3 0.5195833333333334 0.25462962962962965 0.039906250000000004 0.06275925925925926
3 0.4732708333333333 0.27417592592592593 0.04334375 0.04012037037037037
3 0.4946770833333333 0.27417592592592593 0.039864583333333335 0.06275925925925926
3 0.41193749999999996 0.2854907407407407 0.04915625 0.07099074074074074
1 0.6071979166666667 0.2937222222222223 0.152640625 0.1450648148148148
3 0.460828125 0.30144444444444446 0.05086979166666667 0.06584259259259259
1 0.6960104166666666 0.31224074074074076 0.17054166666666667 0.09774074074074074
1 0.6702604166666667 0.4243796296296296 0.225515625 0.22119444444444444
1 0.4897447916666666 0.4398148148148148 0.15731770833333333 0.18826851851851853
3 0.23997916666666666 0.46698148148148144 0.03895833333333333 0.08025
3 0.21827604166666664 0.47485185185185186 0.0393125 0.09784259259259259
3 0.20521874999999998 0.488787037037037 0.04859375 0.10349074074074073
5 0.7568072916666666 0.5034722222222222 0.030906250000000003 0.2013888888888889
3 0.17850520833333333 0.5055555555555555 0.030588541666666667 0.09074074074074075
3 0.16301041666666669 0.5225740740740741 0.043359375 0.10811111111111112
5 0.20880208333333333 0.5338796296296296 0.04718229166666667 0.16525
3 0.13938541666666668 0.558212962962963 0.049234375000000004 0.08493518518518518
3 0.12303645833333333 0.5723796296296296 0.049859375000000004 0.09291666666666666
5 0.4487760416666667 0.5763888888888888 0.06919270833333332 0.19444444444444445
3 0.10273958333333333 0.593574074074074 0.047822916666666666 0.10012037037037036
3 0.08469791666666666 0.6081111111111112 0.04298958333333334 0.09769444444444444
3 0.06439062499999999 0.6206388888888889 0.045083333333333336 0.10424074074074074
3 0.04076041666666667 0.6504444444444445 0.034276041666666666 0.10459259259259258
3 0.02547395833333333 0.6698425925925926 0.037036458333333334 0.09710185185185186
5 0.7559583333333334 0.06968518518518518 0.005145833333333334 0.025342592592592594
3 0.00784375 0.7044814814814815 0.0156875 0.08117592592592593
5 0.7503437500000001 0.07285185185185186 0.00596875 0.021925925925925925
5 0.743625 0.07456481481481482 0.005697916666666666 0.026314814814814815
3 0.7107395833333333 0.07748148148148148 0.011192708333333332 0.015592592592592592
1 0.6549322916666667 0.779324074074074 0.36070312499999996 0.3919722222222222
5 0.7340885416666667 0.08598148148148148 0.010322916666666666 0.039685185185185184
3 0.7059427083333334 0.08625925925925926 0.009822916666666666 0.013648148148148149