5 0.23203125 0.19490740740740742 0.009895833333333333 0.04722222222222222
5 0.1453125 0.19722222222222222 0.004166666666666667 0.014814814814814815
5 0.14375 0.2125 0.004166666666666667 0.03611111111111111
5 0.15963541666666667 0.21481481481481482 0.0036458333333333334 0.040740740740740744
5 0.15234375 0.21712962962962962 0.0078125 0.04722222222222222
5 0.13880208333333333 0.21851851851851853 0.0067708333333333336 0.040740740740740744
5 0.27057291666666666 0.24675925925925926 0.0140625 0.075
3 0.47171875 0.2786203703703704 0.053890625 0.050509259259259254
5 0.43776041666666665 0.3060185185185185 0.015104166666666667 0.08055555555555556
5 0.20052083333333334 0.3074074074074074 0.017708333333333333 0.10185185185185185
3 0.2368697916666667 0.3076574074074074 0.036843749999999995 0.07828703703703703
5 0.7651041666666667 0.31666666666666665 0.017708333333333333 0.03518518518518519
3 0.5692708333333333 0.33240740740740743 0.04583333333333333 0.06296296296296296
4 0.3630260416666667 0.33449074074074076 0.19415624999999997 0.33564814814814814
3 0.5796875 0.3398148148148148 0.03854166666666667 0.06666666666666667
5 0.53515625 0.3435185185185185 0.028645833333333332 0.1685185185185185
3 0.5908854166666667 0.3435185185185185 0.0453125 0.06666666666666667
3 0.6190104166666667 0.3527777777777778 0.043229166666666666 0.07037037037037037
3 0.6361979166666667 0.3527777777777778 0.0453125 0.07962962962962963
3 0.6541666666666667 0.3625 0.05 0.07314814814814814
3 0.6729166666666667 0.37037037037037035 0.053125 0.09259259259259259
5 0.46041666666666664 0.38333333333333336 0.040625 0.18518518518518517
3 0.69296875 0.38796296296296295 0.0546875 0.07407407407407407
3 0.72265625 0.39444444444444443 0.0453125 0.1
5 0.765625 0.4078703703703704 0.023958333333333335 0.17685185185185184
3 0.7361979166666667 0.4083333333333333 0.0296875 0.08703703703703704
3 0.8010416666666667 0.41759259259259257 0.035416666666666666 0.09259259259259259
3 0.7510416666666667 0.42083333333333334 0.013541666666666667 0.06944444444444445
3 0.8278645833333333 0.44305555555555554 0.043229166666666666 0.10833333333333334
3 0.8513020833333333 0.45185185185185184 0.05260416666666667 0.09444444444444444
3 0.8838541666666667 0.46435185185185185 0.035416666666666666 0.10648148148148148
3 0.9184895833333333 0.47824074074074074 0.030729166666666665 0.1175925925925926
3 0.9005208333333333 0.4791666666666667 0.036458333333333336 0.10277777777777777
3 0.9473958333333333 0.4912037037037037 0.028125 0.12129629629629629
5 0.6674791666666666 0.49583333333333335 0.045375000000000006 0.22870370370370371
3 0.97578125 0.49675925925925923 0.027604166666666666 0.1398148148148148
3 0.99296875 0.5342592592592592 0.0140625 0.1
1 0.8799479166666667 0.711574074074074 0.24010416666666667 0.38796296296296295