5 0.244953125 0.22787962962962965 0.011484375 0.05452777777777778
4 0.19374479166666667 0.26080555555555557 0.06647395833333333 0.16975
4 0.3276822916666667 0.2788055555555556 0.10865104166666667 0.23250925925925928
3 0.24061979166666667 0.30144444444444446 0.0284375 0.04321296296296297
5 0.22354687499999998 0.31275925925925924 0.02075 0.11728703703703704
3 0.5616197916666666 0.32404629629629633 0.044734375 0.08698148148148148
3 0.5775 0.3334722222222222 0.04004166666666666 0.07435185185185185
3 0.592859375 0.3382222222222222 0.037432291666666666 0.07644444444444444
3 0.6108281249999999 0.34703703703703703 0.04106770833333333 0.0737037037037037
3 0.6332187499999999 0.35214814814814815 0.043145833333333335 0.08022222222222222
3 0.650140625 0.36137037037037034 0.047822916666666666 0.08569444444444445
5 0.45933854166666666 0.3626111111111111 0.034932291666666664 0.17292592592592593
3 0.6675833333333333 0.3791851851851852 0.048338541666666665 0.07132407407407408
3 0.692578125 0.3875185185185185 0.04311979166666667 0.0842962962962963
3 0.7214791666666667 0.3983888888888889 0.04363020833333333 0.08380555555555556
3 0.7446510416666666 0.40249074074074076 0.05142708333333333 0.09573148148148149
3 0.7704270833333333 0.4138055555555556 0.04569270833333334 0.10168518518518518
3 0.8032343750000001 0.4263888888888889 0.047760416666666666 0.10276851851851851
3 0.8274479166666667 0.44250925925925927 0.04097916666666667 0.10909259259259259
3 0.85146875 0.45514814814814814 0.057630208333333335 0.09734259259259259
3 0.880859375 0.4614259259259259 0.038427083333333334 0.1191574074074074
3 0.9022083333333334 0.4753796296296296 0.03529166666666667 0.11557407407407407
3 0.9464739583333334 0.49041666666666667 0.027979166666666666 0.1437962962962963
3 0.921734375 0.49079629629629623 0.03268229166666667 0.12419444444444444
3 0.9722447916666667 0.5 0.020161458333333333 0.15
3 0.9943645833333333 0.5209351851851852 0.011270833333333334 0.11963888888888889
5 0.839984375 0.7039351851851852 0.07643749999999999 0.38657407407407407