5 0.6421770833333333 0.24859259259259261 0.0030520833333333333 0.018324074074074072
5 0.6448541666666666 0.2543055555555555 0.0033229166666666667 0.02213888888888889
5 0.6514791666666666 0.26061111111111107 0.004791666666666666 0.01809259259259259
5 0.6672083333333333 0.2666851851851852 0.0033229166666666667 0.014518518518518517
5 0.6608541666666666 0.2725092592592593 0.004796875000000001 0.022851851851851852
3 0.651546875 0.27346296296296296 0.005203125 0.010944444444444444
5 0.6707552083333332 0.2840555555555555 0.004791666666666666 0.03212962962962963
5 0.6649999999999999 0.2851296296296296 0.003989583333333334 0.02950925925925926
5 0.690640625 0.2938148148148148 0.007072916666666667 0.019749999999999997
5 0.6607187499999999 0.29738888888888887 0.007473958333333333 0.031657407407407405
5 0.6244427083333334 0.3 0.007213541666666667 0.02213888888888889
5 0.6290572916666667 0.3011944444444445 0.004401041666666666 0.023083333333333334
5 0.68996875 0.3020277777777778 0.004932291666666667 0.017611111111111112
2 0.59675 0.3025555555555555 0.029515625 0.03456481481481481
3 0.6854166666666667 0.3038148148148148 0.017781250000000002 0.018324074074074072
5 0.6953229166666667 0.31 0.0046614583333333326 0.024037037037037037
1 0.5514791666666666 0.31377777777777777 0.048374999999999994 0.04175
3 0.68996875 0.31392592592592594 0.021260416666666667 0.015703703703703706
3 0.6274531250000001 0.31725925925925924 0.013234375 0.017611111111111112
3 0.6684791666666666 0.31892592592592595 0.016036458333333333 0.02761111111111111
1 0.5442916666666666 0.3215462962962963 0.0525625 0.04239814814814815
3 0.69425 0.32820370370370366 0.026880208333333332 0.024277777777777777
1 0.5401041666666667 0.3294722222222222 0.03945833333333334 0.04012962962962963
1 0.6040052083333334 0.33492592592592596 0.041281250000000005 0.057444444444444444
5 0.6645989583333333 0.3446296296296296 0.014432291666666668 0.041416666666666664
5 0.7563333333333334 0.3563148148148148 0.008125 0.02275
3 0.6104270833333333 0.36160185185185184 0.027520833333333335 0.02203703703703704
0 0.5758072916666667 0.3646203703703704 0.044578125 0.09736111111111112
5 0.6882239583333334 0.37877777777777777 0.015895833333333335 0.09258333333333332
3 0.665578125 0.3827129629629629 0.010880208333333334 0.03119444444444444
3 0.60090625 0.3877407407407407 0.010328124999999999 0.03814814814814815
3 0.615609375 0.39646296296296296 0.019755208333333333 0.052287037037037035
0 0.7235104166666667 0.40882407407407406 0.04567708333333333 0.13499074074074074
3 0.57025 0.4124351851851852 0.04563020833333333 0.025166666666666667
3 0.5897447916666666 0.4285833333333333 0.048828125 0.018518518518518517
3 0.5825677083333333 0.43919444444444444 0.060953125000000004 0.02052777777777778
3 0.7662656250000001 0.4427685185185185 0.04170833333333333 0.020083333333333335
3 0.773796875 0.45311111111111113 0.04513020833333334 0.023731481481481482
3 0.7784166666666666 0.45767592592592593 0.04752083333333333 0.021907407407407407
3 0.58021875 0.47079629629629627 0.06383854166666666 0.04138888888888889
3 0.7779062499999999 0.47137037037037033 0.05334375 0.021305555555555557
3 0.7933125000000001 0.47441666666666665 0.02184375 0.05051851851851852
3 0.8006666666666666 0.4817222222222222 0.016026041666666668 0.040777777777777774
3 0.5524479166666667 0.48585185185185187 0.06852604166666666 0.03641666666666667
3 0.8061458333333333 0.4954166666666666 0.03382291666666667 0.04138888888888889
3 0.5509635416666666 0.503 0.07208854166666666 0.04011111111111111
3 0.82821875 0.5106296296296297 0.06290625 0.03529629629629629
3 0.831640625 0.5291944444444444 0.060848958333333335 0.032259259259259265
3 0.86090625 0.5486666666666666 0.06391666666666666 0.040777777777777774
3 0.810765625 0.556888888888889 0.03690104166666666 0.045037037037037035
3 0.5279583333333333 0.5622407407407408 0.086640625 0.11320370370370371
5 0.11616666666666667 0.5779351851851852 0.0460625 0.10339814814814816
3 0.871171875 0.5806203703703704 0.07966145833333332 0.038953703703703706
3 0.8780208333333334 0.5997962962962963 0.06254166666666666 0.03834259259259259
3 0.4702291666666667 0.6114814814814815 0.10421875 0.15575925925925926
3 0.43669270833333335 0.6293148148148148 0.12652604166666667 0.17137962962962963
3 0.8237760416666667 0.6357037037037037 0.069203125 0.07973148148148149
3 0.9260520833333333 0.6508333333333333 0.08534375000000001 0.12281481481481481
3 0.860578125 0.6913888888888889 0.096125 0.05964814814814815
3 0.3591666666666667 0.7095555555555556 0.12811979166666668 0.14023148148148148
5 0.0456875 0.7145092592592592 0.04845833333333334 0.2561759259259259
3 0.8679322916666667 0.7352129629629629 0.10125520833333333 0.07668518518518518
2 0.6502708333333334 0.7375648148148148 0.30151041666666667 0.5248796296296296
3 0.9812447916666667 0.7489074074074075 0.032776041666666665 0.06755555555555555
3 0.895828125 0.7890740740740741 0.11528125 0.09676851851851852
3 0.9815729166666666 0.7978981481481482 0.03685416666666667 0.07425