1 0.8087500000000001 0.07509722222222222 0.0200390625 0.014972222222222222
3 0.71953125 0.08016666666666666 0.019796875 0.009659722222222222
1 0.8456875 0.08861805555555556 0.03849609375 0.022694444444444444
5 0.697125 0.0922361111111111 0.00541015625 0.02125
3 0.7189882812499999 0.09247916666666665 0.02197265625 0.014006944444444445
5 0.6899296875 0.09440972222222221 0.00948828125 0.018833333333333334
3 0.719125 0.10165277777777777 0.02061328125 0.025597222222222223
1 0.8087500000000001 0.10189583333333332 0.02275390625 0.03863194444444445
1 0.851796875 0.10261805555555556 0.04962890625 0.03235416666666667
4 0.7585859375 0.1036875 0.0542265625 0.06808333333333334
3 0.67471875 0.10962500000000001 0.01383984375 0.009659722222222222
3 0.66860546875 0.11541666666666665 0.0206328125 0.01159027777777778
3 0.66466796875 0.11904166666666666 0.02525 0.013041666666666667
1 0.8693242187499999 0.12411111111111112 0.039734375 0.027041666666666665
5 0.8826289062500001 0.12725 0.006433593749999999 0.04008333333333333
3 0.66005078125 0.13618750000000002 0.0333984375 0.04153472222222222
5 0.79863671875 0.16127083333333334 0.01712109375 0.04785416666666666
5 0.81646875 0.16671527777777778 0.012531249999999999 0.044743055555555564
5 0.78134765625 0.1676875 0.01580078125 0.04902083333333333
1 0.61851171875 0.1696875 0.07191015625 0.07198611111111111
4 0.7055234375 0.1951180555555556 0.08903515625 0.1824722222222222
5 0.317046875 0.2930902777777778 0.0178828125 0.13140277777777779
5 0.30323046875 0.3342291666666667 0.01853125 0.1336875
5 0.1926953125 0.4016458333333333 0.030136718750000003 0.16340277777777779
5 0.852765625 0.45934722222222224 0.058625000000000003 0.23081944444444444
5 0.7807890625 0.46791666666666665 0.04060546875 0.21138888888888888
5 0.09116015625 0.4833472222222222 0.030171874999999997 0.07770138888888889
0 0.8283125 0.060194444444444446 0.01371484375 0.02407638888888889
5 0.78554296875 0.06245833333333333 0.00565625 0.034805555555555555
3 0.72265625 0.0685763888888889 0.02495703125 0.014486111111111111