3 0.7268489583333333 0.10505555555555555 0.018317708333333335 0.024925925925925928
3 0.7166354166666667 0.11288888888888889 0.01952083333333333 0.026351851851851852
3 0.7068229166666666 0.11431481481481481 0.018322916666666668 0.037750000000000006
3 0.6980104166666667 0.12464814814814815 0.022333333333333334 0.04131481481481481
0 0.7546875 0.1317685185185185 0.033125 0.06979629629629629
0 0.6683645833333334 0.13354629629629627 0.05599479166666667 0.07763888888888888
3 0.6311145833333334 0.15883333333333333 0.018354166666666668 0.02563888888888889
5 0.6491406249999999 0.16203703703703703 0.010338541666666668 0.037750000000000006
5 0.63953125 0.16773148148148148 0.012744791666666666 0.04201851851851852
5 0.6573541666666666 0.16951851851851854 0.010734374999999999 0.02849074074074074
3 0.7080260416666667 0.17521296296296296 0.015119791666666667 0.03846296296296296
3 0.6255104166666666 0.17877777777777779 0.019958333333333335 0.03988888888888889
3 0.7428697916666667 0.1809074074074074 0.039140625000000005 0.037037037037037035
3 0.6088854166666666 0.1830462962962963 0.01796354166666667 0.037037037037037035
3 0.5884583333333333 0.19301851851851853 0.030786458333333332 0.048435185185185185
3 0.5722343750000001 0.2058425925925926 0.03600520833333333 0.048435185185185185
3 0.49269270833333334 0.20914814814814814 0.038786458333333336 0.06787037037037037
3 0.7034166666666667 0.2154537037037037 0.029942708333333335 0.04487037037037037
3 0.561015625 0.22257407407407406 0.04161458333333334 0.05341666666666667
3 0.5377395833333334 0.23910185185185187 0.03908333333333334 0.0697037037037037
1 0.730703125 0.2533518518518519 0.09998958333333333 0.06944444444444445
3 0.526578125 0.2555925925925926 0.044640624999999996 0.052759259259259256
3 0.5151927083333333 0.2631666666666667 0.0435625 0.06849074074074074
1 0.631859375 0.2688148148148148 0.11419791666666666 0.15799074074074074
3 0.4901510416666667 0.2796944444444444 0.044796875 0.060925925925925925
3 0.47338020833333333 0.2871111111111111 0.04263020833333333 0.0727962962962963
3 0.41190625000000003 0.29050925925925924 0.04803125 0.05655555555555555
3 0.4620520833333333 0.30021296296296296 0.04801041666666667 0.057694444444444444
1 0.696578125 0.30965740740740744 0.17263020833333334 0.0975
3 0.430203125 0.3194444444444444 0.04922395833333334 0.07905555555555555
5 0.46845312499999997 0.3900462962962963 0.029718750000000002 0.12268518518518519
1 0.6693489583333334 0.4315555555555555 0.23225 0.23099999999999998
3 0.21994791666666666 0.4355740740740741 0.018572916666666665 0.05478703703703704
3 0.46304166666666663 0.43883333333333335 0.07002083333333334 0.12741666666666668
3 0.20714583333333333 0.44560185185185186 0.025953125 0.05478703703703704
3 0.16786979166666666 0.48534259259259255 0.024666666666666667 0.05092592592592592
3 0.15138020833333332 0.5100277777777779 0.03508854166666667 0.07562037037037037
5 0.11920833333333333 0.545962962962963 0.029354166666666667 0.09576851851851853
3 0.09497395833333333 0.5788703703703704 0.03184895833333333 0.04226851851851852
3 0.07986979166666666 0.6082685185185185 0.0313125 0.05212037037037037
5 0.061578125000000004 0.6277222222222223 0.03877604166666667 0.15724074074074074
2 0.31039583333333337 0.6402592592592593 0.26253645833333333 0.3375740740740741
3 0.05088020833333333 0.6419444444444444 0.03908333333333334 0.10287962962962963
3 0.735328125 0.06533333333333334 0.00921875 0.012342592592592593
5 0.03370833333333333 0.6488425925925926 0.042312499999999996 0.14512037037037037
3 0.11026041666666667 0.6494722222222222 0.06603645833333334 0.13465740740740742
3 0.019598958333333336 0.6793703703703704 0.03483854166666667 0.1066388888888889
3 0.008395833333333333 0.7092685185185185 0.01678645833333333 0.07276851851851852
3 0.728671875 0.07484259259259259 0.015010416666666667 0.015944444444444445
1 0.652625 0.7712037037037037 0.35640104166666664 0.38814814814814813
3 0.7368645833333333 0.09224074074074075 0.01590625 0.022083333333333333