4 0.11910416666666666 0.20497222222222222 0.04077083333333333 0.06669444444444445
5 0.16520833333333332 0.20550925925925925 0.010729166666666668 0.023138888888888886
5 0.23520833333333335 0.21007407407407408 0.010427083333333333 0.02999074074074074
5 0.2971302083333333 0.2127314814814815 0.012536458333333333 0.027805555555555556
5 0.15188020833333335 0.21812962962962965 0.006854166666666666 0.04565740740740741
5 0.14615104166666668 0.2199814814814815 0.006093749999999999 0.045564814814814815
4 0.191984375 0.2474351851851852 0.07386458333333333 0.15698148148148147
5 0.2757864583333333 0.2479444444444444 0.01838020833333333 0.07112037037037038
3 0.47152083333333333 0.27094444444444443 0.05288020833333333 0.06555555555555555
5 0.138125 0.2756296296296296 0.018125 0.1524537037037037
5 0.42675520833333336 0.2767962962962963 0.012333333333333333 0.04882407407407407
5 0.43331770833333333 0.2768796296296296 0.02578645833333333 0.05042592592592593
4 0.32386458333333334 0.2843611111111111 0.1176875 0.2313888888888889
5 0.24171354166666664 0.28991666666666666 0.016708333333333332 0.09894444444444445
5 0.22054166666666666 0.30514814814814817 0.020161458333333333 0.11513888888888889
3 0.6642760416666668 0.32158333333333333 0.04663541666666667 0.04407407407407408
5 0.5882760416666667 0.3222037037037037 0.016057291666666664 0.1499074074074074
5 0.5738072916666667 0.3253240740740741 0.027640625 0.1546111111111111
3 0.2541041666666667 0.3284444444444445 0.036833333333333336 0.08201851851851852
5 0.6084791666666667 0.32988888888888884 0.01991666666666667 0.1544814814814815
3 0.5576510416666667 0.3345462962962963 0.03095833333333333 0.06825925925925926
3 0.6393854166666666 0.3398425925925926 0.04253645833333333 0.10276851851851851
5 0.632515625 0.35644444444444445 0.03216666666666666 0.16439814814814815
5 0.8001458333333333 0.3591944444444444 0.0295625 0.08642592592592593
5 0.48707291666666663 0.36271296296296296 0.03797916666666667 0.17392592592592593
3 0.6775468750000001 0.3665 0.061494791666666666 0.09817592592592593
3 0.6896510416666667 0.37328703703703703 0.06133854166666666 0.10310185185185185
3 0.8219791666666667 0.3803333333333333 0.028078125 0.04137962962962963
5 0.8534895833333334 0.38469444444444445 0.027296874999999998 0.07857407407407407
5 0.8613333333333333 0.39555555555555555 0.04869791666666667 0.09827777777777778
3 0.7476197916666667 0.3972685185185185 0.05241666666666667 0.11217592592592593
3 0.6963385416666666 0.3997777777777778 0.04095833333333333 0.1295462962962963
5 0.9474166666666667 0.40335185185185185 0.025635416666666667 0.05751851851851852
3 0.89696875 0.40549999999999997 0.025109375 0.04296296296296296
5 0.15903124999999999 0.4066111111111111 0.04679166666666667 0.2262037037037037
3 0.763578125 0.4169537037037037 0.037296875 0.09061111111111111
3 0.89890625 0.4226388888888889 0.044708333333333336 0.06904629629629629
5 0.7924635416666667 0.4270277777777778 0.040359374999999996 0.20787037037037037
3 0.82321875 0.43225925925925923 0.05297916666666667 0.12480555555555554
5 0.11791145833333333 0.44107407407407406 0.05858854166666667 0.24540740740740744
3 0.9232916666666667 0.46017592592592593 0.029437500000000002 0.11030555555555555
5 0.9669270833333333 0.5027592592592592 0.035380208333333336 0.2433148148148148
3 0.8790520833333333 0.5031203703703704 0.10414583333333334 0.14655555555555555
5 0.9420677083333333 0.5118611111111111 0.03974479166666667 0.22076851851851853
3 0.9928177083333334 0.5311666666666667 0.013489583333333333 0.10974074074074074
5 0.48473437500000005 0.5613703703703703 0.041567708333333335 0.2891388888888889