1 0.48470312499999996 0.8229097222222223 0.50244921875 0.35418055555555555
1 0.8526093749999999 0.08616666666666667 0.047585937499999995 0.022125
1 0.8533710937500001 0.10393055555555555 0.049453125 0.03797222222222222
3 0.6135234374999999 0.11888194444444444 0.010152343749999999 0.06346527777777777
1 0.8652656249999999 0.12513194444444445 0.030777343750000002 0.03638888888888889
5 0.88458984375 0.1265625 0.008859375 0.03726388888888889
5 0.81305078125 0.1311388888888889 0.01257421875 0.057909722222222224
3 0.6634140625 0.13543055555555555 0.0332421875 0.025881944444444447
3 0.5796718750000001 0.15938888888888889 0.030464843749999998 0.052208333333333336
4 0.716171875 0.1898125 0.12221484375 0.18459722222222222
5 0.56023828125 0.24502083333333333 0.0278984375 0.07073611111111111
3 0.55299609375 0.27545138888888887 0.044441406249999996 0.06902777777777779
5 0.41609375000000004 0.40610416666666665 0.0397421875 0.16796527777777778
0 0.781203125 0.05578472222222222 0.01628125 0.03868055555555556