1 0.8110234374999999 0.08311805555555556 0.026527343749999998 0.033493055555555554
3 0.72129296875 0.08796527777777778 0.01968359375 0.023916666666666666
1 0.85126171875 0.09042361111111112 0.051511718750000005 0.029833333333333333
3 0.71923046875 0.09181944444444444 0.021640625 0.014659722222222222
1 0.80974609375 0.10305555555555555 0.026382812500000002 0.04170833333333333
3 0.7186874999999999 0.10359027777777777 0.0222890625 0.03125
1 0.8583671875000001 0.10397222222222222 0.06401171875 0.036229166666666666
3 0.67084765625 0.11419444444444445 0.01862109375 0.013888888888888888
3 0.66487890625 0.12075694444444443 0.02578125 0.021604166666666667
1 0.87044140625 0.12223611111111111 0.0391796875 0.03136111111111111
3 0.6595625 0.1334861111111111 0.035546875 0.03395138888888889
3 0.58240625 0.15883333333333333 0.028449218749999998 0.05458333333333333
5 0.660671875 0.18187499999999998 0.0158359375 0.07740277777777778
4 0.7161953125 0.1829652777777778 0.11860546875 0.19890972222222222
5 0.45421875 0.2978541666666667 0.022578124999999998 0.13390277777777776
5 0.47756640624999996 0.30075694444444445 0.02762890625 0.11967361111111112
5 0.3402890625 0.36738194444444444 0.033234375 0.15106944444444445
5 0.08971875 0.4892708333333333 0.030378906249999997 0.07553472222222223
5 0.81715625 0.5079652777777778 0.04328125 0.13638194444444443
5 0.769796875 0.5268680555555556 0.049824218749999996 0.11580555555555555