5 0.1515625 0.21203703703703702 0.005208333333333333 0.040740740740740744
5 0.0875 0.21944444444444444 0.004166666666666667 0.018518518518518517
5 0.4466145833333333 0.22870370370370371 0.0067708333333333336 0.016666666666666666
5 0.45703125 0.25092592592592594 0.013020833333333334 0.05555555555555555
5 0.4203125 0.26990740740740743 0.011458333333333333 0.07314814814814814
5 0.37786458333333334 0.2759259259259259 0.008854166666666666 0.1037037037037037
4 0.3231614583333334 0.2800925925925926 0.11678645833333333 0.23032407407407407
5 0.18229166666666666 0.28194444444444444 0.014583333333333334 0.09537037037037037
5 0.38697916666666665 0.287962962962963 0.013541666666666667 0.1037037037037037
5 0.41119791666666666 0.2884259259259259 0.0171875 0.11574074074074074
5 0.5502604166666667 0.29398148148148145 0.021354166666666667 0.09351851851851851
5 0.5036458333333333 0.2953703703703704 0.009375 0.027777777777777776
3 0.5643229166666667 0.29907407407407405 0.0421875 0.03888888888888889
3 0.6291666666666667 0.30185185185185187 0.025 0.024074074074074074
3 0.6072916666666667 0.30462962962962964 0.016666666666666666 0.018518518518518517
3 0.653125 0.30462962962962964 0.017708333333333333 0.03148148148148148
3 0.5794270833333334 0.30833333333333335 0.04010416666666667 0.037037037037037035
3 0.23723958333333334 0.31203703703703706 0.03697916666666667 0.06296296296296296
3 0.6776041666666667 0.32037037037037036 0.01875 0.03888888888888889
3 0.6927083333333334 0.3314814814814815 0.028125 0.03518518518518519
5 0.015104166666666667 0.33194444444444443 0.030208333333333334 0.20092592592592592
5 0.43385416666666665 0.3384259259259259 0.026041666666666668 0.13796296296296295
3 0.7041666666666667 0.3458333333333333 0.03958333333333333 0.04722222222222222
3 0.7213541666666666 0.35555555555555557 0.04895833333333333 0.053703703703703705
5 0.48723958333333334 0.3611111111111111 0.019270833333333334 0.1814814814814815
5 0.46145833333333336 0.36666666666666664 0.028125 0.1925925925925926
5 0.5151041666666667 0.3792592592592593 0.019791666666666666 0.17222222222222222
3 0.7513020833333334 0.3824074074074074 0.0515625 0.09074074074074075
3 0.7705729166666667 0.4050925925925926 0.049479166666666664 0.125
3 0.803125 0.42407407407407405 0.04375 0.1
5 0.5419270833333333 0.4356481481481482 0.03802083333333333 0.2212962962962963
3 0.8294583333333333 0.43728703703703703 0.04406770833333333 0.12374074074074073
1 0.6513020833333333 0.44351851851851853 0.19635416666666666 0.24444444444444444
3 0.85078125 0.45092592592592595 0.05364583333333333 0.1
3 0.884375 0.46620370370370373 0.040625 0.09722222222222222
3 0.91953125 0.47638888888888886 0.0265625 0.11944444444444445
3 0.8989583333333333 0.47824074074074074 0.03333333333333333 0.09166666666666666
3 0.9471354166666667 0.48518518518518516 0.030729166666666665 0.13333333333333333
3 0.976265625 0.49805555555555553 0.026041666666666668 0.14351851851851852
3 0.99375 0.5361111111111111 0.011458333333333333 0.09444444444444444
1 0.8794270833333333 0.7310185185185185 0.24114583333333334 0.42685185185185187