5 0.7385937499999999 0.16691666666666669 0.0022109375000000002 0.010666666666666666
5 0.731609375 0.16741666666666669 0.0038906250000000004 0.021097222222222222
5 0.7165390625 0.1688472222222222 0.0058515625 0.016625
5 0.742359375 0.1696388888888889 0.003046875 0.008194444444444445
3 0.738328125 0.179 0.0035624999999999997 0.010763888888888889
3 0.7167265625 0.17944444444444443 0.006687500000000001 0.012902777777777777
3 0.7424296874999999 0.18177777777777776 0.0035624999999999997 0.012847222222222222
5 0.6005 0.19173611111111113 0.0050703125 0.05038888888888889
5 0.7663671875 0.19284722222222223 0.003875 0.026305555555555558
1 0.7851484375 0.19706944444444444 0.03284375 0.03027777777777778
3 0.6159609374999999 0.20033333333333334 0.024179687499999998 0.021930555555555554
5 0.6552578125 0.2032777777777778 0.0078203125 0.05658333333333333
5 0.6732734375 0.22523611111111108 0.012640624999999999 0.06279166666666666