5 0.8773632812500001 0.3136597222222222 0.007878906250000001 0.03703472222222222
5 0.8920078124999999 0.3197361111111111 0.00788671875 0.043402777777777776
5 0.8990039062499999 0.3203125 0.0067578125 0.04109027777777778
5 0.858953125 0.3224236111111111 0.01214453125 0.06349305555555557
5 0.8271484375 0.3506944444444444 0.025546875000000004 0.0863125
5 0.7554531250000001 0.3789652777777778 0.017203125 0.1011875
5 0.77247265625 0.37995833333333334 0.0211015625 0.1011875
5 0.8489140624999999 0.37995833333333334 0.01573828125 0.025791666666666668
5 0.8676054687500001 0.37995833333333334 0.0163046875 0.02976388888888889
5 0.8904804687500001 0.38145138888888885 0.01381640625 0.03273611111111111
5 0.7373203125 0.38590972222222225 0.02 0.0952361111111111
5 0.5286015625 0.4732152777777777 0.030015625 0.14285416666666667
5 0.49177734375000004 0.4930555555555556 0.0367265625 0.12698611111111113
4 0.1340078125 0.5648125 0.268015625 0.36574305555555553
5 0.17929296875 0.6545138888888888 0.056398437499999995 0.2534722222222222
1 0.5620078125 0.6753472222222222 0.3062109375 0.2743055555555556