1 0.061789062500000005 0.8722222222222222 0.122171875 0.25555555555555554
5 0.8457148437500001 0.30064583333333333 0.0063750000000000005 0.011208333333333334
5 0.8304609375 0.30574999999999997 0.006078125 0.024631944444444442
4 0.94487109375 0.3101111111111111 0.056640625 0.07716666666666668
5 0.8883007812500001 0.3185763888888889 0.011601562499999999 0.07465277777777778
5 0.8997734375 0.3315972222222222 0.015015625 0.0798611111111111
5 0.81612109375 0.34115277777777775 0.01605859375 0.07794444444444444
5 0.84558203125 0.34129166666666666 0.01894140625 0.07201388888888889
5 0.75271484375 0.36425694444444445 0.01496875 0.048159722222222215
5 0.58643359375 0.4703055555555556 0.03747265625 0.1501736111111111
5 0.62608203125 0.4800347222222222 0.035015625 0.1579861111111111
4 0.134515625 0.5522916666666666 0.26887890625 0.3766527777777778
1 0.564546875 0.6840277777777778 0.3089453125 0.2916666666666667