5 0.563109375 0.2540925925925926 0.010041666666666667 0.037425925925925925
5 0.6447031249999999 0.2627685185185185 0.00665625 0.03091666666666667
5 0.6636145833333333 0.2771388888888889 0.0048177083333333336 0.029287037037037035
5 0.5945260416666667 0.27958333333333335 0.00759375 0.04067592592592593
5 0.609015625 0.2888055555555556 0.007890625 0.034166666666666665
5 0.6177083333333333 0.3113148148148148 0.00575 0.018444444444444447
1 0.6791614583333333 0.3159166666666667 0.09875520833333334 0.06996296296296296
1 0.550296875 0.3167314814814815 0.06190104166666666 0.056407407407407406
5 0.6253333333333334 0.3240555555555556 0.00696875 0.04935185185185185
1 0.5478541666666668 0.3262222222222222 0.055802083333333335 0.04610185185185185
1 0.5377916666666667 0.3327314814814815 0.03933333333333333 0.04393518518518519
1 0.6039791666666667 0.3340925925925926 0.03808854166666666 0.052064814814814814
3 0.6941510416666666 0.35426851851851854 0.014531249999999999 0.02625925925925926
3 0.609125 0.35841666666666666 0.020291666666666666 0.01374074074074074
0 0.5754635416666667 0.36364814814814816 0.04450520833333334 0.0884074074074074
3 0.6948958333333334 0.3675925925925926 0.01365625 0.0355462962962963
3 0.61571875 0.3937314814814815 0.024817708333333334 0.055296296296296295
0 0.7234010416666667 0.3978148148148148 0.04446354166666667 0.11769444444444445
3 0.6139479166666667 0.40949074074074077 0.0006197916666666666 0.0003981481481481481
3 0.5913020833333333 0.4265833333333333 0.05558333333333333 0.03306481481481482
3 0.5849791666666667 0.43849074074074074 0.05484375 0.03306481481481482
3 0.7849375 0.44065740740740744 0.028947916666666667 0.03450925925925926
3 0.764109375 0.4461296296296296 0.05071875 0.06397222222222222
3 0.7818645833333334 0.45664814814814814 0.054984374999999995 0.037879629629629624
3 0.5794010416666667 0.46825 0.06748958333333334 0.09259259259259259
3 0.5529895833333334 0.48676851851851854 0.07121875000000001 0.06349074074074074
3 0.8081354166666667 0.5029444444444444 0.0270625 0.06144444444444445
3 0.546296875 0.5059537037037036 0.08461458333333334 0.08598148148148148
3 0.8368854166666666 0.5145462962962963 0.06932291666666666 0.05026851851851852
3 0.8599479166666666 0.5476203703703704 0.06784375 0.06878703703703705
3 0.526578125 0.5529074074074074 0.10470833333333333 0.13491666666666668
3 0.8729635416666667 0.5608425925925926 0.074546875 0.07142592592592592
3 0.4774791666666667 0.5767222222222222 0.10026041666666667 0.11639814814814814
3 0.8833802083333333 0.594574074074074 0.067109375 0.09126851851851851
3 0.47115625 0.6071388888888889 0.10101041666666667 0.1587314814814815
3 0.438421875 0.6243425925925925 0.13672916666666665 0.17195370370370372
3 0.8313072916666666 0.6256574074074075 0.08494270833333334 0.1111111111111111
3 0.9231822916666667 0.644175925925926 0.09465104166666666 0.12962962962962962
5 0.12672395833333333 0.6620370370370371 0.05719791666666666 0.25462962962962965
3 0.021067708333333334 0.6701388888888888 0.04213541666666667 0.15046296296296297
3 0.36477604166666666 0.6865092592592592 0.13378125000000002 0.17989814814814814
3 0.8618072916666667 0.7023796296296296 0.11025 0.15608333333333332
2 0.6446145833333333 0.7333333333333333 0.30319270833333334 0.5333333333333333
3 0.9859947916666666 0.7420648148148148 0.028005208333333333 0.042324074074074076
3 0.8748281250000001 0.7466944444444444 0.119921875 0.17857407407407408
3 0.9012395833333334 0.7923240740740741 0.13555729166666666 0.15079629629629632
3 0.9804166666666667 0.7969537037037038 0.03916666666666667 0.08068518518518518
5 0.36234895833333336 0.9039351851851852 0.109171875 0.1875