3 0.715390625 0.09988888888888889 0.024385416666666666 0.02100925925925926
3 0.7074791666666667 0.10862037037037037 0.018578125 0.022796296296296297
3 0.6971666666666666 0.12785185185185186 0.01718229166666667 0.04273148148148148
5 0.7199010416666667 0.13240740740740742 0.016510416666666666 0.06851851851851852
0 0.6703333333333333 0.1328148148148148 0.05071875 0.08622222222222223
0 0.754265625 0.13425925925925927 0.036286458333333334 0.07592592592592592
5 0.670171875 0.15231481481481482 0.018093750000000002 0.08796296296296297
3 0.721984375 0.15787037037037038 0.012343749999999999 0.023148148148148147
5 0.657671875 0.16018518518518518 0.016015625 0.08703703703703704
1 0.5943958333333333 0.17407407407407408 0.12279166666666666 0.10925925925925926
3 0.7576510416666667 0.17731481481481481 0.026390625 0.03796296296296296
3 0.7297916666666667 0.18564814814814815 0.02900520833333333 0.028703703703703703
3 0.49234374999999997 0.2066111111111111 0.033265625 0.06322222222222222
3 0.7175572916666667 0.21435185185185185 0.031614583333333335 0.04537037037037037
3 0.42542708333333334 0.2861111111111111 0.027567708333333333 0.06296296296296296
5 0.40616145833333334 0.2884259259259259 0.025489583333333333 0.11018518518518519
2 0.6838854166666667 0.3055555555555556 0.19756770833333331 0.18981481481481483
5 0.65721875 0.3615462962962963 0.03224479166666667 0.18894444444444444
5 0.5675885416666666 0.3723425925925926 0.030880208333333332 0.13032407407407406
5 0.270578125 0.4027777777777778 0.03501041666666667 0.125
5 0.2601614583333333 0.4201388888888889 0.029807291666666666 0.13657407407407407
5 0.232171875 0.44560185185185186 0.03372395833333333 0.12731481481481483
5 0.2009270833333333 0.45949074074074076 0.025927083333333333 0.14583333333333334
5 0.16773437500000002 0.4710648148148148 0.04026041666666667 0.13194444444444445
3 0.20667708333333332 0.48148148148148145 0.042281250000000006 0.0793611111111111
3 0.16092708333333333 0.5271203703703703 0.040067708333333334 0.08598148148148148
5 0.10980208333333333 0.5277777777777778 0.020755208333333334 0.08796296296296297
5 0.06163541666666667 0.6215277777777778 0.0311875 0.09490740740740741
3 0.7339583333333334 0.06712962962962964 0.00684375 0.012564814814814815
3 0.015369791666666667 0.6743796296296297 0.029489583333333333 0.1512314814814815
3 0.65134375 0.7168888888888889 0.15592187500000002 0.1773425925925926
3 0.7320156250000001 0.07389814814814814 0.009958333333333335 0.02100925925925926
3 0.7238020833333334 0.08315740740740742 0.01596875 0.02100925925925926
3 0.7173906250000001 0.0908148148148148 0.020380208333333334 0.020657407407407406