4 0.11624999999999999 0.20889814814814817 0.04588020833333333 0.07702777777777778
4 0.18719791666666669 0.2495277777777778 0.079203125 0.15836111111111112
3 0.47141145833333337 0.2725648148148148 0.05420833333333333 0.0628888888888889
4 0.32067187500000005 0.2831111111111111 0.11066145833333334 0.2375
5 0.24706770833333333 0.3015185185185185 0.016973958333333334 0.042499999999999996
5 0.025015625 0.31145370370370373 0.028192708333333334 0.16920370370370372
3 0.5636927083333333 0.3214074074074074 0.04652083333333333 0.09200925925925926
5 0.23001041666666666 0.3223888888888889 0.030932291666666667 0.08488888888888889
3 0.5798229166666666 0.3269537037037037 0.043265624999999995 0.09286111111111112
3 0.5919322916666666 0.3317777777777778 0.047421874999999995 0.0947962962962963
3 0.6171458333333334 0.3376388888888889 0.04796875 0.10170370370370371
5 0.39332291666666663 0.34180555555555553 0.03144270833333333 0.15803703703703703
3 0.6349479166666666 0.34294444444444444 0.04724479166666666 0.10524074074074073
3 0.6563229166666668 0.3525 0.05383854166666667 0.10089814814814815
5 0.4468697916666667 0.35300925925925924 0.04874479166666667 0.18441666666666665
3 0.6713229166666667 0.3722592592592593 0.055828125 0.09093518518518517
3 0.6918385416666666 0.37796296296296295 0.05655208333333333 0.1084537037037037
3 0.7197656250000001 0.38522222222222224 0.047088541666666664 0.11446296296296296
3 0.7479947916666667 0.398287037037037 0.056328125 0.11198148148148147
3 0.7704062500000001 0.40417592592592594 0.05235416666666667 0.12329629629629629
3 0.80796875 0.4197962962962963 0.055572916666666666 0.11750925925925926
3 0.8308177083333333 0.43730555555555556 0.05134895833333333 0.12117592592592594
3 0.850359375 0.4403888888888889 0.05813541666666667 0.1282314814814815
3 0.8861875 0.4538055555555556 0.0439375 0.13517592592592592
3 0.9004427083333333 0.46172222222222226 0.040791666666666664 0.14760185185185185
3 0.9237447916666667 0.481537037037037 0.039531250000000004 0.1406574074074074
3 0.9495729166666667 0.48691666666666666 0.03676041666666666 0.15275
3 0.9793645833333334 0.49845370370370373 0.035359375 0.14714814814814814
3 0.9930625000000001 0.5362962962962964 0.013875 0.09698148148148147