3 0.7272656249999999 0.09722222222222222 0.010067708333333333 0.013620370370370371
3 0.7090364583333333 0.09858333333333333 0.007317708333333334 0.02287962962962963
3 0.7353854166666667 0.11791666666666666 0.012296875 0.046296296296296294
5 0.7197135416666666 0.12437037037037037 0.015994791666666668 0.07577777777777778
3 0.7012291666666666 0.13208333333333333 0.012526041666666666 0.03866666666666666
0 0.6698177083333333 0.13685185185185186 0.051609375 0.0936111111111111
0 0.7558125 0.14041666666666666 0.03453125 0.09272222222222222
3 0.636609375 0.17050925925925928 0.03181770833333333 0.03878703703703704
3 0.6218177083333334 0.17474074074074075 0.031822916666666666 0.04190740740740741
3 0.600875 0.17652777777777778 0.024557291666666665 0.032990740740740744
3 0.705546875 0.17675 0.011234375 0.01649074074074074
3 0.7451614583333334 0.18900925925925927 0.04192708333333333 0.04547222222222222
5 0.6124114583333333 0.1961388888888889 0.013020833333333334 0.02675
3 0.7119427083333334 0.1961388888888889 0.008473958333333333 0.016935185185185185
3 0.5898541666666667 0.1970185185185185 0.033088541666666665 0.05349074074074074
3 0.5757864583333333 0.20862037037037037 0.03606770833333333 0.06240740740740741
3 0.7071770833333333 0.21910185185185185 0.033046875 0.028972222222222222
3 0.5604947916666667 0.22912962962962963 0.048609374999999996 0.04457407407407407
3 0.5361770833333334 0.2447314814814815 0.04159895833333334 0.05795370370370371
1 0.7291302083333334 0.24807407407407409 0.10006770833333332 0.06552777777777777
3 0.5272760416666666 0.2558796296296296 0.045359375 0.05884259259259259
3 0.48902604166666663 0.26278703703703704 0.040567708333333334 0.014712962962962964
3 0.5162447916666667 0.26925000000000004 0.041854166666666665 0.05081481481481482
1 0.6305885416666667 0.2708055555555556 0.11210416666666667 0.16092592592592594
3 0.4115729166666667 0.28841666666666665 0.034578125 0.04903703703703704
5 0.5030677083333334 0.28975 0.017 0.03655555555555555
3 0.4720989583333333 0.2924259259259259 0.043333333333333335 0.06953703703703704
5 0.706546875 0.29510185185185184 0.019255208333333333 0.03833333333333333
1 0.6976354166666667 0.3015648148148148 0.17545312500000002 0.0994074074074074
3 0.464203125 0.30468518518518517 0.04559375 0.05750925925925926
3 0.4315104166666667 0.3249722222222223 0.04485416666666667 0.05973148148148149
2 0.33968750000000003 0.35097222222222224 0.10958333333333334 0.19767592592592592
5 0.23577083333333335 0.42683333333333334 0.028536458333333334 0.0726574074074074
1 0.6695885416666666 0.42883333333333334 0.22918750000000002 0.22645370370370368
3 0.21768749999999998 0.48138888888888887 0.038864583333333334 0.09172222222222222
3 0.24680208333333334 0.4819537037037037 0.02303125 0.0512037037037037
5 0.44061979166666665 0.5003796296296296 0.05559895833333333 0.16805555555555557
3 0.208984375 0.5072777777777778 0.045510416666666664 0.08722222222222223
5 0.146125 0.5128611111111111 0.03530208333333333 0.06641666666666667
3 0.18728124999999998 0.5238703703703703 0.03819791666666667 0.08777777777777777
3 0.16259895833333332 0.5280925925925927 0.040734374999999996 0.08834259259259258
5 0.3788229166666667 0.5409444444444444 0.054364583333333334 0.2001574074074074
5 0.12819791666666666 0.54875 0.0360625 0.13016666666666668
3 0.09471875 0.5747962962962962 0.021453125 0.0399537037037037
3 0.15642708333333333 0.575925925925926 0.025229166666666667 0.04558333333333333
3 0.07905208333333333 0.6029351851851852 0.02177604166666667 0.04558333333333333
5 0.039203125 0.6053611111111111 0.022052083333333337 0.06864814814814815
5 0.057625 0.6064814814814815 0.0268125 0.10297222222222221
3 0.10200520833333333 0.6510462962962963 0.06715625 0.11816666666666667
3 0.05436979166666667 0.6667962962962963 0.033177083333333336 0.05851851851851852
3 0.021458333333333336 0.6856481481481481 0.0331875 0.11085185185185185
3 0.006526041666666666 0.6983148148148147 0.013052083333333332 0.10128703703703704
1 0.5930104166666667 0.7508518518518518 0.3438333333333333 0.3802222222222222
3 0.7307864583333333 0.07734259259259259 0.0195625 0.013074074074074073
3 0.7237395833333333 0.08387962962962964 0.031203124999999998 0.02287962962962963
2 0.03309375 0.8727592592592593 0.0661875 0.25449074074074074