5 0.69 0.2743055555555556 0.0038229166666666667 0.028546296296296295
5 0.6965416666666666 0.2919537037037037 0.005484375 0.014472222222222223
5 0.7022395833333334 0.29456481481481483 0.004505208333333333 0.016203703703703703
5 0.7063072916666666 0.2974537037037037 0.008083333333333333 0.015046296296296295
3 0.6830364583333334 0.3052685185185185 0.014927083333333334 0.016787037037037038
5 0.6928020833333334 0.30671296296296297 0.007760416666666667 0.023148148148148147
2 0.55484375 0.3200277777777778 0.06755729166666667 0.03587962962962963
1 0.7051666666666667 0.3278333333333333 0.033791666666666664 0.04687962962962963
1 0.619609375 0.33275925925925925 0.065578125 0.059027777777777776
5 0.6839270833333334 0.33525925925925926 0.009895833333333333 0.05015740740740741
5 0.6401197916666667 0.3449074074074074 0.015447916666666667 0.0763888888888889
1 0.7272916666666667 0.34982407407407407 0.060468749999999995 0.05961111111111111
3 0.625796875 0.36285185185185187 0.020661458333333334 0.02199074074074074
0 0.576328125 0.3732685185185185 0.04932291666666667 0.1099537037037037
3 0.6353229166666666 0.37533333333333335 0.014536458333333334 0.051111111111111114
3 0.6127812499999999 0.3998888888888889 0.0180625 0.04976851851851852
5 0.58609375 0.4039351851851852 0.024583333333333336 0.0787037037037037
0 0.7240416666666667 0.40480555555555553 0.0455 0.13021296296296295
3 0.763765625 0.43374074074074076 0.05268229166666667 0.02025
3 0.76728125 0.4503240740740741 0.05044791666666667 0.012462962962962964
3 0.776796875 0.4599351851851852 0.04984375 0.0202962962962963
3 0.5828333333333333 0.47453703703703703 0.061036458333333335 0.05092592592592592
3 0.7736927083333334 0.4791666666666667 0.0620625 0.016027777777777776
3 0.5483333333333333 0.49189814814814814 0.06755729166666667 0.016203703703703703
3 0.781203125 0.4960833333333333 0.06225520833333333 0.024925925925925928
3 0.7955208333333333 0.5060555555555555 0.06365625 0.022083333333333333
3 0.8320729166666666 0.5242129629629629 0.061036458333333335 0.034185185185185187
3 0.7787968749999999 0.5327592592592593 0.04984375 0.037750000000000006
3 0.5481822916666667 0.5413981481481481 0.081578125 0.0827962962962963
3 0.8556145833333333 0.5539537037037037 0.05723958333333334 0.010324074074074074
3 0.8008385416666666 0.5701574074074074 0.05666145833333334 0.048435185185185185
3 0.535640625 0.5704907407407407 0.085140625 0.08774074074074074
3 0.8691302083333333 0.5714074074074074 0.07345833333333333 0.01887037037037037
3 0.8757395833333333 0.5966851851851851 0.06383854166666666 0.02884259259259259
3 0.47850000000000004 0.5971666666666667 0.09455729166666667 0.08785185185185185
3 0.9240364583333334 0.6157407407407407 0.05754166666666667 0.04136111111111111
3 0.8113802083333332 0.6166666666666667 0.08570833333333333 0.05555555555555555
3 0.453625 0.6230833333333333 0.10209375000000001 0.07949074074074074
3 0.8533124999999999 0.638175925925926 0.08748958333333333 0.03917592592592593
3 0.7432031250000001 0.6527407407407407 0.06864583333333334 0.11535185185185184
3 0.9580520833333334 0.6614166666666667 0.07835416666666667 0.04752777777777777
3 0.4405625 0.6627592592592593 0.11243229166666667 0.10097222222222221
3 0.02041666666666667 0.6678240740740741 0.04083333333333334 0.1412037037037037
3 0.8650260416666666 0.675037037037037 0.09409375 0.041666666666666664
3 0.4279114583333333 0.6905555555555555 0.10796875 0.1313425925925926
3 0.9710677083333333 0.7095648148148148 0.057859375000000005 0.04382407407407407
3 0.3602135416666667 0.7112314814814815 0.11840625 0.13541666666666666
3 0.865015625 0.7200648148148148 0.10408333333333333 0.046296296296296294
3 0.9783645833333333 0.7527777777777778 0.04051041666666667 0.02900925925925926
3 0.8683125 0.7595648148148149 0.11067708333333333 0.046296296296296294
3 0.762609375 0.7969166666666666 0.06455208333333333 0.25678703703703704
3 0.9781927083333334 0.7993796296296297 0.04224479166666666 0.06666666666666667
3 0.865125 0.8644537037037037 0.14134895833333333 0.15361111111111111