5 0.262796875 0.2222222222222222 0.0121015625 0.021361111111111112
5 0.11258593750000001 0.2419861111111111 0.005984375 0.011750000000000002
5 0.22457031249999998 0.2554166666666667 0.008828125000000001 0.03266666666666666
3 0.1113828125 0.2564166666666667 0.008390625 0.021361111111111112
5 0.2676015625 0.2574722222222222 0.015703125000000002 0.05341666666666667
5 0.23191406250000002 0.2586805555555556 0.01103125 0.035930555555555556
5 0.1723359375 0.2725694444444444 0.013218750000000001 0.06156944444444444
3 0.2682890625 0.2823611111111111 0.016875 0.03429166666666667
5 0.394890625 0.2874722222222222 0.0151796875 0.0742638888888889
3 0.22934375 0.29509722222222223 0.016523437499999998 0.034944444444444445
3 0.402875 0.32734722222222223 0.034046875 0.04618055555555556