3 0.7105885416666666 0.12055555555555554 0.029458333333333333 0.05274074074074074
3 0.7113854166666667 0.12746296296296297 0.010619791666666666 0.033277777777777774
3 0.7006197916666667 0.13075925925925927 0.01203125 0.039870370370370375
0 0.6703229166666667 0.13766666666666666 0.053468749999999995 0.09136111111111112
0 0.7516041666666666 0.1400462962962963 0.038734375 0.08564814814814815
3 0.6352604166666667 0.1652962962962963 0.033499999999999995 0.049916666666666665
3 0.6212239583333333 0.17832407407407408 0.03191145833333334 0.04081481481481481
3 0.7094427083333333 0.18209259259259258 0.01975 0.04458333333333333
3 0.7444895833333334 0.1855462962962963 0.041453125 0.049601851851851855
3 0.6027708333333333 0.1894722222222222 0.026447916666666668 0.04426851851851852
3 0.5837916666666667 0.20422222222222222 0.039697916666666666 0.05368518518518518
3 0.493734375 0.21175925925925926 0.036932291666666665 0.06373148148148149
3 0.5707239583333333 0.21396296296296297 0.03934895833333333 0.06562037037037037
3 0.7075 0.21756481481481482 0.035994791666666665 0.037675925925925925
3 0.55871875 0.23106481481481483 0.046765625000000005 0.04332407407407407
3 0.5378645833333333 0.24613888888888888 0.042859375000000005 0.06467592592592591
1 0.733375 0.2523148148148148 0.10383333333333335 0.06481481481481481
3 0.5268333333333334 0.2561851851851852 0.04375 0.05713888888888889
3 0.5145625 0.2684259259259259 0.04428125 0.06278703703703704
1 0.6318489583333334 0.26967592592592593 0.10963541666666667 0.16435185185185186
3 0.48930208333333336 0.2814537037037037 0.04427604166666667 0.05431481481481481
3 0.4110833333333333 0.2818333333333333 0.04571354166666666 0.07302777777777779
3 0.4756197916666667 0.2883611111111111 0.036333333333333336 0.07251851851851851
1 0.6988697916666666 0.30439814814814814 0.17284375000000002 0.09490740740740741
5 0.45828125 0.3052037037037037 0.024088541666666668 0.1253611111111111
3 0.4731510416666667 0.30830555555555555 0.027859375000000002 0.050861111111111114
3 0.4307708333333334 0.32666666666666666 0.045885416666666665 0.05996296296296297
1 0.6689635416666667 0.43171296296296297 0.23332291666666669 0.2199074074074074
3 0.21893229166666667 0.4416481481481482 0.01838020833333333 0.031824074074074074
3 0.20578125 0.45322222222222225 0.01973958333333333 0.03375
3 0.16768229166666665 0.4934814814814815 0.011890624999999998 0.02362962962962963
5 0.14190624999999998 0.5074629629629629 0.027057291666666667 0.053518518518518514
3 0.12550520833333334 0.5380833333333334 0.02733333333333333 0.02988888888888889
3 0.11560416666666667 0.5650833333333333 0.034656250000000006 0.03953703703703704
3 0.096625 0.5766481481481481 0.03303645833333333 0.054
3 0.08103125000000001 0.6019629629629629 0.029520833333333333 0.06509259259259259
5 0.059203125 0.6265555555555555 0.031421875 0.14994444444444444
5 0.03710416666666667 0.6388518518518519 0.03875520833333333 0.14657407407407408
2 0.3460989583333333 0.6446759259259259 0.20196874999999997 0.34953703703703703
3 0.10909375 0.6525925925925925 0.06503125 0.13066666666666668
3 0.05621875 0.664888888888889 0.028171875000000002 0.05496296296296296
3 0.022052083333333337 0.6766944444444445 0.033604166666666664 0.11330555555555556
3 0.0093125 0.7056296296296297 0.017885416666666668 0.07859259259259259
1 0.6585572916666667 0.7800925925925926 0.37392187499999996 0.4027777777777778