5 0.5650677083333334 0.2015648148148148 0.004989583333333334 0.027064814814814816
5 0.6408854166666667 0.25512962962962965 0.004364583333333334 0.023777777777777776
5 0.6460208333333333 0.2563796296296296 0.004229166666666667 0.022768518518518518
5 0.6569322916666667 0.25662962962962965 0.004369791666666667 0.024277777777777777
5 0.6524322916666667 0.29085185185185186 0.008708333333333334 0.038768518518518515
5 0.7001875 0.2916666666666667 0.008807291666666666 0.018518518518518517
5 0.5784635416666667 0.2951388888888889 0.007552083333333333 0.011574074074074073
5 0.7053906249999999 0.29976851851851855 0.008807291666666666 0.02546296296296296
5 0.6936770833333333 0.30671296296296297 0.011416666666666667 0.03009259259259259
3 0.68521875 0.3165648148148148 0.008885416666666666 0.02702777777777778
2 0.5591302083333333 0.3235 0.065796875 0.04513888888888889
3 0.6918958333333334 0.33375 0.012380208333333333 0.02273148148148148
5 0.6721927083333333 0.3449074074074074 0.012723958333333334 0.06944444444444445
0 0.6255260416666667 0.36285185185185187 0.03978125 0.0775462962962963
1 0.7267343749999999 0.3761574074074074 0.061078125 0.11342592592592593
0 0.5985052083333334 0.4039351851851852 0.04810416666666666 0.13194444444444445
5 0.6494114583333332 0.4050925925925926 0.02184375 0.11574074074074074
3 0.6489270833333334 0.41725 0.0486875 0.06365740740740741
3 0.7612239583333333 0.4449722222222222 0.04691666666666667 0.032407407407407406
3 0.573421875 0.4531296296296296 0.04741145833333334 0.07291666666666667
3 0.7676927083333334 0.4561851851851852 0.06001041666666666 0.03966666666666667
3 0.7780781250000001 0.46075 0.05652083333333333 0.021046296296296296
3 0.5506354166666667 0.4837962962962963 0.07736458333333333 0.041666666666666664
3 0.786109375 0.49115740740740743 0.08153125 0.037879629629629624
3 0.7899062499999999 0.5057870370370371 0.08586979166666667 0.027777777777777776
3 0.8322239583333333 0.5202592592592593 0.067625 0.017361111111111112
3 0.8511093750000001 0.5254629629629629 0.069078125 0.05324074074074074
3 0.543796875 0.5405092592592593 0.08713020833333333 0.08564814814814815
3 0.8654322916666667 0.5497685185185185 0.07298958333333333 0.041666666666666664
3 0.7778697916666667 0.5538240740740741 0.056578125 0.08912037037037036
3 0.5294791666666667 0.5642407407407407 0.09755208333333334 0.09606481481481481
3 0.475453125 0.5729166666666666 0.09366145833333334 0.03935185185185185
3 0.8735677083333333 0.5746574074074075 0.07103645833333333 0.03125
5 0.6064583333333334 0.5804444444444444 0.05625 0.22337962962962962
3 0.7944687500000001 0.5891203703703703 0.06503125 0.1087962962962963
3 0.8817031249999999 0.5931759259259259 0.06908854166666667 0.03125
3 0.4513697916666667 0.6041666666666666 0.11059375 0.05324074074074074
3 0.9253177083333333 0.6238425925925926 0.06389583333333333 0.0787037037037037
3 0.8146458333333333 0.6383148148148148 0.09366666666666666 0.09837962962962964
3 0.43997395833333336 0.6446759259259259 0.11515625 0.1388888888888889
3 0.019114583333333334 0.6701388888888888 0.03822916666666667 0.15046296296296297
3 0.9646979166666667 0.6805555555555556 0.06977083333333334 0.1412037037037037
5 0.158609375 0.6805555555555556 0.06367708333333334 0.3101851851851852
3 0.8559791666666666 0.6834537037037037 0.10341666666666667 0.1099537037037037
3 0.360234375 0.6863425925925926 0.13276041666666666 0.1736111111111111
3 0.4240260416666667 0.6886574074074074 0.13013541666666667 0.1412037037037037
3 0.870625 0.7199074074074074 0.11057291666666667 0.0763888888888889
3 0.9695677083333333 0.7459537037037037 0.059765625 0.11458333333333333
3 0.8729010416666667 0.7621574074074075 0.12684375 0.06597222222222222
3 0.9786302083333334 0.7939814814814815 0.042734375 0.06944444444444445
3 0.8689947916666667 0.8582222222222222 0.13986458333333335 0.15856481481481483
3 0.8820208333333334 0.875 0.06434895833333333 0.06944444444444445