5 0.22965104166666667 0.2048611111111111 0.00653125 0.023324074074074077
5 0.15705729166666668 0.20862962962962964 0.006505208333333333 0.03017592592592593
5 0.16130208333333332 0.21012962962962964 0.006744791666666666 0.034055555555555554
4 0.206609375 0.26510185185185187 0.10330729166666666 0.16737037037037036
5 0.5889635416666666 0.28075925925925926 0.019197916666666665 0.05138888888888889
5 0.6228645833333334 0.28361111111111115 0.02275 0.08501851851851851
4 0.31850520833333335 0.2896851851851852 0.11642708333333333 0.27037037037037037
3 0.56828125 0.3299259259259259 0.03993229166666667 0.06344444444444444
5 0.82134375 0.3343703703703704 0.024786458333333334 0.09072222222222223
3 0.59165625 0.3356388888888889 0.033854166666666664 0.057101851851851855
3 0.62253125 0.35594444444444445 0.05134895833333333 0.07360185185185185
3 0.64821875 0.35974999999999996 0.04063541666666667 0.07106481481481482
3 0.6687395833333334 0.3683148148148148 0.05026041666666667 0.07550000000000001
3 0.7136979166666666 0.3816388888888889 0.058807291666666664 0.08946296296296297
3 0.7452760416666667 0.3984537037037037 0.05272916666666667 0.08375
5 0.9863697916666666 0.43072222222222223 0.023494791666666667 0.09597222222222222
3 0.8294739583333333 0.43162962962962964 0.07284895833333334 0.10456481481481482
5 0.9046927083333334 0.46875 0.029802083333333333 0.1087962962962963
3 0.885625 0.5879629629629629 0.08312499999999999 0.1450648148148148
5 0.980703125 0.6481481481481481 0.038593749999999996 0.17592592592592593
5 0.9548072916666667 0.6620370370370371 0.051911458333333334 0.16666666666666666
3 0.94634375 0.8541666666666666 0.09169270833333334 0.26851851851851855