4 0.7249140625 0.15519444444444444 0.0189921875 0.034416666666666665
5 0.7468203124999999 0.16259722222222223 0.0044453125000000005 0.008152777777777778
3 0.746390625 0.1715 0.0035390625 0.008458333333333333
5 0.7506406250000001 0.17847222222222223 0.0055078125 0.025694444444444443
5 0.6687031250000001 0.18659722222222222 0.010046875 0.039
1 0.7815937500000001 0.196875 0.040078125 0.03611111111111111
4 0.70384375 0.19818055555555555 0.049085937499999996 0.07372222222222222
5 0.6857656249999999 0.2222222222222222 0.0150234375 0.03679166666666667
3 0.684921875 0.247 0.0162890625 0.04054166666666667
5 0.8004296875 0.5162083333333334 0.06674218750000001 0.18981944444444443
5 0.5812109375000001 0.5498472222222222 0.062179687500000004 0.1105
5 0.5217265624999999 0.5511527777777777 0.026703125 0.07422222222222222
3 0.7887187499999999 0.5752361111111112 0.1266171875 0.1597222222222222
5 0.5419921875 0.5790833333333333 0.0317734375 0.042444444444444444