3 0.7450885416666666 0.9375 0.10382291666666667 0.125
5 0.644953125 0.27811111111111114 0.009635416666666667 0.014546296296296297
5 0.6231875 0.29282407407407407 0.010755208333333332 0.0360462962962963
3 0.6461614583333334 0.29612962962962963 0.006473958333333333 0.020175925925925924
5 0.6583385416666666 0.30852777777777773 0.009994791666666667 0.05026851851851852
5 0.6702395833333333 0.31266666666666665 0.011479166666666667 0.05522222222222222
1 0.5597604166666666 0.31431481481481477 0.042 0.03075
5 0.6958229166666666 0.32060185185185186 0.010187499999999999 0.03869444444444444
1 0.5506458333333334 0.32489814814814816 0.027869791666666664 0.034722222222222224
1 0.6091354166666666 0.33796296296296297 0.034359375 0.058861111111111114
5 0.7914270833333333 0.3568148148148148 0.015015625 0.0667962962962963
5 0.7460416666666667 0.35912962962962963 0.010182291666666668 0.05225
5 0.6394635416666666 0.35929629629629634 0.013536458333333333 0.07903703703703703
5 0.625421875 0.3602870370370371 0.017447916666666667 0.07969444444444444
0 0.5749166666666666 0.36772222222222223 0.04627604166666666 0.08002777777777778
5 0.6960989583333334 0.3915370370370371 0.016322916666666666 0.1111111111111111
0 0.7245572916666667 0.411212962962963 0.04571354166666666 0.14781481481481482
5 0.650859375 0.411462962962963 0.018703124999999998 0.11226851851851852
5 0.6700625 0.41725 0.012838541666666667 0.11689814814814815
5 0.5841302083333333 0.41864814814814816 0.023786458333333333 0.0720925925925926
3 0.7605520833333334 0.4327037037037037 0.04961979166666666 0.01686111111111111
3 0.76334375 0.44278703703703703 0.048130208333333334 0.012564814814814815
5 0.6127812499999999 0.44675925925925924 0.02588020833333333 0.15046296296296297
3 0.768921875 0.45023148148148145 0.050734375 0.01686111111111111
3 0.7788697916666667 0.46081481481481484 0.05240104166666667 0.018185185185185186
3 0.77478125 0.4776759259259259 0.06095833333333334 0.020175925925925924
3 0.57975 0.48131481481481486 0.06710416666666667 0.07175925925925926
3 0.5524947916666666 0.4842962962962963 0.07584375 0.03009259259259259
3 0.784171875 0.4904074074074074 0.061140625 0.03373148148148148
3 0.7945885416666666 0.5039722222222222 0.06746354166666667 0.028435185185185185
3 0.5474739583333333 0.5042962962962962 0.08328125 0.046953703703703706
3 0.831703125 0.5221574074074073 0.059104166666666666 0.02512962962962963
3 0.5012135416666667 0.5228148148148148 0.0304375 0.046953703703703706
3 0.7863229166666666 0.53075 0.062093749999999996 0.04034259259259259
3 0.4513697916666667 0.5486111111111112 0.051281249999999994 0.06547222222222222
3 0.8621197916666666 0.5547314814814815 0.07418229166666666 0.03274074074074074
3 0.7944114583333334 0.5639907407407407 0.06525520833333334 0.06051851851851852
3 0.42161458333333335 0.5694444444444444 0.048317708333333334 0.06746296296296296
3 0.8744895833333334 0.5720925925925926 0.08031770833333333 0.03769444444444445
3 0.8798802083333332 0.6064814814814815 0.066921875 0.044972222222222226
3 0.39351041666666664 0.6094537037037038 0.026333333333333334 0.05357407407407407
3 0.924609375 0.6175555555555556 0.07155729166666666 0.0763888888888889
3 0.8152395833333334 0.618712962962963 0.09016145833333335 0.0667962962962963
3 0.3842083333333333 0.6352500000000001 0.03303125 0.07737962962962962
3 0.854953125 0.6423611111111112 0.10448958333333333 0.09887962962962964
3 0.7505989583333333 0.6547592592592593 0.07695833333333332 0.12764814814814815
3 0.9619583333333334 0.6622777777777777 0.07504166666666667 0.059453703703703696
3 0.021718750000000002 0.6724537037037037 0.043437500000000004 0.14583333333333334
3 0.8635052083333333 0.675425925925926 0.11155208333333334 0.09425
3 0.8267656250000001 0.7038703703703704 0.11805729166666666 0.08366666666666667
3 0.34915625 0.7123055555555555 0.10550520833333334 0.1388888888888889
3 0.9709947916666667 0.7448796296296296 0.05801041666666666 0.12329629629629629
3 0.874390625 0.7531388888888889 0.12327604166666667 0.06382407407407407
2 0.5479843750000001 0.7557870370370371 0.3429010416666667 0.48842592592592593
3 0.9772968750000001 0.7816759259259259 0.04540625 0.12573148148148147
3 0.8734583333333333 0.8052222222222222 0.141875 0.11772222222222223
3 0.9800364583333334 0.8055555555555556 0.039921875 0.08382407407407408
3 0.7625416666666667 0.8447870370370371 0.07203645833333333 0.2422037037037037