4 0.6249583333333334 0.24189814814814814 0.01891666666666667 0.024425925925925924
4 0.6518958333333333 0.24584259259259258 0.007442708333333333 0.02538888888888889
5 0.6429739583333334 0.24814814814814815 0.0027916666666666667 0.01538888888888889
5 0.637078125 0.25150925925925927 0.002901041666666667 0.013657407407407408
1 0.6050572916666667 0.2520925925925926 0.020453125000000003 0.0125
5 0.6486510416666668 0.2529537037037037 0.0039791666666666664 0.021546296296296296
5 0.6405937500000001 0.2533425925925926 0.0032239583333333335 0.017694444444444443
5 0.652734375 0.2685462962962963 0.0039947916666666665 0.010981481481481481
5 0.6539947916666667 0.2938796296296296 0.006052083333333333 0.03356481481481482
2 0.595828125 0.29870370370370375 0.020447916666666666 0.023342592592592592
5 0.5908177083333332 0.3021203703703704 0.005588541666666667 0.011796296296296296
2 0.6215364583333333 0.3025185185185185 0.010760416666666666 0.04423148148148148
1 0.5529114583333333 0.31024999999999997 0.05466666666666666 0.028398148148148148
2 0.7089583333333334 0.3116111111111111 0.08690625 0.08306481481481481
5 0.5816666666666667 0.3116759259259259 0.0074531250000000005 0.026851851851851852
5 0.7215364583333332 0.31219444444444444 0.006046874999999999 0.014055555555555556
1 0.5498437500000001 0.31457407407407406 0.056713541666666666 0.024314814814814817
1 0.5372604166666667 0.3253611111111111 0.0325625 0.03180555555555556
1 0.6410260416666667 0.32954629629629634 0.03264583333333333 0.05553703703703704
1 0.6045520833333333 0.3417222222222222 0.039385416666666666 0.05998148148148148
3 0.60525 0.3539907407407407 0.010828125 0.007268518518518518
5 0.7561718749999999 0.35707407407407404 0.009713541666666665 0.022611111111111113
5 0.6612239583333334 0.3590555555555555 0.017 0.04601851851851852
3 0.6123437500000001 0.362962962962963 0.024057291666666664 0.015675925925925926
3 0.6959062500000001 0.36383333333333334 0.016010416666666666 0.04546296296296296
3 0.6978385416666666 0.3648148148148148 0.010755208333333332 0.04005555555555555
0 0.5765572916666667 0.36830555555555555 0.044703124999999996 0.0817962962962963
3 0.6018645833333333 0.3931851851851852 0.009234375 0.044305555555555556
3 0.6171927083333333 0.39625 0.021177083333333332 0.05316666666666667
3 0.5563072916666666 0.40397222222222223 0.023880208333333333 0.028175925925925927
0 0.7228645833333334 0.4052407407407408 0.045083333333333336 0.12975925925925924
3 0.660453125 0.4075740740740741 0.010906250000000001 0.044972222222222226
3 0.5756718749999999 0.4154537037037037 0.04372395833333333 0.014314814814814815
3 0.5940104166666667 0.428287037037037 0.05433854166666666 0.014537037037037036
3 0.5980989583333333 0.44475925925925924 0.04564583333333334 0.03612962962962963
3 0.7692916666666666 0.4528611111111111 0.05963020833333333 0.050833333333333335
3 0.7825677083333333 0.4576851851851852 0.057140624999999994 0.021833333333333333
3 0.5863437499999999 0.46066666666666667 0.06097916666666667 0.05566666666666666
3 0.7830729166666667 0.47147222222222224 0.06700520833333333 0.017898148148148146
3 0.5802083333333333 0.48372222222222216 0.06327604166666666 0.06588888888888889
3 0.5536875 0.4842685185185185 0.06585416666666667 0.03297222222222222
3 0.8069375 0.4959907407407407 0.026218750000000002 0.04188888888888889
3 0.80925 0.5040462962962963 0.025119791666666665 0.02362962962962963
3 0.5478958333333334 0.509824074074074 0.08254166666666667 0.04780555555555556
3 0.833921875 0.5163981481481482 0.07205208333333334 0.029
3 0.8285885416666667 0.5350185185185186 0.0694375 0.027564814814814813
3 0.8618072916666667 0.5529166666666666 0.07264583333333333 0.031148148148148147
3 0.51634375 0.5656666666666667 0.09592708333333334 0.11416666666666667
3 0.809765625 0.5684907407407408 0.03340625 0.05369444444444445
5 0.5596510416666667 0.5726574074074074 0.03472916666666667 0.21447222222222223
3 0.8689531250000001 0.5754722222222222 0.07284375000000001 0.033296296296296296
3 0.8801406249999999 0.6126944444444444 0.058229166666666665 0.0690925925925926
3 0.47147916666666667 0.62625 0.10633854166666666 0.129
3 0.831609375 0.6311388888888889 0.08071354166666667 0.10166666666666667
3 0.9237447916666667 0.6465277777777778 0.09586458333333334 0.13460185185185186
3 0.4364739583333333 0.6509814814814814 0.13648437500000002 0.1224074074074074
5 0.13153125 0.6729537037037037 0.0605 0.26570370370370366
3 0.363671875 0.6862222222222222 0.13415625 0.17062962962962963
3 0.86525 0.7021944444444445 0.11539583333333334 0.15715740740740738
2 0.6461770833333333 0.7328518518518519 0.29522395833333337 0.5342962962962963
3 0.8779114583333333 0.7533888888888889 0.12177083333333334 0.1628888888888889
3 0.9804010416666666 0.7800555555555556 0.03919791666666667 0.11599074074074074
3 0.9808072916666667 0.800287037037037 0.038385416666666665 0.07625
3 0.8993645833333334 0.802074074074074 0.12721875 0.15930555555555556