5 0.2889791666666667 0.2125 0.015088541666666667 0.032407407407407406
5 0.24321354166666667 0.22427777777777777 0.014953125000000001 0.04114814814814815
1 0.11130729166666667 0.23302777777777778 0.05327083333333334 0.04218518518518519
4 0.19611458333333334 0.2489722222222222 0.08891145833333333 0.16666666666666666
5 0.6488072916666667 0.26378703703703704 0.020161458333333333 0.0962962962962963
5 0.6238125 0.2645092592592593 0.024333333333333332 0.09444444444444444
5 0.5436197916666666 0.2671296296296296 0.024364583333333335 0.06574074074074074
5 0.437765625 0.27139814814814817 0.024234375 0.11419444444444445
4 0.3242760416666667 0.2777777777777778 0.10910937500000001 0.2716018518518518
3 0.473375 0.2836944444444444 0.04730208333333333 0.06409259259259259
5 0.5016197916666667 0.31121296296296297 0.022838541666666667 0.143
3 0.5508854166666667 0.3184814814814815 0.06753645833333333 0.09637962962962963
3 0.2548489583333333 0.3256203703703704 0.039703125 0.09567592592592593
3 0.5840260416666666 0.3283888888888889 0.04130729166666667 0.10340740740740742
3 0.599 0.3359074074074074 0.042083333333333334 0.10318518518518519
3 0.6361458333333334 0.33612037037037035 0.046187500000000006 0.10142592592592593
3 0.6189635416666667 0.33674074074074073 0.047635416666666666 0.10986111111111112
3 0.6623333333333333 0.34144444444444444 0.06036458333333334 0.08461111111111111
2 0.8102083333333333 0.6388888888888888 0.37958333333333333 0.6790092592592593
3 0.2539739583333333 0.845675925925926 0.13169791666666666 0.30863888888888885