4 0.7276640624999999 0.15083333333333332 0.0232734375 0.047875
5 0.7402656249999999 0.17602777777777778 0.0052812499999999995 0.026305555555555558
5 0.7462421875 0.1773472222222222 0.004328125 0.026833333333333334
5 0.6783046875000001 0.18533333333333332 0.009093750000000001 0.03776388888888889
1 0.7834765625 0.19886111111111113 0.041249999999999995 0.03283333333333333
5 0.6564765625 0.2013888888888889 0.013242187499999999 0.029666666666666668
3 0.65440625 0.22501388888888887 0.008390625 0.019680555555555555
5 0.30436718749999997 0.3402777777777778 0.016984375 0.04722222222222222
5 0.2934296875 0.3458333333333333 0.0138671875 0.05277777777777778
5 0.2824921875 0.35 0.0169921875 0.07777777777777778
2 0.480859375 0.3514583333333334 0.081640625 0.15405555555555556
3 0.309046875 0.4095277777777778 0.0482265625 0.06666666666666667
5 0.052890625000000004 0.495 0.03278125 0.101125
5 0.041765625 0.5240694444444445 0.043929687499999995 0.13602777777777778
5 0.0316796875 0.5314027777777778 0.04659375 0.11837500000000001
3 0.0593984375 0.588375 0.089546875 0.10983333333333332