5 0.7298177083333334 0.09406481481481482 0.011661458333333334 0.041944444444444444
5 0.7098958333333333 0.0972962962962963 0.013953125 0.036055555555555556
0 0.7545468750000001 0.1300462962962963 0.036859375 0.07660185185185185
5 0.6552291666666666 0.13477777777777777 0.014901041666666667 0.037037037037037035
3 0.70259375 0.13594444444444445 0.012973958333333334 0.04461111111111111
5 0.6048697916666667 0.1444351851851852 0.012604166666666666 0.060703703703703704
5 0.6777916666666666 0.14515740740740743 0.021833333333333333 0.08828703703703702
5 0.7214791666666667 0.1460925925925926 0.018927083333333334 0.061731481481481484
5 0.5809427083333334 0.16597222222222222 0.016541666666666666 0.042555555555555555
5 0.6170416666666667 0.1702685185185185 0.01954166666666667 0.09619444444444444
3 0.7434218749999999 0.1839259259259259 0.047755208333333334 0.027777777777777776
5 0.652046875 0.18826851851851853 0.023583333333333335 0.06789814814814815
5 0.6320833333333333 0.19444444444444445 0.02069270833333333 0.06378703703703703
3 0.57971875 0.19907407407407407 0.03865104166666666 0.019546296296296294
3 0.5727760416666666 0.20422222222222222 0.038656249999999996 0.03600925925925926
3 0.5522343749999999 0.20678703703703705 0.032296874999999996 0.04526851851851852
3 0.49610937499999996 0.20936111111111114 0.03810416666666667 0.06481481481481481
3 0.6952552083333334 0.21969444444444444 0.0536875 0.040407407407407406
3 0.538640625 0.22325 0.037510416666666664 0.04321296296296297
3 0.530828125 0.23662962962962963 0.041562499999999995 0.04114814814814815
1 0.7316302083333334 0.24537037037037038 0.10404687500000001 0.06892592592592592
3 0.5157864583333333 0.2577129629629629 0.04041145833333334 0.07510185185185185
3 0.479625 0.27314814814814814 0.03174479166666667 0.03188888888888889
3 0.49813541666666666 0.28035185185185185 0.039838541666666664 0.06687037037037037
3 0.407296875 0.2896111111111111 0.04681770833333333 0.06481481481481481
1 0.6072291666666667 0.29577777777777775 0.15385416666666665 0.1450648148148148
1 0.605734375 0.2978425925925926 0.14855729166666667 0.13477777777777777
5 0.46300520833333336 0.29894444444444446 0.025171875 0.10052777777777777
5 0.44461979166666665 0.30400925925925926 0.025395833333333333 0.12037037037037036
1 0.6963281250000001 0.30503703703703705 0.17465104166666665 0.10596296296296297
3 0.42378645833333334 0.3220185185185185 0.03929166666666666 0.06584259259259259
1 0.6687395833333334 0.4309722222222222 0.23111458333333335 0.23344444444444445
1 0.486546875 0.44907407407407407 0.16480208333333335 0.2047314814814815
3 0.23683854166666668 0.46964814814814815 0.046177083333333334 0.07715740740740741
3 0.2145625 0.47993518518518524 0.043291666666666666 0.07715740740740741
3 0.20183333333333334 0.5046296296296297 0.05834375 0.08950925925925926
3 0.18303125 0.5246944444444444 0.04272395833333333 0.09876851851851852
3 0.163359375 0.5329259259259259 0.046203125 0.09876851851851852
2 0.09625520833333333 0.7728703703703704 0.19251041666666666 0.2741296296296296
1 0.6542864583333333 0.7777777777777778 0.36540625000000004 0.40123148148148147