5 0.686203125 0.17058333333333334 0.017947916666666668 0.0690925925925926
5 0.7095677083333333 0.17407407407407408 0.012703125000000001 0.06481481481481481
5 0.6617656249999999 0.1809074074074074 0.015552083333333333 0.05412962962962963
5 0.7220520833333333 0.18625 0.015130208333333334 0.10185185185185185
3 0.5179583333333333 0.25356481481481485 0.034828125 0.059833333333333336
2 0.692828125 0.30127777777777776 0.17953645833333332 0.19230555555555556
3 0.6709739583333333 0.39235185185185184 0.08284375000000001 0.05148148148148148
3 0.7601041666666667 0.4034907407407407 0.043958333333333335 0.029203703703703704
3 0.756296875 0.4291296296296296 0.050770833333333334 0.046296296296296294
3 0.6565520833333333 0.4491759259259259 0.10768749999999999 0.12597222222222224
3 0.7478854166666667 0.5003518518518518 0.07641145833333333 0.1303425925925926