3 0.5189739583333333 0.25720370370370366 0.03406770833333333 0.04938888888888889
2 0.6916770833333333 0.30863888888888885 0.18510416666666665 0.21481481481481482
3 0.6711510416666666 0.3950648148148148 0.07940625 0.03909259259259259
3 0.762859375 0.4072037037037037 0.0388125 0.038685185185185184
3 0.7576510416666667 0.4305555555555556 0.04691145833333333 0.05
3 0.6546302083333334 0.4591574074074074 0.10080729166666667 0.09937962962962962
3 0.7468333333333333 0.47808333333333336 0.07688541666666666 0.11913888888888888
5 0.7732760416666667 0.5467037037037038 0.028166666666666666 0.24156481481481482
5 0.59390625 0.5704722222222223 0.03676041666666666 0.0997962962962963
5 0.5553541666666667 0.6174907407407407 0.04091666666666667 0.1353888888888889
5 0.6757500000000001 0.6366296296296295 0.05046354166666667 0.1415648148148148
5 0.6095260416666667 0.6398148148148148 0.074296875 0.1685185185185185