3 0.5205104166666666 0.2576111111111111 0.03764583333333334 0.058916666666666666
2 0.6887864583333333 0.29012037037037036 0.17840104166666665 0.17284259259259258
3 0.66984375 0.4021203703703704 0.077515625 0.044972222222222226
3 0.7641927083333333 0.40641666666666665 0.038593749999999996 0.03802777777777778
3 0.7588489583333333 0.43969444444444444 0.047947916666666666 0.04277777777777778
3 0.6545104166666668 0.45555555555555555 0.098046875 0.09814814814814815
3 0.7468125000000001 0.4943611111111111 0.072015625 0.11883333333333333
5 0.5936927083333334 0.575398148148148 0.04478645833333333 0.10052777777777777
5 0.6284166666666666 0.6073703703703704 0.04278645833333334 0.0947962962962963
5 0.6749114583333333 0.6686481481481481 0.039546875 0.1582962962962963
5 0.7143333333333334 0.6761574074074074 0.033026041666666665 0.20214814814814813
5 0.7486822916666667 0.6959907407407407 0.034312499999999996 0.20678703703703705