3 0.5186875 0.25504629629629627 0.036453124999999996 0.055
2 0.6913854166666666 0.30400925925925926 0.18361979166666667 0.19444444444444445
3 0.7631666666666667 0.4027777777777778 0.041213541666666666 0.023666666666666666
3 0.679171875 0.4256388888888889 0.09788541666666667 0.107
3 0.75159375 0.4279814814814815 0.033109375 0.037037037037037035
5 0.7764687499999999 0.4315833333333333 0.014604166666666666 0.03600925925925926
3 0.6528125 0.4583333333333333 0.10172916666666666 0.10185185185185185
3 0.7478125 0.47993518518518524 0.07770833333333332 0.1388888888888889
5 0.7756666666666666 0.5608888888888889 0.035875 0.22053703703703703
5 0.5960416666666667 0.5787037037037037 0.040625 0.08796296296296297
5 0.5578229166666666 0.6137777777777778 0.043062500000000004 0.18210185185185185
5 0.676171875 0.63875 0.046489583333333334 0.14393518518518517
5 0.6274114583333333 0.6439351851851852 0.04303645833333333 0.15880555555555556