3 0.5193385416666667 0.25849074074074074 0.03222395833333333 0.05401851851851852
2 0.6905208333333334 0.30092592592592593 0.17840104166666665 0.18826851851851853
3 0.67046875 0.39814814814814814 0.07257291666666667 0.05400925925925926
3 0.7624531250000001 0.41011111111111115 0.04021875 0.05015740740740741
3 0.758328125 0.43171296296296297 0.050203125 0.059416666666666666
3 0.6573281249999999 0.45601851851851855 0.10334895833333334 0.10030555555555555
5 0.5542708333333334 0.4718333333333333 0.04263020833333333 0.20062037037037037
3 0.7504114583333333 0.4876574074074074 0.07944270833333333 0.14197222222222222
5 0.4090416666666667 0.5057870370370371 0.033765625 0.11342592592592593
5 0.3687235514322917 0.5057870370370371 0.3771160149040985 0.4861111111111111 0.400544762610744 0.5034722222222222 0.4233227117699826 0.5972222222222222 0.4461006609292212 0.6481481481481481 0.43633868271811893 0.6481481481481481 0.40119556115815075 0.6273148148148148 0.3842747989255735 0.5266203703703703
5 0.375484375 0.6819074074074074 0.04877604166666667 0.2048611111111111
5 0.43214583333333334 0.7164351851851852 0.074765625 0.18981481481481483