3 0.517859375 0.24902777777777776 0.035890624999999995 0.058638888888888886
2 0.6935885416666667 0.2943055555555556 0.18360416666666665 0.18927777777777777
3 0.7535052083333333 0.3967314814814815 0.02704166666666667 0.03785185185185185
3 0.6773177083333334 0.40712037037037035 0.10011979166666667 0.07793518518518519
3 0.74453125 0.410462962962963 0.020781249999999998 0.02375
3 0.6554010416666666 0.4546296296296296 0.10221354166666667 0.09426851851851852
3 0.7292916666666667 0.4768981481481481 0.04124479166666666 0.10168518518518518
5 0.7752135416666667 0.491 0.022026041666666666 0.18778703703703703
5 0.76665625 0.5399814814814814 0.036640624999999996 0.2486574074074074
5 0.5888333333333333 0.5796944444444445 0.044286458333333334 0.09946296296296296
5 0.547703125 0.6049351851851852 0.052994791666666666 0.14696296296296296
5 0.6764947916666666 0.6349907407407407 0.05015625 0.1343425925925926
5 0.6165833333333333 0.6502129629629629 0.06883333333333333 0.14845370370370373