3 0.513484375 0.24537037037037038 0.03613541666666666 0.06481481481481481
2 0.6905 0.29980555555555555 0.17894791666666665 0.1988425925925926
3 0.6789166666666666 0.39982407407407405 0.09533854166666668 0.07364814814814816
3 0.763203125 0.4079814814814815 0.040463541666666665 0.037333333333333336
3 0.7582916666666667 0.4290555555555556 0.051791666666666666 0.04899074074074074
3 0.6569895833333333 0.443537037037037 0.11019270833333333 0.12421296296296297
5 0.5545625 0.4874537037037037 0.04216145833333333 0.2113796296296296
5 0.44702604166666665 0.49236111111111114 0.030791666666666665 0.11367592592592592
3 0.747359375 0.5032592592592593 0.07488020833333334 0.13814814814814813
5 0.45233333333333337 0.5634907407407408 0.04334375 0.1892962962962963
5 0.47974479166666667 0.6512777777777777 0.06814583333333334 0.21308333333333332
5 0.41288541666666667 0.669611111111111 0.05736979166666667 0.21646296296296297